17.803030303030305,0.18502142181868983,28.74380165289256
17.803030303030305,0.1864228871903303,29.305785123966942
17.4469696969697,0.20837115513356627,36.21487603305785
17.4469696969697,0.20525485823114628,37.46280991735537
17.4469696969697,0.27073790573608486,38.37190082644628
17.4469696969697,0.27820246736888193,39.074380165289256
17.4469696969697,0.27911508490586806,40.239669421487605
17.4469696969697,0.6804105154105154,40.70247933884298
17.4469696969697,0.6913861782126979,40.90909090909091
17.4469696969697,0.6914166476663458,40.16528925619835
17.4469696969697,0.6756265065768499,41.34710743801653
17.12651515151515,0.6699213950764263,41.710743801652896
17.12651515151515,0.5296209198466139,41.88429752066116
17.12651515151515,0.5264706687830598,43.45454545454545
17.12651515151515,0.5249115717699337,43.8099173553719
17.12651515151515,0.5438309407310942,46.289256198347104
17.12651515151515,0.5512577324422304,46.95867768595041
17.12651515151515,0.5489644462124923,47.32231404958678
17.12651515151515,0.789687423010594,48.413223140495866
17.12651515151515,0.794923489791988,48.72727272727273
17.12651515151515,0.8014568251617613,50.02479338842975
17.12651515151515,0.8007644094086075,49.68595041322314
17.12651515151515,0.8044928137664443,49.43801652892562
17.12651515151515,0.8010544457141899,51.247933884297524
17.12651515151515,0.8025421257766522,51.15702479338843
17.12651515151515,0.8079629875909935,51.289256198347104
17.12651515151515,0.8226286616397963,51.82644628099174
17.12651515151515,0.8265588199994629,51.6198347107438
17.12651515151515,0.8356499105553297,52.074380165289256
17.12651515151515,0.8252856986867811,53.00826446280992
17.12651515151515,1.0600385767846687,53.14876033057851
17.12651515151515,1.0555871764314888,52.46280991735537
17.12651515151515,1.0527649161136063,53.1900826446281
17.12651515151515,1.0546050651370915,52.603305785123965
17.12651515151515,1.06752814991747,52.19834710743802
17.12651515151515,0.9932427568854606,52.50413223140496
17.12651515151515,0.9826406205115674,52.81818181818182
17.12651515151515,0.9921190243161283,52.3801652892562
16.84166666666667,1.0307466545067971,52.45454545454545
17.12651515151515,1.0482327971794105,52.40495867768595
16.84166666666667,1.046968882849757,52.52892561983471
16.84166666666667,1.0471436200162476,53.30578512396694
16.84166666666667,1.0564839233549428,53.578512396694215
16.84166666666667,1.059164651283831,53.93388429752066
16.521212121212123,1.0665960423377534,54.239669421487605
16.521212121212123,1.0750957994600607,54.429752066115704
16.521212121212123,1.0535966198654068,54.67768595041322
16.521212121212123,1.0419910538730774,55.925619834710744
16.521212121212123,1.1239545142327005,55.87603305785124
16.55681818181818,1.156443137907447,56.1900826446281
16.521212121212123,1.1517530678687695,56.69421487603306
16.521212121212123,1.2559389338598084,57.743801652892564
16.55681818181818,1.0565946237942354,57.67768595041322
16.55681818181818,1.0676999393072368,57.917355371900825
16.55681818181818,1.082377893993474,58.28099173553719
16.55681818181818,1.1045934457699174,59.00826446280992
16.55681818181818,1.1078812192929148,58.28099173553719
16.55681818181818,1.1214188462403767,58.77685950413223
16.55681818181818,1.1173315325598612,59.20661157024794
16.55681818181818,1.11976281518997,59.94214876033058
16.55681818181818,1.1366802718581377,59.52892561983471
16.55681818181818,1.1364106088820178,59.85950413223141
16.55681818181818,1.141461460261806,58.90909090909091
16.55681818181818,1.2296517145467667,58.68595041322314
16.55681818181818,1.252576685634057,58.01652892561984
16.55681818181818,1.2672682127278334,58.570247933884296
16.55681818181818,1.2765384709462002,58.3801652892562
16.55681818181818,1.292338154269973,58.47933884297521
16.55681818181818,1.2949127594667487,57.63636363636363
16.55681818181818,1.3225088299502803,56.8099173553719
16.55681818181818,1.3318259980522302,56.35537190082645
16.55681818181818,1.3375585366119558,56.710743801652896
15.987121212121211,1.3786497645510176,57.760330578512395
15.987121212121211,1.2124325947250074,58.47933884297521
15.987121212121211,1.2111718339420718,59.21487603305785
15.987121212121211,1.2124589920819666,59.66115702479339
15.987121212121211,1.2270279966685878,60.099173553719005
15.987121212121211,1.2309327527234801,60.68595041322314
15.987121212121211,1.2351706899551216,61.48760330578512
15.987121212121211,1.2386512874045923,61.64462809917355
15.95151515151515,1.2596568310845688,62.78512396694215
15.95151515151515,1.2158374819392583,62.69421487603306
15.95151515151515,1.2383159892744973,63.768595041322314
15.95151515151515,1.2399295384722784,64.55371900826447
15.95151515151515,1.2491815317705874,64.85950413223141
15.95151515151515,1.2542587652439017,64.54545454545455
15.95151515151515,1.251043645870686,65.54545454545455
15.95151515151515,1.2622906937970189,65.27272727272727
15.95151515151515,1.2718214684309064,65.33884297520662
15.95151515151515,1.2741324641230245,65.12396694214875
15.95151515151515,1.2780306752412256,65.37190082644628
15.95151515151515,1.275564129546891,66.61157024793388
15.95151515151515,1.3037209894175779,67.3305785123967
15.95151515151515,1.3260252460668056,67.4297520661157
15.702272727272724,1.3459470202930932,67.6198347107438
15.737878787878786,1.2732824603199069,69.52066115702479
15.737878787878786,1.288638340608591,70.55371900826447
15.737878787878786,1.289951922075863,70.76859504132231
15.737878787878786,1.2148933470283902,71.41322314049587
15.737878787878786,1.2239287890620385,71.93388429752066
15.737878787878786,1.2222973730720539,72.16528925619835
15.737878787878786,1.2130614598664096,72.52066115702479
15.702272727272724,1.2247345461445607,73.31404958677686
15.702272727272724,1.1391603545905329,73.47107438016529
15.702272727272724,1.1395227938092474,73.71900826446281
15.702272727272724,1.1382609175835248,73.87603305785125
15.702272727272724,1.1364582578670201,73.70247933884298
15.702272727272724,1.1672476823983753,74.00826446280992
15.702272727272724,1.2268161568913327,74.56198347107438
15.702272727272724,1.2418658206452828,74.2396694214876
15.559848484848485,1.2443224927689907,74.9090909090909
15.559848484848485,1.2429679295356364,74.62809917355372
15.559848484848485,1.260093521109728,75.03305785123968
15.559848484848485,1.262297850612021,74.97520661157024
15.559848484848485,1.2765639361350003,75.44628099173553
15.559848484848485,1.2569390277396315,75.72727272727273
15.559848484848485,1.2739752712376773,76.0495867768595
15.559848484848485,1.2883205834021034,76.35537190082644
15.559848484848485,1.300246067890797,76.54545454545455
15.559848484848485,1.3237435852056332,75.89256198347107
15.559848484848485,1.3396180110968847,75.68595041322314
15.559848484848485,1.3417885802905818,75.52066115702479
15.559848484848485,1.3546873621920823,75.28099173553719
15.20378787878788,1.3566460565788134,74.80165289256199
15.20378787878788,1.3707113167481384,75.8099173553719
15.20378787878788,1.3730324195232024,76.47107438016529
15.20378787878788,1.3808190143308035,77.56198347107438
15.20378787878788,1.3498471414042799,79.14876033057851
15.20378787878788,1.3519819155205133,79.58677685950413
15.20378787878788,1.3598937199125967,79.74380165289256
15.20378787878788,1.3636853946540608,80.0
15.20378787878788,1.2977624407025374,80.25619834710744
15.20378787878788,1.2942709513139343,80.77685950413223
15.20378787878788,1.283896156862266,81.00826446280992
15.20378787878788,1.2789292647740416,81.09917355371901
15.20378787878788,1.2824643273536445,80.97520661157024
15.20378787878788,1.2960766836668287,81.44628099173553
15.20378787878788,1.2924856055853253,81.98347107438016
15.20378787878788,1.312818592710743,82.0495867768595
15.20378787878788,1.3313304527058671,81.3801652892562
15.20378787878788,1.3396399738856954,81.41322314049587
15.20378787878788,1.3516852395576662,80.85950413223141
15.20378787878788,1.3868836039722114,80.73553719008264
15.20378787878788,1.433026763096263,80.38842975206612
15.025757575757574,1.4562936074665878,80.04132231404958
15.025757575757574,1.5072678152476482,79.43801652892562
15.025757575757574,1.514112453203361,79.6198347107438
15.025757575757574,1.5171297926794176,79.84297520661157
15.025757575757574,1.5273174848468507,79.9090909090909
14.847727272727273,1.530087222574875,80.35537190082644
14.81212121212121,1.523648078558125,81.2892561983471
14.81212121212121,1.4766887831444777,81.55371900826447
14.81212121212121,1.4869744915248138,82.2892561983471
14.81212121212121,1.5037170966796705,82.08264462809917
14.81212121212121,1.5146138056011935,82.2396694214876
14.81212121212121,1.4371109245992926,82.01652892561984
14.81212121212121,1.4325022323372574,82.47107438016529
14.81212121212121,1.421982497788949,82.8099173553719
14.81212121212121,1.4302210076791566,82.60330578512396
14.81212121212121,1.4481388930422652,81.63636363636364
14.81212121212121,1.4532826257224651,82.13223140495867
14.81212121212121,1.4532002171521436,81.80165289256199
14.776515151515152,1.4678160558763675,81.52892561983471
14.776515151515152,1.4831500152701798,81.28099173553719
14.776515151515152,1.5046962793304244,81.23140495867769
14.776515151515152,1.5249425881912286,80.51239669421487
14.776515151515152,1.5285458859532919,80.4297520661157
14.776515151515152,1.533995281723607,80.32231404958678
14.776515151515152,1.545665557529051,80.01652892561984
14.776515151515152,1.518062024032173,79.52066115702479
14.776515151515152,1.5074965591004708,79.51239669421487
14.776515151515152,1.5087668028889414,79.02479338842976
14.278030303030302,1.5153903245654503,79.14049586776859
14.278030303030302,1.5074982514627357,79.7107438016529
14.278030303030302,1.5221306560314076,80.81818181818181
14.278030303030302,1.5443867430784528,81.78512396694215
14.278030303030302,1.557756881526413,82.90082644628099
14.278030303030302,1.5602134743787288,82.95867768595042
14.278030303030302,1.5707149009474581,83.2892561983471
14.135606060606062,1.4541402626035633,83.44628099173553
14.135606060606062,1.4545850926818233,85.56198347107438
14.135606060606062,1.4527911705393377,86.07438016528926
14.135606060606062,1.456190193118604,86.29752066115702
14.135606060606062,1.458981685718648,87.75206611570248
14.135606060606062,1.461035664970005,88.21487603305785
14.135606060606062,1.4544171105659058,89.23140495867769
14.135606060606062,1.4071821622703022,89.39669421487604
14.135606060606062,1.385716800884499,90.94214876033058
14.135606060606062,1.3829748048370083,91.48760330578513
14.135606060606062,1.3713330659061458,92.14876033057851
14.135606060606062,1.3651548681218968,92.93388429752066
14.135606060606062,1.3638391537461414,92.68595041322314
14.135606060606062,1.3709657485138802,93.13223140495867
14.135606060606062,1.361574628121021,93.43801652892562
14.135606060606062,1.3647796316400982,93.77685950413223
14.135606060606062,1.36010406222148,93.7107438016529
14.135606060606062,1.3637629338986794,94.31404958677686
14.135606060606062,1.36359391237681,94.16528925619835
14.135606060606062,1.373501837594809,94.66115702479338
14.135606060606062,1.3593284471583589,94.26446280991736
14.135606060606062,1.3635485610146136,94.46280991735537
14.135606060606062,1.3582936747869168,94.13223140495867
14.135606060606062,1.2453357506022007,93.53719008264463
14.135606060606062,1.2183878090674791,93.26446280991736
14.135606060606062,1.2154668701384508,92.8099173553719
13.708333333333334,1.2029666435916453,92.96694214876032
13.708333333333334,1.197021465578282,93.47933884297521
13.708333333333334,1.1908759582431467,93.94214876033058
13.708333333333334,1.1839951969832143,95.60330578512396
13.708333333333334,1.1820181297862233,96.09917355371901
13.708333333333334,1.1817655943766014,96.99173553719008
13.708333333333334,1.1169894870595651,97.01652892561984
13.708333333333334,1.1228587027440844,97.53719008264463
13.708333333333334,1.1275105787353912,97.65289256198348
13.708333333333334,1.1757384435859521,98.55371900826447
13.708333333333334,1.191062561553898,98.64462809917356
13.708333333333334,1.1993368131071473,99.10743801652893
13.708333333333334,1.2128960855041842,98.84297520661157
13.708333333333334,1.2809190916324478,98.46280991735537
13.708333333333334,1.2871009852767563,97.93388429752066
13.708333333333334,1.29781386806647,98.36363636363636
13.708333333333334,1.3114719079939654,98.18181818181819
13.708333333333334,1.3222393691993855,97.99173553719008
13.708333333333334,1.317104766725978,97.33884297520662
13.708333333333334,1.3142352484975208,96.68595041322314
13.708333333333334,1.313980998430137,95.36363636363636
13.708333333333334,1.317046623028796,95.10743801652893
13.708333333333334,1.3217835066782433,94.31404958677686
13.708333333333334,1.331449009728629,93.85123966942149
13.708333333333334,1.3411089567786532,92.57851239669421
13.708333333333334,1.3481306973572513,91.56198347107438
13.708333333333334,1.3471444113779945,91.33884297520662
13.459090909090909,1.3733535179974357,90.82644628099173
13.459090909090909,1.5045941295056948,90.55371900826447
13.459090909090909,1.5195606617862718,90.72727272727273
13.459090909090909,1.4926817472856917,89.27272727272727
13.459090909090909,1.4883259965538438,89.64462809917356
13.459090909090909,1.4931383487244303,89.22314049586777
13.459090909090909,1.493929048391418,89.35537190082644
13.459090909090909,1.4962390811707857,88.9090909090909
13.459090909090909,1.5018931215373408,87.9504132231405
13.459090909090909,1.4965661201094078,87.46280991735537
13.459090909090909,1.4974476764891962,85.87603305785125
13.067424242424243,1.4610503453427752,85.42148760330579
13.067424242424243,1.4567516213741019,86.05785123966942
13.067424242424243,1.4557566219473788,86.32231404958678
13.067424242424243,1.4531274071840115,86.80165289256199
13.067424242424243,1.4438612459223181,87.42148760330579
13.067424242424243,1.4386626528796895,87.72727272727273
13.067424242424243,1.4277144581923504,87.71900826446281
13.067424242424243,1.4314071775009285,88.05785123966942
13.067424242424243,1.4287899205402315,88.20661157024793
13.067424242424243,1.4331486585427562,88.39669421487604
13.067424242424243,1.4305829474226246,88.87603305785125
12.782575757575758,1.4430306626899017,90.74380165289256
12.782575757575758,1.4392606036150444,91.82644628099173
12.782575757575758,1.4282599771070543,93.33884297520662
12.782575757575758,1.4209664469758827,93.88429752066116
12.782575757575758,1.3942490908399519,94.80165289256199
12.782575757575758,1.3505705552359035,95.39669421487604
12.782575757575758,1.339269732514218,96.2892561983471
12.782575757575758,1.3324302123375444,96.26446280991736
12.782575757575758,1.3322325620745223,96.84297520661157
12.782575757575758,1.3298244376927448,97.2396694214876
12.782575757575758,1.3287259178237334,97.63636363636364
12.782575757575758,1.2730009352874645,97.0909090909091
12.782575757575758,1.207456333308371,97.52892561983471
12.782575757575758,1.178130828670397,96.95867768595042
12.782575757575758,1.1661969224685491,96.43801652892562
12.782575757575758,1.1638500052427392,95.43801652892562
12.782575757575758,1.176000336580344,95.47107438016529
12.782575757575758,1.1904133515477877,94.82644628099173
12.782575757575758,1.2083146473068935,94.67768595041322
12.604545454545455,1.2271217728663582,93.48760330578513
12.604545454545455,1.2496324481437457,93.5702479338843
12.604545454545455,1.2404300478072894,93.15702479338843
12.604545454545455,1.2491336786463438,92.5702479338843
12.604545454545455,1.2713578264529346,91.6694214876033
12.568939393939393,1.275422101747859,91.41322314049587
12.568939393939393,1.2810296617752335,90.91735537190083
12.568939393939393,1.2787140219071076,90.50413223140495
12.533333333333333,1.2727211471223252,90.50413223140495
12.31969696969697,1.1944899210391564,89.78512396694215
12.31969696969697,1.1952536326120118,89.92561983471074
12.31969696969697,1.1957752302431792,89.33884297520662
12.31969696969697,1.1969449154089469,89.29752066115702
12.31969696969697,1.2012881025007633,89.37190082644628
12.284090909090908,1.2509835237708025,89.09917355371901
12.284090909090908,1.2943994491717545,88.54545454545455
12.177272727272728,1.3174938538121956,88.6694214876033
12.177272727272728,1.3319948432530724,88.53719008264463
12.177272727272728,1.3418776939355592,88.74380165289256
12.177272727272728,1.345286653353909,88.17355371900827
12.177272727272728,1.359643577883526,88.27272727272727
12.177272727272728,1.368300666132188,88.31404958677686
12.177272727272728,1.3723608442174102,88.51239669421487
12.177272727272728,1.3709807772648963,88.32231404958678
12.177272727272728,1.3774157151046746,88.15702479338843
12.177272727272728,1.3776739955646202,87.23140495867769
12.034848484848483,1.2861587787321902,87.85123966942149
11.999242424242423,1.2873670998474427,87.36363636363636
11.999242424242423,1.2923047501188776,87.77685950413223
11.999242424242423,1.2924095296257274,87.41322314049587
11.963636363636365,1.3009512972048993,87.53719008264463
11.963636363636365,1.3646057007818893,87.61157024793388
11.963636363636365,1.3695971462194771,87.96694214876032
11.963636363636365,1.358164380516052,87.01652892561984
11.963636363636365,1.3588128846952379,87.30578512396694
11.963636363636365,1.3340289042762796,86.95867768595042
11.963636363636365,1.3172297820844188,86.47107438016529
11.963636363636365,1.3115580765244708,85.79338842975207
11.571969696969695,1.2844844006100007,86.24793388429752
11.571969696969695,1.2631352182384112,87.07438016528926
11.571969696969695,1.2479015924551653,88.05785123966942
11.571969696969695,1.2340226711797344,88.6198347107438
11.571969696969695,1.2274195959841083,89.39669421487604
11.571969696969695,1.2122377662296138,89.78512396694215
11.571969696969695,1.1934875878726148,90.18181818181819
11.571969696969695,1.1765598603877148,90.83471074380165
11.571969696969695,1.1770532668630918,91.3305785123967
11.571969696969695,1.174417996056753,91.70247933884298
11.571969696969695,1.1772547270222882,92.0
11.571969696969695,1.1724428162628657,91.9504132231405
11.571969696969695,1.1702912073920466,91.95867768595042
11.571969696969695,1.1714745270825317,91.61157024793388
11.571969696969695,1.1888791638814604,91.99173553719008
11.322727272727272,1.176973699540892,93.13223140495867
11.322727272727272,1.1765106103420233,94.07438016528926
11.322727272727272,1.1732280736464855,94.75206611570248
11.322727272727272,1.168369553887846,95.18181818181819
11.322727272727272,1.1394666992060596,95.2892561983471
11.322727272727272,1.156883922953941,96.70247933884298
11.322727272727272,1.1372188974091593,96.79338842975207
11.322727272727272,1.0967879957296376,97.33884297520662
11.322727272727272,1.088209298016347,97.0
11.322727272727272,1.0754055913859306,97.53719008264463
11.322727272727272,1.028517214204461,97.37190082644628
11.322727272727272,1.0252836879616247,97.60330578512396
11.322727272727272,1.0245155874796623,97.28099173553719
11.322727272727272,1.0390185573311221,96.81818181818181
11.322727272727272,1.0572548435171387,96.20661157024793
11.322727272727272,1.076222191061091,95.6694214876033
11.322727272727272,1.0822876945657482,95.17355371900827
11.322727272727272,1.099328924492936,93.25619834710744
11.322727272727272,1.1107523538674136,91.27272727272727
11.322727272727272,1.1168347328264974,90.19834710743801
11.322727272727272,1.1279164849215544,89.03305785123968
11.322727272727272,1.1366829516334236,88.28099173553719
11.322727272727272,1.1435269027887305,86.57851239669421
11.322727272727272,1.1507887041216744,86.10743801652893
10.966666666666667,1.1548419780233004,85.19834710743801
10.966666666666667,1.1631081581686977,85.67768595041322
10.966666666666667,1.1591388715530584,85.48760330578513
10.966666666666667,1.1502512624347954,85.84297520661157
10.895454545454546,1.0935224053953376,85.57851239669421
10.895454545454546,1.0871896239006893,86.1900826446281
10.895454545454546,1.0872186003276652,85.4297520661157
10.895454545454546,1.0871481685722146,85.62809917355372
10.895454545454546,1.0913021312427686,85.20661157024793
10.859848484848484,1.1040865476504969,84.96694214876032
10.717424242424242,1.1110450324889853,84.84297520661157
10.717424242424242,1.1381175860230812,85.95867768595042
10.717424242424242,1.1523848343528047,86.32231404958678
10.717424242424242,1.1680981790377267,86.50413223140495
10.681818181818182,1.1836485021813945,87.11570247933884
10.681818181818182,1.1981806050390114,87.67768595041322
10.681818181818182,1.1672446608946603,87.52892561983471
10.681818181818182,1.1602678801358444,87.34710743801652
10.681818181818182,1.0879348647459437,86.98347107438016
10.681818181818182,1.078023969885214,87.2892561983471
10.681818181818182,1.045866729094027,86.87603305785125
10.717424242424242,1.020590938741624,85.5702479338843
10.681818181818182,1.0274785110040674,85.42148760330579
10.681818181818182,1.0337134058609347,84.15702479338843
10.468181818181819,1.076146111267474,83.83471074380165
10.468181818181819,1.1013027921641554,83.9504132231405
10.468181818181819,1.1138335102628962,84.32231404958678
10.468181818181819,1.1148160695893277,84.14049586776859
10.468181818181819,1.1152839938691161,84.24793388429752
10.468181818181819,1.1101414992111098,83.57851239669421
10.468181818181819,1.1040064522331152,83.92561983471074
10.468181818181819,1.1060694954661172,83.9090909090909
10.468181818181819,1.1068634769349721,83.6694214876033
10.468181818181819,1.1068743510985761,82.5702479338843
10.468181818181819,1.1063467090739163,82.41322314049587
10.218939393939394,1.0710324938354474,82.09917355371901
10.218939393939394,1.045282533423256,83.51239669421487
10.218939393939394,1.0481022909311906,83.92561983471074
10.183333333333334,1.0697951211497159,85.16528925619835
10.183333333333334,1.0756243832008296,85.70247933884298
10.183333333333334,1.0825456761152739,86.2396694214876
10.183333333333334,1.0877213183099836,86.25619834710744
10.147727272727272,1.086871482391368,86.54545454545455
10.147727272727272,1.0879400421487115,86.18181818181819
10.147727272727272,1.080771596781771,86.10743801652893
10.147727272727272,1.0139237563068877,85.84297520661157
9.969696969696969,1.0319650995442549,85.55371900826447
9.969696969696969,1.0444272998385786,85.30578512396694
9.969696969696969,1.0440922452653716,86.18181818181819
9.934090909090909,1.0236841485356307,85.87603305785125
9.934090909090909,1.0172830464742832,87.07438016528926
9.934090909090909,1.0149914665396842,86.90082644628099
9.934090909090909,1.01931336841352,87.20661157024793
9.934090909090909,1.021454238413916,87.3305785123967
9.934090909090909,0.9507448062062537,87.70247933884298
9.934090909090909,0.9588465022296553,87.55371900826447
9.934090909090909,0.9699743301256016,87.73553719008264
9.934090909090909,0.96933851266771,87.26446280991736
9.934090909090909,0.9655112290604109,86.85950413223141
9.934090909090909,0.9674843370902659,85.94214876033058
9.934090909090909,0.9875566385987343,85.06611570247934
9.791666666666666,1.0042470328851347,84.89256198347107
9.791666666666666,1.021377687945327,85.11570247933884
9.720454545454546,1.0490815367934003,84.67768595041322
9.720454545454546,1.0555985293043193,85.09917355371901
9.720454545454546,1.0585851939125681,84.69421487603306
9.720454545454546,1.0622439146891158,84.5702479338843
9.720454545454546,1.0595399744902234,84.02479338842976
9.578030303030303,1.0372593369188599,84.15702479338843
9.578030303030303,1.004026892692225,84.65289256198348
9.43560606060606,0.97960033022533,85.75206611570248
9.43560606060606,0.9700504886917286,86.08264462809917
9.43560606060606,0.9682905363875414,87.38842975206612
9.43560606060606,0.9597343139375453,87.8099173553719
9.43560606060606,0.9613228886575143,88.73553719008264
9.43560606060606,0.9611975257745384,88.6198347107438
9.43560606060606,0.9620856037859421,90.12396694214875
9.43560606060606,0.9771751507436351,90.43801652892562
9.43560606060606,0.9768790164487772,90.45454545454545
9.43560606060606,0.9573331758387247,90.25619834710744
9.43560606060606,0.9604461540158946,90.34710743801652
9.43560606060606,0.9721000775032074,89.63636363636364
9.43560606060606,0.9691982991832779,89.02479338842976
9.43560606060606,0.9617332083723844,88.8099173553719
9.293181818181818,0.9303548037331362,88.89256198347107
9.257575757575758,0.9260614187489945,88.11570247933884
9.257575757575758,0.9264638052735223,88.61157024793388
9.257575757575758,0.917370734580171,88.5702479338843
9.150757575757575,0.9155836747416088,88.97520661157024
9.150757575757575,0.8967480950068696,89.77685950413223
9.150757575757575,0.8939250940190536,90.55371900826447
9.150757575757575,0.8818544578916092,90.56198347107438
9.150757575757575,0.8703337561232019,91.19834710743801
9.150757575757575,0.8704432051884207,90.52066115702479
9.150757575757575,0.8791159188034186,90.7603305785124
9.150757575757575,0.8890649669559209,90.1900826446281
9.150757575757575,0.8896960482781121,89.91735537190083
9.150757575757575,0.9109724380557709,89.32231404958678
9.150757575757575,0.9289645503762008,88.98347107438016
9.150757575757575,0.9414774615099165,87.62809917355372
9.150757575757575,0.9434473824101413,87.07438016528926
9.150757575757575,0.9447923944673629,86.26446280991736
8.901515151515152,0.9488303850845571,86.25619834710744
8.901515151515152,0.9468473522367815,86.5702479338843
8.901515151515152,0.9538294304895331,86.52066115702479
8.901515151515152,0.9013652941569342,86.65289256198348
8.901515151515152,0.9154496644460042,86.16528925619835
8.901515151515152,0.9170370762307564,85.57851239669421
8.901515151515152,0.92606204619592,85.51239669421487
8.901515151515152,0.9271282072839273,84.52892561983471
8.901515151515152,0.9278892077430737,84.85950413223141
8.901515151515152,0.9268624606759447,84.46280991735537
8.901515151515152,0.928599165457493,84.11570247933884
8.901515151515152,0.9394256837969542,82.35537190082644
8.616666666666665,0.9387215181771641,83.04132231404958
8.616666666666665,0.9407754302288247,83.9090909090909
8.616666666666665,0.9436526877214649,84.80165289256199
8.616666666666665,0.9398882140114615,85.99173553719008
8.616666666666665,0.9242723865176393,87.15702479338843
8.616666666666665,0.8619913614688847,87.52892561983471
8.616666666666665,0.8472354667091758,88.02479338842976
8.616666666666665,0.847372885382104,87.67768595041322
8.616666666666665,0.8613406845991987,88.16528925619835
8.581060606060605,0.8722841151300148,88.20661157024793
8.581060606060605,0.8737717620404551,87.92561983471074
8.581060606060605,0.8832650315772685,86.86776859504133
8.509848484848485,0.8899073767826298,87.35537190082644
8.509848484848485,0.8900238708675141,87.0909090909091
8.474242424242425,0.8925300799741472,87.47933884297521
8.474242424242425,0.886305248629964,86.82644628099173
8.474242424242425,0.8570808288496966,86.23140495867769
8.474242424242425,0.8513214765933922,85.80165289256199
8.474242424242425,0.8393957791284392,85.8099173553719
8.367424242424242,0.8349782628875555,85.18181818181819
8.367424242424242,0.8293438411790383,85.72727272727273
8.33181818181818,0.8280545804462794,85.67768595041322
8.33181818181818,0.8376040715897438,85.17355371900827
8.33181818181818,0.8434906978182994,84.5702479338843
8.296212121212122,0.855037295457336,83.90082644628099
8.296212121212122,0.8601078588656393,83.3801652892562
8.082575757575759,0.8809367995395895,83.72727272727273
8.082575757575759,0.8836425012097492,86.0495867768595
8.082575757575759,0.8772172219431356,87.47107438016529
8.082575757575759,0.8649581373099359,87.95867768595042
8.082575757575759,0.8423352625220472,89.72727272727273
8.082575757575759,0.8229170429187785,90.46280991735537
8.082575757575759,0.8197293688764936,90.32231404958678
8.082575757575759,0.834970820675227,90.79338842975207
8.082575757575759,0.8376538612936272,91.53719008264463
8.082575757575759,0.8357074015504047,91.35537190082644
8.082575757575759,0.8356662803217975,91.26446280991736
8.082575757575759,0.8301688657326035,90.48760330578513
7.975757575757575,0.8133057370605219,90.74380165289256
7.975757575757575,0.8077124024124243,90.91735537190083
7.975757575757575,0.7995141927621366,91.00826446280992
7.975757575757575,0.7869625279048955,89.9090909090909
7.9401515151515145,0.7723460653375485,90.46280991735537
7.9401515151515145,0.7563563692275527,90.17355371900827
7.868939393939393,0.7601521307321402,89.97520661157024
7.868939393939393,0.786393433132,89.64462809917356
7.868939393939393,0.7954692252057595,89.9090909090909
7.868939393939393,0.8054205328562414,88.8099173553719
7.868939393939393,0.8084940293329103,88.74380165289256
7.65530303030303,0.7982341022223118,89.19834710743801
7.65530303030303,0.7987358569918527,90.20661157024793
7.65530303030303,0.7999192919253258,90.52066115702479
7.65530303030303,0.8038816749041019,91.19834710743801
7.65530303030303,0.8024888034458527,91.21487603305785
7.65530303030303,0.8059433239892078,91.47107438016529
7.65530303030303,0.8012161115532375,91.27272727272727
7.65530303030303,0.7953119938671871,91.29752066115702
7.65530303030303,0.7833535095253461,90.95867768595042
7.65530303030303,0.7800201481571247,90.87603305785125
7.65530303030303,0.7917791092243607,89.82644628099173
7.65530303030303,0.8089438639012506,89.11570247933884
7.65530303030303,0.8189494521641308,88.16528925619835
7.4772727272727275,0.8150210399003107,88.38842975206612
7.4772727272727275,0.8085247994021801,88.64462809917356
7.441666666666666,0.8030810683632287,89.06611570247934
7.441666666666666,0.7962453586069922,89.03305785123968
7.441666666666666,0.787104431889046,90.42148760330579
7.441666666666666,0.7755721005404336,90.55371900826447
7.441666666666666,0.7751831817869392,90.80165289256199
7.370454545454545,0.7673157997583788,91.0495867768595
7.370454545454545,0.7603095560314814,91.7603305785124
7.370454545454545,0.7636576621832972,91.41322314049587
7.334848484848485,0.7598431094732326,92.19834710743801
7.334848484848485,0.7592363131781903,91.85950413223141
7.334848484848485,0.7591497770101127,91.77685950413223
7.334848484848485,0.7579090110888292,91.41322314049587
7.299242424242424,0.7637348428139894,91.20661157024793
7.156818181818182,0.7527805196332618,91.54545454545455
7.156818181818182,0.7147657636237446,92.39669421487604
7.156818181818182,0.7217027451819416,92.74380165289256
7.156818181818182,0.7351114317715263,94.17355371900827
7.156818181818182,0.7315100740586403,94.22314049586777
7.156818181818182,0.7340344659300923,94.41322314049587
7.156818181818182,0.7401330010347227,94.08264462809917
7.156818181818182,0.7445823530103494,93.6198347107438
7.08560606060606,0.7465299516312848,93.21487603305785
7.08560606060606,0.7458415235137843,93.41322314049587
7.08560606060606,0.7422800142940452,92.9504132231405
7.08560606060606,0.7422169738103281,92.66115702479338
7.08560606060606,0.7391090645678697,92.27272727272727
7.08560606060606,0.7423886782617654,91.73553719008264
6.871969696969696,0.7207387961807543,91.91735537190083
6.871969696969696,0.7149928739942769,92.61157024793388
6.871969696969696,0.6994354762050108,94.20661157024793
6.871969696969696,0.7043958904871529,95.11570247933884
6.871969696969696,0.7242835339572192,95.06611570247934
6.871969696969696,0.7312366919533418,95.37190082644628
6.871969696969696,0.735364218706176,94.80165289256199
6.800757575757576,0.7358078089336768,94.6198347107438
6.800757575757576,0.7354699387078854,94.52892561983471
6.800757575757576,0.7276102233128886,94.14049586776859
6.800757575757576,0.7240004279588637,92.97520661157024
6.7295454545454545,0.7221307207707032,92.52892561983471
6.7295454545454545,0.7267632325687218,92.05785123966942
6.658333333333333,0.7199531001424379,93.25619834710744
6.622727272727273,0.7021596868847241,93.9504132231405
6.622727272727273,0.6975292132359582,94.07438016528926
6.622727272727273,0.6936429776721684,94.3801652892562
6.551515151515151,0.6883448744619389,96.00826446280992
6.551515151515151,0.6893009794986458,96.74380165289256
6.551515151515151,0.6862141940886693,97.04132231404958
6.551515151515151,0.6936705176601071,96.88429752066116
6.515909090909091,0.6951677678045228,96.12396694214875
6.515909090909091,0.6940224022340512,95.3305785123967
6.444696969696969,0.6866064080518366,94.35537190082644
6.373484848484848,0.6728857291996103,94.98347107438016
6.373484848484848,0.6710389986764372,96.1900826446281
6.373484848484848,0.670373564903039,96.58677685950413
6.337878787878787,0.684001799606699,97.19834710743801
6.337878787878787,0.6817192551204181,97.34710743801652
6.337878787878787,0.6807463786711657,97.84297520661157
6.337878787878787,0.6805207540974894,97.66115702479338
6.302272727272728,0.6836935190659532,97.52066115702479
6.302272727272728,0.6850813817762201,96.76859504132231
6.302272727272728,0.7016570560789549,96.37190082644628
6.302272727272728,0.7065358945768104,95.19834710743801
6.195454545454545,0.688877393018086,95.3801652892562
6.195454545454545,0.6821425569399366,95.24793388429752
6.088636363636364,0.6660336873959923,96.56198347107438
6.088636363636364,0.6570911820354073,97.69421487603306
6.088636363636364,0.6579707663163541,97.99173553719008
6.053030303030303,0.6552621445757205,99.61157024793388
6.053030303030303,0.6583794273596902,100.43801652892562
6.017424242424242,0.6682997554172487,100.71900826446281
5.981818181818182,0.6669905569828252,101.83471074380165
5.981818181818182,0.6721098136546497,101.78512396694215
5.946212121212121,0.6603471469329708,102.74380165289256
5.946212121212121,0.6457183771383181,103.40495867768595
5.946212121212121,0.6276732772987987,103.97520661157024
5.875,0.63081819238959,104.29752066115702
5.839393939393939,0.6287140707441115,105.86776859504133
5.839393939393939,0.6396371515817031,106.29752066115702
5.839393939393939,0.6447457795007145,106.91735537190083
5.839393939393939,0.6464947413355261,106.96694214876032
5.803787878787879,0.6488428621327096,107.34710743801652
5.803787878787879,0.6445949493197044,107.05785123966942
5.803787878787879,0.6338529515924957,107.28099173553719
5.661363636363636,0.6204123052013866,108.92561983471074
5.661363636363636,0.6190442158124637,109.71900826446281
5.661363636363636,0.621823922950713,110.35537190082644
5.661363636363636,0.6153700051381742,111.9090909090909
5.661363636363636,0.618131595952555,111.77685950413223
5.590151515151515,0.6287444389565904,111.99173553719008
5.590151515151515,0.630312849660627,112.14049586776859
5.554545454545455,0.6236358149189081,112.44628099173553
5.554545454545455,0.6207433444427859,112.57851239669421
5.554545454545455,0.6282697809166344,112.73553719008264
5.554545454545455,0.6364884508130952,112.24793388429752
5.518939393939394,0.64170582696214,112.04132231404958
5.518939393939394,0.6350948791212346,112.07438016528926
5.518939393939394,0.638972094218946,110.81818181818181
5.340909090909091,0.6254500309396164,111.13223140495867
5.340909090909091,0.6244181440184234,112.51239669421487
5.340909090909091,0.6298195984495023,114.31404958677686
5.340909090909091,0.6297741008470166,115.41322314049587
5.340909090909091,0.6279236499390846,115.69421487603306
5.340909090909091,0.6195118977632719,116.6694214876033
5.340909090909091,0.6085725592918301,116.25619834710744
5.198484848484848,0.5990781618251516,118.85123966942149
5.198484848484848,0.5993452291010558,121.30578512396694
5.198484848484848,0.595345656324296,122.0495867768595
5.198484848484848,0.5934468383647574,122.91735537190083
5.198484848484848,0.585357089794782,123.0
5.198484848484848,0.5795417061685381,121.80165289256199
5.198484848484848,0.5795141624578158,121.78512396694215
5.091666666666667,0.5858878629785482,120.3801652892562
5.091666666666667,0.5896729555028691,121.27272727272727
5.091666666666667,0.5910692930320335,121.32231404958678
5.0204545454545455,0.5948188663133349,122.86776859504133
5.0204545454545455,0.5975798876232851,123.25619834710744
5.0204545454545455,0.5817159380630885,123.80165289256199
4.984848484848484,0.5816434259161514,123.89256198347107
4.949242424242424,0.5828930153751185,124.7107438016529
4.878030303030303,0.5896134101717643,125.33884297520662
4.878030303030303,0.5894842672528039,126.09917355371901
4.878030303030303,0.5994562100451356,127.51239669421487
4.878030303030303,0.5906503395166469,127.70247933884298
4.878030303030303,0.5850442298897203,128.46280991735537
4.842424242424242,0.5812671659973082,127.79338842975207
4.842424242424242,0.5767452185010625,127.76859504132231
4.73560606060606,0.5741840289213752,128.46280991735537
4.73560606060606,0.5697524673109361,132.08264462809916
4.699999999999999,0.5549911496551511,134.53719008264463
4.628787878787879,0.545298456127514,137.7603305785124
4.628787878787879,0.5359635140183504,140.0495867768595
4.628787878787879,0.5358745025050575,140.03305785123968
4.628787878787879,0.5353396709536095,141.98347107438016
4.628787878787879,0.5373742395185759,141.8099173553719
4.628787878787879,0.5391409085748352,140.98347107438016
4.628787878787879,0.543187419097879,140.0909090909091
4.628787878787879,0.5404986834776174,139.44628099173553
4.628787878787879,0.5400919953143162,137.47107438016528
4.628787878787879,0.5450224008498092,136.31404958677686
4.5219696969696965,0.5550269008837825,133.60330578512398
4.415151515151515,0.5570587463818968,135.36363636363637
4.379545454545454,0.5558808674052576,136.80165289256198
4.379545454545454,0.5530732539388371,142.17355371900825
4.379545454545454,0.547716904717096,143.53719008264463
4.379545454545454,0.5379459424673309,145.48760330578511
4.379545454545454,0.5305497135088011,146.45454545454547
4.343939393939394,0.5292737200856253,146.56198347107437
4.343939393939394,0.5287952508217512,146.63636363636363
4.343939393939394,0.5277145792397148,146.46280991735537
4.308333333333333,0.5202700385753255,145.35537190082644
4.201515151515151,0.5070489950466333,145.11570247933884
4.201515151515151,0.49765967442161185,146.05785123966942
4.201515151515151,0.4835066044722651,149.35537190082644
4.201515151515151,0.48211314747018164,149.54545454545453
4.201515151515151,0.4919561077745951,149.79338842975207
4.16590909090909,0.4982848614090496,149.84297520661158
4.16590909090909,0.508239161159986,150.0082644628099
4.130303030303031,0.5126790466705381,148.0909090909091
4.130303030303031,0.5114296108102838,147.6611570247934
4.09469696969697,0.5135132105258691,147.28099173553719
4.09469696969697,0.5029546253848538,148.28925619834712
4.023484848484848,0.5052553484440204,148.02479338842974
3.9878787878787874,0.5142951393383296,149.49586776859505
3.9878787878787874,0.5195393197556711,149.73553719008265
3.9166666666666665,0.5202386889547199,148.49586776859505
3.9166666666666665,0.5072171562694189,152.25619834710744
3.881060606060606,0.49295583612744287,153.5785123966942
3.8098484848484846,0.47753021334328805,157.73553719008265
3.8098484848484846,0.46823463221302913,161.79338842975207
3.8098484848484846,0.4640601319243982,163.21487603305786
3.8098484848484846,0.45043278987625796,166.25619834710744
3.8098484848484846,0.4465804653179163,165.5702479338843
3.8098484848484846,0.44942393280341447,165.2396694214876
3.7742424242424244,0.45296057883986207,163.38842975206612
3.7386363636363638,0.4607778264391975,164.97520661157026
3.7386363636363638,0.45668003872541935,165.61157024793388
3.7386363636363638,0.4418536448966815,165.16528925619835
3.7386363636363638,0.4513167942840636,163.56198347107437
3.7386363636363638,0.4548327567879229,161.95867768595042
3.7386363636363638,0.45659330095717887,159.31404958677686
3.5962121212121207,0.4482213503470441,160.27272727272728
3.5606060606060606,0.4476374445721889,161.60330578512398
3.5606060606060606,0.44974076997663404,165.06611570247935
3.5606060606060606,0.44953573019901233,165.78512396694214
3.525,0.4487581440704798,164.88429752066116
3.525,0.452400665232827,164.48760330578511
3.525,0.4515602955602124,164.53719008264463
3.4893939393939393,0.44331420783941433,161.36363636363637
3.4181818181818184,0.42942260701430746,161.92561983471074
3.3825757575757573,0.4222073426236971,165.93388429752065
3.3469696969696967,0.4191126081575519,169.55371900826447
3.3469696969696967,0.41611700193791995,171.51239669421489
3.3469696969696967,0.4119687926025379,172.77685950413223
3.3825757575757573,0.4154489087617338,168.8099173553719
3.3469696969696967,0.41964167723258866,165.46280991735537
3.3113636363636365,0.41749153318715687,164.96694214876032
3.2045454545454546,0.4104548277784745,171.50413223140495
3.1689393939393935,0.40903158800962547,174.63636363636363
3.1689393939393935,0.3980363209525955,178.60330578512398
3.1689393939393935,0.38724211657481616,179.88429752066116
3.1689393939393935,0.3852542317711867,179.46280991735537
3.1689393939393935,0.39061582125122685,177.21487603305786
3.1689393939393935,0.39418318509606853,173.73553719008265
3.1689393939393935,0.3960796928139745,171.89256198347107
3.0977272727272727,0.3923021555688844,172.68595041322314
3.062121212121212,0.39123049648949026,175.04132231404958
3.062121212121212,0.3789221222591161,175.49586776859505
3.0265151515151514,0.37625650901874114,175.69421487603304
3.0265151515151514,0.3908933467059603,173.67768595041323
2.95530303030303,0.38802346184546355,175.3305785123967
2.9196969696969695,0.37724393237374565,177.9504132231405
2.8840909090909093,0.35931658330403765,184.3388429752066
2.8840909090909093,0.35285067014512694,186.44628099173553
2.8840909090909093,0.3500309894053753,184.92561983471074
2.848484848484848,0.349822955056201,184.45454545454547
2.848484848484848,0.360172716735881,180.39669421487602
2.812878787878788,0.3588479396442881,179.0495867768595
2.706060606060606,0.34364020631482456,183.29752066115702
2.706060606060606,0.3362305454628051,185.94214876033058
2.706060606060606,0.33636280586981726,185.92561983471074
2.706060606060606,0.338877527009029,184.6198347107438
2.6704545454545454,0.3433348365333776,182.15702479338842
2.6348484848484848,0.34637221250565664,181.23140495867767
2.6348484848484848,0.33938931934146727,181.7520661157025
2.563636363636364,0.32699066049524816,186.51239669421489
2.563636363636364,0.325625869723499,187.26446280991735
2.563636363636364,0.32267007211668514,188.6198347107438
2.528030303030303,0.31790624130030803,187.52892561983472
2.528030303030303,0.31530306017252,185.6198347107438
2.492424242424242,0.31620418643832104,186.28099173553719
2.456818181818182,0.3159822893673042,188.52892561983472
2.456818181818182,0.3097142331216803,187.60330578512398
2.421212121212121,0.3079982996793109,188.5785123966942
2.3856060606060607,0.30155167776082126,190.86776859504133
2.3856060606060607,0.29827393303612476,189.0082644628099
2.3499999999999996,0.29567153233713345,187.72727272727272
2.3143939393939394,0.30078642436379055,190.6694214876033
2.3143939393939394,0.3061023788336233,189.21487603305786
2.2431818181818177,0.29725675552515846,192.36363636363637
2.2431818181818177,0.2947215393254275,194.60330578512398
2.2431818181818177,0.2882071286973538,193.73553719008265
2.171969696969697,0.2792800104621993,192.9504132231405
2.171969696969697,0.28301396682878177,194.37190082644628
2.171969696969697,0.2913125013472407,194.2396694214876
2.1007575757575756,0.2898766459758339,190.0909090909091
2.0651515151515154,0.287523687410104,192.1487603305785
2.0651515151515154,0.28940303454133587,193.12396694214877
2.0295454545454543,0.2826481223711401,190.3388429752066
1.9939393939393937,0.2678449316235074,196.2396694214876
1.9939393939393937,0.27023890452761873,198.17355371900825
1.9939393939393937,0.27512813191648744,197.67768595041323
1.9227272727272726,0.2792163745299665,193.01652892561984
1.9227272727272726,0.27583430218591215,194.099173553719
1.9227272727272726,0.2751527644196109,193.37190082644628
1.8515151515151513,0.281607242412335,189.41322314049586
1.8515151515151513,0.2879876909440224,193.69421487603304
1.815909090909091,0.29632945523703325,187.61157024793388
1.7803030303030303,0.29581147630837057,188.6611570247934
1.7446969696969696,0.2978276351427102,194.68595041322314
1.7446969696969696,0.2923026370322113,196.5702479338843
1.7446969696969696,0.293982496257465,193.53719008264463
1.7090909090909092,0.28974993342297733,197.54545454545453
1.6734848484848484,0.3097600597751463,196.28925619834712
1.6734848484848484,0.3183740381828551,194.41322314049586
1.6022727272727273,0.3143568037739946,202.43801652892563
1.6022727272727273,0.31794495509748333,198.17355371900825
1.5666666666666667,0.3285930006040332,196.88429752066116
1.531060606060606,0.3321717662679636,196.96694214876032
1.531060606060606,0.34029822088749967,196.2479338842975
1.4598484848484847,0.34696487603305787,194.77685950413223
1.4598484848484847,0.3485174830065195,195.89256198347107
1.424242424242424,0.3574580750150786,191.88429752066116
1.3886363636363637,0.3651839597884841,193.48760330578511
1.353030303030303,0.3652684080271191,196.0909090909091
1.353030303030303,0.3746779462194105,193.50413223140495
1.3174242424242424,0.3803401615833635,190.87603305785123
1.3174242424242424,0.38855428647930984,191.1900826446281
1.281818181818182,0.39574581689059235,188.71074380165288
1.281818181818182,0.3995586327087503,188.32231404958677
1.2106060606060605,0.414145071217992,188.59504132231405
1.2106060606060605,0.4331784867410237,185.20661157024793
1.1749999999999998,0.4363024591461253,182.03305785123968
1.1393939393939394,0.4369472353487327,181.8099173553719
1.1393939393939394,0.4408590723160027,181.27272727272728
1.1037878787878788,0.44260339986264696,180.13223140495867
1.1037878787878788,0.43611575245731665,179.88429752066116
0.9613636363636363,0.4233361602740676,180.7603305785124
1.0325757575757577,0.37560182294484934,182.59504132231405
1.0325757575757577,0.3535337005287723,182.30578512396696
0.9969696969696968,0.30320237951069395,183.900826446281
0.9613636363636363,0.2724606191870291,186.71074380165288
0.9613636363636363,0.23741610149681033,186.95867768595042
0.9613636363636363,0.22226309499434857,185.3801652892562
