17.806792452830187,0.21270631925726322,14.523809523809524
17.806792452830187,0.19807689166179718,14.785714285714286
17.77132075471698,0.19017282121290618,14.301587301587302
17.77132075471698,0.2024431445633986,14.119047619047619
17.77132075471698,0.2042994268321539,14.365079365079366
17.806792452830187,0.19019730814564517,14.642857142857142
17.806792452830187,0.19369696969696892,13.896825396825397
17.806792452830187,0.20953900019451557,14.738095238095237
17.77132075471698,0.20135225538271506,15.261904761904763
17.806792452830187,0.21055770798508794,15.674603174603174
17.806792452830187,0.21500408817253236,15.380952380952381
17.416603773584903,0.18690054286559485,15.666666666666666
17.416603773584903,0.19401863148437284,15.563492063492063
17.416603773584903,0.21191411979826053,17.19047619047619
17.416603773584903,0.2251323097293302,18.158730158730158
17.416603773584903,0.23290796983001005,18.444444444444443
17.416603773584903,0.24299926324343654,19.1984126984127
17.416603773584903,0.2515179511947182,18.357142857142858
17.416603773584903,0.2449373142147582,19.753968253968253
17.416603773584903,0.2482174542531089,19.714285714285715
17.416603773584903,0.2522838796339741,20.07936507936508
17.416603773584903,0.24955493491400563,20.428571428571427
17.416603773584903,0.2429052436086331,20.96031746031746
17.416603773584903,0.26930311830429365,22.38888888888889
17.416603773584903,0.2750639590740948,22.19047619047619
17.416603773584903,0.2867408890683515,22.714285714285715
17.416603773584903,0.28644038594548765,22.77777777777778
17.416603773584903,0.2834530247033655,23.11904761904762
17.345660377358488,0.2812905268067089,23.03174603174603
17.416603773584903,0.2918286324137902,22.714285714285715
17.345660377358488,0.3019742033438227,23.261904761904763
17.345660377358488,0.28995661165555,23.69047619047619
17.345660377358488,0.2879490485731176,25.142857142857142
17.345660377358488,0.28788519511914445,26.50793650793651
17.345660377358488,0.3059384990292788,26.833333333333332
17.345660377358488,0.2939832341410577,26.904761904761905
17.345660377358488,0.31549912977494743,27.46825396825397
17.345660377358488,0.5976119619527535,26.817460317460316
17.345660377358488,0.7078453397214822,26.984126984126984
17.345660377358488,0.730680099788716,27.158730158730158
17.345660377358488,0.7531068318410404,26.761904761904763
17.345660377358488,0.7594603174603173,26.38095238095238
17.345660377358488,0.751671099543305,27.26984126984127
17.345660377358488,0.7488789727641427,27.325396825396826
17.345660377358488,0.7552331841156668,29.206349206349206
17.345660377358488,0.7503074948649961,29.952380952380953
17.345660377358488,0.7592505450184142,30.452380952380953
17.345660377358488,0.7816539609693637,30.214285714285715
17.345660377358488,0.7760290855483426,30.928571428571427
17.345660377358488,0.7822325563509765,31.11904761904762
17.345660377358488,0.7894105150392678,30.753968253968253
17.097358490566037,0.7935643657489161,30.071428571428573
17.097358490566037,0.8024975156933909,30.27777777777778
17.097358490566037,0.8067741430710053,29.91269841269841
17.097358490566037,0.8037933825749246,29.928571428571427
17.097358490566037,0.8143152922014656,30.11904761904762
17.097358490566037,0.819055080145275,30.1984126984127
17.097358490566037,0.8124747911869237,31.325396825396826
17.097358490566037,0.8123668008801902,32.37301587301587
17.097358490566037,0.8043623878834206,33.301587301587304
17.097358490566037,0.8080773885630785,33.817460317460316
17.097358490566037,0.8075558663374075,33.51587301587302
17.097358490566037,0.8146872277292088,33.8968253968254
17.097358490566037,0.8241026687964791,33.333333333333336
17.097358490566037,1.0535872715443317,33.46825396825397
17.097358490566037,1.0500817592480265,32.73015873015873
17.097358490566037,1.043253698173691,32.888888888888886
17.097358490566037,1.0409955800944846,32.285714285714285
17.097358490566037,1.0357779707024777,32.84126984126984
16.529811320754717,1.0187727726990943,33.32539682539682
16.529811320754717,1.0183700721637126,34.54761904761905
16.529811320754717,1.0204237478465203,34.74603174603175
16.529811320754717,1.0258466146911625,35.0
16.529811320754717,1.0199575302630692,35.3968253968254
16.529811320754717,1.0242885762522256,36.166666666666664
16.529811320754717,1.0377347605224956,36.20634920634921
16.529811320754717,0.8423205682415366,37.75396825396825
16.529811320754717,0.8722500861405393,38.20634920634921
16.529811320754717,0.8917379153228205,39.51587301587302
16.529811320754717,0.884523995066157,40.72222222222222
16.529811320754717,0.8735020814476568,41.57936507936508
16.529811320754717,0.861515770046904,43.22222222222222
16.529811320754717,0.8743358334966677,44.07936507936508
16.529811320754717,0.8690114433510634,44.166666666666664
16.529811320754717,0.9701542023313336,44.507936507936506
16.529811320754717,0.8745740806049446,45.17460317460318
16.529811320754717,0.9857664711218984,45.976190476190474
16.529811320754717,0.9867421869096309,46.57142857142857
16.529811320754717,0.9867042703642263,47.682539682539684
16.529811320754717,0.9884992701170888,48.08730158730159
16.529811320754717,1.0100948437364436,48.666666666666664
16.529811320754717,1.0328143048388072,48.817460317460316
16.529811320754717,1.1931819067249534,49.36507936507937
16.529811320754717,1.065537092769064,49.63492063492063
16.529811320754717,1.0747748667911,49.63492063492063
16.529811320754717,1.0533344211818807,50.142857142857146
16.529811320754717,1.0680076718747824,50.0
16.529811320754717,1.0756162777715752,49.182539682539684
16.529811320754717,1.0681703714556519,50.42857142857143
16.529811320754717,1.065999269351442,50.27777777777778
16.529811320754717,1.0664656524145972,51.007936507936506
16.529811320754717,1.0683066764933489,50.992063492063494
16.529811320754717,1.0744244789432589,51.976190476190474
16.529811320754717,1.0821030628424773,51.214285714285715
16.529811320754717,1.090656565315612,51.43650793650794
16.529811320754717,0.8954421057517918,50.79365079365079
16.529811320754717,1.089400078698224,50.44444444444444
16.529811320754717,1.100713624282177,49.992063492063494
16.529811320754717,1.1156108858718252,50.34920634920635
16.529811320754717,0.9519434825848473,49.857142857142854
16.529811320754717,0.9867791855566806,49.976190476190474
16.529811320754717,1.063730306016781,50.12698412698413
16.529811320754717,1.0721107308516615,50.23809523809524
15.997735849056602,1.0731486925521465,50.5
15.997735849056602,1.0752115612954058,50.70634920634921
15.997735849056602,1.0763565761791973,50.904761904761905
15.997735849056602,1.0769645825736758,52.26984126984127
15.997735849056602,1.1178893288084464,53.92857142857143
15.997735849056602,1.1527102360769301,55.38095238095238
15.997735849056602,1.1557492932773024,55.65079365079365
15.997735849056602,1.1580219477634304,56.682539682539684
15.997735849056602,1.1682310228860933,56.833333333333336
15.997735849056602,1.1688878380680612,57.42063492063492
15.997735849056602,1.1802777386651642,56.73809523809524
15.997735849056602,1.2007578736585778,57.55555555555556
15.997735849056602,1.2003142758673764,58.06349206349206
15.997735849056602,1.2082483095212129,58.26190476190476
15.997735849056602,1.2040221881422264,58.357142857142854
15.997735849056602,1.2120566659206822,58.95238095238095
15.997735849056602,1.2112213933300582,59.46031746031746
15.997735849056602,1.0707885988514203,60.45238095238095
15.997735849056602,1.0666741099062338,60.57936507936508
15.997735849056602,1.0811099469084366,60.43650793650794
15.997735849056602,1.0776840903579683,60.41269841269841
15.997735849056602,1.088081607885675,60.182539682539684
15.89132075471698,1.1057661479135112,59.93650793650794
15.89132075471698,1.1703902842994947,60.42063492063492
15.89132075471698,1.1735625432226515,60.48412698412698
15.643018867924527,1.1650844574294281,61.48412698412698
15.643018867924527,1.1561383164909338,61.404761904761905
15.643018867924527,1.156943482950207,63.182539682539684
15.643018867924527,1.1576217322590854,64.11111111111111
15.643018867924527,1.1635830671171628,65.0079365079365
15.643018867924527,1.165798013068506,66.0
15.643018867924527,1.172781881722294,66.55555555555556
15.643018867924527,1.1626870834310141,67.30952380952381
15.643018867924527,1.1486114900184186,67.48412698412699
15.643018867924527,1.138131834904332,67.73015873015873
15.643018867924527,1.1429474541007572,67.83333333333333
15.643018867924527,1.1357807064960928,68.37301587301587
15.643018867924527,1.1329924448164406,68.11111111111111
15.643018867924527,1.126960440908537,69.01587301587301
15.643018867924527,1.1201359450321726,69.38888888888889
15.643018867924527,1.1122066993153898,70.11904761904762
15.643018867924527,1.114435143675838,70.45238095238095
15.643018867924527,1.1297359522085275,70.51587301587301
15.643018867924527,1.1300826506913437,70.57936507936508
15.643018867924527,1.1311548879865176,70.82539682539682
15.643018867924527,1.1252534792396758,70.88095238095238
15.643018867924527,1.1329678652170319,70.33333333333333
15.643018867924527,1.1427923191760865,69.92857142857143
15.643018867924527,1.1649311471718338,70.31746031746032
15.643018867924527,1.1706231665026328,70.42857142857143
15.643018867924527,1.2050711182100544,70.4920634920635
15.643018867924527,1.2138311091764038,70.28571428571429
15.643018867924527,1.2215271218651809,70.12698412698413
15.643018867924527,1.2368715659001819,70.2063492063492
15.217358490566037,1.249032733655112,70.3015873015873
15.217358490566037,1.2548586654658365,71.21428571428571
15.181886792452827,1.2838950873408552,71.57142857142857
15.181886792452827,1.302742034617685,72.83333333333333
15.181886792452827,1.2873336331403014,74.0
15.181886792452827,1.2562374489683321,75.81746031746032
15.181886792452827,1.3231864650750969,76.30952380952381
15.181886792452827,1.309126118867739,76.84126984126983
15.181886792452827,1.3006041044483716,76.5952380952381
15.181886792452827,1.29138187354746,77.52380952380952
15.181886792452827,1.2866847834288215,77.52380952380952
15.181886792452827,1.2829013727548426,77.96825396825396
15.181886792452827,1.2662180309295041,78.12698412698413
15.181886792452827,1.2533083586902574,78.42063492063492
15.181886792452827,1.2256025437576525,78.61111111111111
15.181886792452827,1.2299349669198714,78.9920634920635
15.181886792452827,1.2359797198920517,79.13492063492063
15.181886792452827,1.2630316685661223,79.30952380952381
15.181886792452827,1.2960494588779734,79.15873015873017
15.181886792452827,1.3198725449852928,78.93650793650794
15.181886792452827,1.3276591776198392,78.46825396825396
15.181886792452827,1.3440745179796287,78.78571428571429
15.181886792452827,1.3518573011168609,78.51587301587301
14.969056603773582,1.352880342041396,78.92857142857143
14.969056603773582,1.363055811074005,78.66666666666667
14.969056603773582,1.3709181133360595,79.31746031746032
14.969056603773582,1.3990044232497048,79.76984126984127
14.969056603773582,1.4310455113207632,80.0952380952381
14.969056603773582,1.436427216095367,80.07142857142857
14.969056603773582,1.3788111183975609,80.65873015873017
14.969056603773582,1.3590615621493254,80.63492063492063
14.61433962264151,1.328295161837667,82.76984126984127
14.61433962264151,1.3185177930311975,83.73809523809524
14.61433962264151,1.3258436476534452,84.58730158730158
14.61433962264151,1.3165706870091176,85.57936507936508
14.61433962264151,1.310457702747436,86.38095238095238
14.61433962264151,1.289625058207047,86.88095238095238
14.61433962264151,1.282360764658143,88.16666666666667
14.61433962264151,1.281015352954032,87.93650793650794
14.61433962264151,1.2801300610875084,88.77777777777777
14.61433962264151,1.2709322748300704,88.92857142857143
14.61433962264151,1.2761285597391556,90.42063492063492
14.61433962264151,1.322733897243443,90.62698412698413
14.61433962264151,1.3197452119903332,91.81746031746032
14.61433962264151,1.3221170576188526,91.52380952380952
14.61433962264151,1.3310872170970607,92.32539682539682
14.61433962264151,1.331413096515192,92.32539682539682
14.61433962264151,1.3268688702427653,92.98412698412699
14.61433962264151,1.3208666287383937,93.11111111111111
14.61433962264151,1.3240062447821015,93.46825396825396
14.61433962264151,1.3230613359750754,93.67460317460318
14.61433962264151,1.3280311760795327,93.7063492063492
14.61433962264151,1.3233226873383988,93.38888888888889
14.61433962264151,1.3302693696306376,93.68253968253968
14.61433962264151,1.326886040335221,93.41269841269842
14.61433962264151,1.2065730804674841,92.9047619047619
14.61433962264151,1.2118693155920575,93.19047619047619
14.366037735849055,1.2274438051724617,93.35714285714286
14.366037735849055,1.2458746589863106,93.46825396825396
14.366037735849055,1.2731474400089957,94.15079365079364
14.188679245283017,1.3014611281832067,95.15873015873017
14.188679245283017,1.3121974275114612,96.15873015873017
14.188679245283017,1.3146132080988522,96.54761904761905
14.188679245283017,1.3242186656403405,97.35714285714286
14.188679245283017,1.2795603209092945,98.05555555555556
14.188679245283017,1.261104800910636,98.5952380952381
14.188679245283017,1.2567345704773876,98.08730158730158
14.188679245283017,1.2587122261873136,99.48412698412699
14.117735849056603,1.2543340379547603,99.92857142857143
14.117735849056603,1.232826114440996,100.97619047619048
14.117735849056603,1.2163992055610728,102.11904761904762
14.117735849056603,1.214693794555418,102.83333333333333
14.117735849056603,1.2108290958239232,103.14285714285714
14.117735849056603,1.2103443644454015,103.81746031746032
14.117735849056603,1.214586312530067,103.32539682539682
14.117735849056603,1.2293969841769634,104.28571428571429
14.117735849056603,1.2351786338602613,104.57142857142857
14.117735849056603,1.2412107333832048,104.9920634920635
14.117735849056603,1.2402895363745725,104.61111111111111
14.117735849056603,1.245031200769182,105.16666666666667
14.117735849056603,1.2501277075187665,104.91269841269842
14.117735849056603,1.2523131137088852,105.33333333333333
14.117735849056603,1.2494071272432195,104.84126984126983
13.975849056603773,1.2510482701811096,105.11111111111111
13.975849056603773,1.2585980334848894,105.10317460317461
13.904905660377358,1.2684373626762315,105.46825396825396
13.904905660377358,1.268663383971525,105.4047619047619
13.904905660377358,1.2745679024709489,106.19047619047619
13.904905660377358,1.1439623654228428,106.42063492063492
13.904905660377358,1.1455272879158684,106.65079365079364
13.904905660377358,1.146370328920909,106.36507936507937
13.904905660377358,1.1520353625986635,106.95238095238095
13.904905660377358,1.1531512001934374,107.0952380952381
13.904905660377358,1.156201261946882,107.47619047619048
13.904905660377358,1.160529169151336,106.23015873015873
13.904905660377358,1.1624697817833376,107.0
13.904905660377358,1.164290189533882,106.84920634920636
13.904905660377358,1.1713460397682158,106.53174603174604
13.72754716981132,1.1723237704385245,106.53968253968254
13.72754716981132,1.17349220988798,107.21428571428571
13.72754716981132,1.1778209698124789,108.11904761904762
13.72754716981132,1.1765876556265806,107.76190476190476
13.692075471698113,1.1169380125645194,108.42857142857143
13.692075471698113,1.1195321724333722,108.73809523809524
13.692075471698113,1.138325519859176,109.26984126984127
13.692075471698113,1.157008199731649,108.55555555555556
13.692075471698113,1.1745051804279965,108.84920634920636
13.692075471698113,1.1944654088050326,108.7063492063492
13.692075471698113,1.2088608930751346,108.77777777777777
13.692075471698113,1.2401159675340911,108.35714285714286
13.692075471698113,1.2530208266389562,108.18253968253968
13.656603773584903,1.2572625449890538,107.73015873015873
13.656603773584903,1.264465010184687,107.5952380952381
13.656603773584903,1.2620119317496854,107.34126984126983
13.656603773584903,1.2722961019164254,107.02380952380952
13.656603773584903,1.2745112831829384,106.4047619047619
13.479245283018866,1.2755544592056622,106.25396825396825
13.479245283018866,1.2754536399918106,105.94444444444444
13.479245283018866,1.2756918836523543,106.42063492063492
13.479245283018866,1.2775260149497247,106.4047619047619
13.479245283018866,1.2805811244182914,106.44444444444444
13.479245283018866,1.2659284649130813,106.33333333333333
13.479245283018866,1.2465710911007672,106.68253968253968
13.479245283018866,1.2312822667190388,106.82539682539682
13.372830188679243,1.225564362160312,106.94444444444444
13.372830188679243,1.2302302282368993,106.65079365079364
13.372830188679243,1.2374717086191744,107.39682539682539
13.372830188679243,1.2429674041697338,107.04761904761905
13.372830188679243,1.251417936498008,107.33333333333333
13.372830188679243,1.2436774130659094,106.81746031746032
13.372830188679243,1.2579996351174334,106.87301587301587
13.372830188679243,1.3261543400609221,106.7063492063492
13.372830188679243,1.3290012851261592,106.26190476190476
13.372830188679243,1.3270284243212118,105.52380952380952
13.372830188679243,1.3409520360375071,104.95238095238095
13.372830188679243,1.277124911853459,104.72222222222223
13.372830188679243,1.2912881690075884,104.07936507936508
13.372830188679243,1.318983176355548,102.55555555555556
13.372830188679243,1.331069852192877,101.84920634920636
13.053584905660376,1.3412428555691516,100.93650793650794
12.982641509433961,1.340061496115426,101.57936507936508
12.982641509433961,1.3393603560557898,101.85714285714286
12.982641509433961,1.3407950977744616,102.32539682539682
12.982641509433961,1.3331308208995576,102.36507936507937
13.018113207547168,1.3250229335587491,102.76984126984127
12.982641509433961,1.3192683033205952,103.65873015873017
12.982641509433961,1.313029283223285,103.44444444444444
12.982641509433961,1.2926124159564818,104.0079365079365
12.982641509433961,1.251097696953154,103.67460317460318
12.982641509433961,1.2372341984598576,103.73809523809524
12.982641509433961,1.2408449481409012,102.31746031746032
12.982641509433961,1.2436080851580746,102.64285714285714
12.698867924528301,1.2484204499502942,102.47619047619048
12.698867924528301,1.2750823314856734,103.15873015873017
12.698867924528301,1.274563080259433,104.36507936507937
12.698867924528301,1.2684287927687599,104.67460317460318
12.698867924528301,1.256995563670793,104.89682539682539
12.698867924528301,1.2429289628697937,105.53968253968254
12.698867924528301,1.236041788256448,105.77777777777777
12.663396226415093,1.2252813176655817,106.87301587301587
12.663396226415093,1.0804969915375058,107.11904761904762
12.663396226415093,1.0757961846673942,108.16666666666667
12.663396226415093,1.0806818314317448,108.07142857142857
12.663396226415093,1.0978284141390724,108.37301587301587
12.663396226415093,1.110501152588557,107.87301587301587
12.663396226415093,1.119171208672799,108.43650793650794
12.663396226415093,1.1260373910873918,108.46031746031746
12.521509433962263,1.1281177609878261,108.93650793650794
12.521509433962263,1.129326536328662,108.7936507936508
12.521509433962263,1.1298093564196325,109.58730158730158
12.521509433962263,1.1297221658543224,109.5079365079365
12.521509433962263,1.1371622797063559,109.80952380952381
12.521509433962263,1.1402926141083225,109.4047619047619
12.521509433962263,1.1484554538548188,109.96825396825396
12.521509433962263,1.1514406482097812,110.10317460317461
12.521509433962263,1.1627524182296753,110.05555555555556
12.521509433962263,1.1607531853156083,109.42857142857143
12.521509433962263,1.1708440806768128,109.69047619047619
12.521509433962263,1.1809541173910543,108.53968253968254
12.521509433962263,1.1804832015939204,106.94444444444444
12.521509433962263,1.1716775693312564,107.31746031746032
12.521509433962263,1.1444745789104869,106.6984126984127
12.521509433962263,1.1022081472458423,106.0079365079365
12.521509433962263,1.085207852905274,105.74603174603175
12.521509433962263,1.0738070651684422,105.34126984126983
12.415094339622641,1.0656978456557757,104.25396825396825
12.415094339622641,1.0624103839035186,103.65873015873017
12.415094339622641,1.0611574915212352,103.34126984126983
12.415094339622641,1.0690146651091552,102.07142857142857
12.273207547169811,1.073204825155771,101.62698412698413
12.131320754716981,1.069924100655278,101.45238095238095
12.131320754716981,1.0752708540218465,102.32539682539682
12.131320754716981,1.0784343868682573,102.45238095238095
12.131320754716981,1.0877903886247784,103.07142857142857
12.131320754716981,1.0971006301540425,103.68253968253968
12.131320754716981,1.1111487416578985,103.94444444444444
12.131320754716981,1.1187692934756295,103.36507936507937
12.131320754716981,1.1447855201201584,103.68253968253968
12.131320754716981,1.157164060155045,103.55555555555556
12.131320754716981,1.1749966985258933,103.69047619047619
12.131320754716981,1.1962682636523814,103.04761904761905
12.131320754716981,1.202518519099893,102.6984126984127
12.131320754716981,1.1901056574013782,102.33333333333333
12.131320754716981,1.1911121893902865,101.7063492063492
12.131320754716981,1.183270264379577,100.9047619047619
11.918490566037734,1.1795584105958012,101.61111111111111
11.918490566037734,1.1799685267730478,101.4047619047619
11.918490566037734,1.1856762565916823,101.32539682539682
11.918490566037734,1.1909487214764436,101.33333333333333
11.918490566037734,1.2020220488325926,100.97619047619048
11.918490566037734,1.2003954229207376,101.23809523809524
11.883018867924529,1.2008368933190932,101.23809523809524
11.883018867924529,1.1573416262491987,100.9920634920635
11.883018867924529,1.1461379372121157,101.0
11.883018867924529,1.1419229716088481,100.57936507936508
11.883018867924529,1.0959760396232,100.55555555555556
11.883018867924529,1.1332011091562542,99.23809523809524
11.883018867924529,1.1481412045109307,98.74603174603175
11.883018867924529,1.1502686799318185,98.32539682539682
11.883018867924529,1.169312544777863,97.37301587301587
11.883018867924529,1.169393976061129,96.47619047619048
11.492830188679244,1.165411506452495,96.5079365079365
11.492830188679244,1.1363831263942712,97.96031746031746
11.492830188679244,1.1082430728676587,98.98412698412699
11.492830188679244,1.1077540810398288,99.97619047619048
11.492830188679244,1.1047353546547614,100.71428571428571
11.492830188679244,1.0988273759845704,101.10317460317461
11.492830188679244,1.097845588258493,102.17460317460318
11.492830188679244,1.0953946013128235,102.52380952380952
11.492830188679244,1.08930851604793,102.7063492063492
11.492830188679244,1.068908735087521,102.42857142857143
11.492830188679244,1.047258221305049,103.04761904761905
11.492830188679244,1.0479867909444178,103.47619047619048
11.492830188679244,1.0547820418098572,103.38888888888889
11.492830188679244,1.0329320254233465,103.2936507936508
11.492830188679244,1.0282042316686426,103.36507936507937
11.492830188679244,1.0347095591535467,102.58730158730158
11.492830188679244,1.0465231530640335,102.17460317460318
11.492830188679244,1.0563152992343314,101.19047619047619
11.492830188679244,1.0715499210175032,100.69047619047619
11.209056603773583,1.0793065018932286,101.46031746031746
11.209056603773583,1.0127118749395678,102.83333333333333
11.209056603773583,0.9935720153988215,102.23015873015873
11.209056603773583,0.9825970783828889,102.84126984126983
11.209056603773583,0.9742681682185086,103.34920634920636
11.209056603773583,0.962042109288268,103.84920634920636
11.209056603773583,0.9622278245696573,103.78571428571429
11.209056603773583,0.9586028262150549,103.65873015873017
11.173584905660375,0.9546751570783126,103.86507936507937
11.209056603773583,0.9386703894123154,103.51587301587301
11.173584905660375,0.9240813339466766,103.31746031746032
11.173584905660375,0.9358094353253591,103.23015873015873
11.173584905660375,0.9851412295530572,102.97619047619048
11.173584905660375,1.0110498778857686,102.53968253968254
11.173584905660375,1.0185438160978424,102.18253968253968
11.173584905660375,1.0279490637118065,101.34126984126983
11.13811320754717,1.0348351871615165,100.72222222222223
11.13811320754717,1.0389124665086367,99.4047619047619
11.13811320754717,1.0473705356249638,98.65079365079364
11.13811320754717,1.0589845499208106,97.15873015873017
11.13811320754717,1.0670618075380942,96.28571428571429
11.13811320754717,1.0740359795365513,94.52380952380952
10.8188679245283,1.0675807355509943,95.19047619047619
10.8188679245283,1.0118427077306646,95.5952380952381
10.8188679245283,0.9972333626407691,96.48412698412699
10.8188679245283,0.9927134186540459,96.65873015873017
10.8188679245283,0.9769873297630869,97.38888888888889
10.8188679245283,0.9623055855160269,97.22222222222223
10.8188679245283,0.9693947305675584,97.22222222222223
10.8188679245283,0.9674437138991562,97.34126984126983
10.8188679245283,0.9697820845127072,97.19047619047619
10.8188679245283,0.9731775570577114,96.8015873015873
10.8188679245283,0.9710363429448656,96.93650793650794
10.8188679245283,0.9740857200454364,95.84920634920636
10.8188679245283,0.975370872568035,95.52380952380952
10.783396226415093,0.9828231903462734,94.38888888888889
10.783396226415093,0.9894008968402556,94.2936507936508
10.783396226415093,1.0473537400477109,92.72222222222223
10.606037735849055,1.064322751553252,92.23809523809524
10.606037735849055,1.0726131643321266,92.52380952380952
10.606037735849055,1.0740870567185836,92.67460317460318
10.606037735849055,1.0700958106045928,92.57936507936508
10.57056603773585,0.9703812693547886,92.95238095238095
10.57056603773585,0.9578782116782019,92.7063492063492
10.57056603773585,0.9524327328450456,92.65873015873017
10.57056603773585,0.9423442283109823,92.03968253968254
10.57056603773585,0.9428439284494129,92.01587301587301
10.57056603773585,0.9718769224373246,91.03968253968254
10.57056603773585,0.9749207222751223,90.44444444444444
10.57056603773585,0.9770071211522938,90.28571428571429
10.499622641509433,0.9842641339171453,89.28571428571429
10.499622641509433,0.9864233511503386,88.32539682539682
10.499622641509433,0.9983416203590112,88.17460317460318
10.357735849056603,1.0132068896403736,87.56349206349206
10.357735849056603,1.0246718477094539,87.64285714285714
10.357735849056603,1.0267108281308108,86.94444444444444
10.357735849056603,1.022824112394125,87.31746031746032
10.357735849056603,1.0170824648010366,87.31746031746032
10.357735849056603,1.0161000164370322,86.78571428571429
10.215849056603773,0.9629422410285233,86.94444444444444
10.215849056603773,0.943980069769359,87.73809523809524
10.215849056603773,0.9410735958099836,87.55555555555556
10.215849056603773,0.9394460853854245,87.62698412698413
10.144905660377358,0.9376868678904317,87.5
10.144905660377358,0.9348836467019528,88.41269841269842
10.144905660377358,0.9353700510833974,88.62698412698413
10.144905660377358,0.9459866334815963,88.66666666666667
10.038490566037733,0.9627565290567921,89.61111111111111
10.038490566037733,0.9673471184772556,90.84126984126983
10.038490566037733,0.9579319009574138,90.80952380952381
10.038490566037733,0.9424523232903225,90.57142857142857
10.038490566037733,0.9297547083833091,90.85714285714286
10.038490566037733,0.9275780876861079,91.43650793650794
10.038490566037733,0.9266180325195112,91.14285714285714
10.038490566037733,0.9047940795738412,90.72222222222223
10.038490566037733,0.9125800932090419,90.01587301587301
9.896603773584904,0.9328529447911229,89.87301587301587
9.896603773584904,0.9364379065289858,90.0
9.896603773584904,0.9190952407523216,90.45238095238095
9.896603773584904,0.8958908434378997,90.01587301587301
9.896603773584904,0.8947081581805731,90.19047619047619
9.861132075471698,0.8955889775165486,89.46031746031746
9.861132075471698,0.9012601987596688,89.43650793650794
9.861132075471698,0.9035960557457116,88.8015873015873
9.861132075471698,0.9107726763122186,88.53968253968254
9.861132075471698,0.9033256034464977,87.83333333333333
9.861132075471698,0.9019690516496042,87.41269841269842
9.648301886792451,0.8996542452122964,86.97619047619048
9.648301886792451,0.8949543899252773,88.51587301587301
9.648301886792451,0.8953055743191465,88.88888888888889
9.648301886792451,0.9074616479556062,89.34920634920636
9.648301886792451,0.9142037241018465,89.10317460317461
9.648301886792451,0.9213137033953237,89.68253968253968
9.648301886792451,0.937968346577221,89.53968253968254
9.648301886792451,0.9501386513129864,89.32539682539682
9.648301886792451,0.9586751738153623,88.1984126984127
9.648301886792451,0.9059852257453043,88.27777777777777
9.648301886792451,0.9003763072517351,87.71428571428571
9.435471698113208,0.8964577069853832,88.35714285714286
9.435471698113208,0.9014478853490061,88.44444444444444
9.435471698113208,0.9122315682503235,89.25396825396825
9.399999999999999,0.9183179820362856,89.88095238095238
9.399999999999999,0.9234534019439673,90.06349206349206
9.399999999999999,0.9232656284864146,89.94444444444444
9.399999999999999,0.9212090825083942,90.1984126984127
9.399999999999999,0.8936075846967837,89.44444444444444
9.399999999999999,0.8814745512191825,89.7936507936508
9.399999999999999,0.87951547276786,88.8015873015873
9.258113207547169,0.8846180037102398,89.2063492063492
9.116226415094339,0.8846683419266349,90.23809523809524
9.116226415094339,0.8829150027240699,92.5
9.116226415094339,0.8773852322553432,94.01587301587301
9.116226415094339,0.8764652813149767,94.9920634920635
9.116226415094339,0.8643179429569862,95.86507936507937
9.116226415094339,0.8371016715748203,96.88888888888889
9.116226415094339,0.824530903579024,97.48412698412699
9.116226415094339,0.8270099457015568,98.15873015873017
9.116226415094339,0.8352688161534935,97.24603174603175
9.116226415094339,0.8409226184853538,97.83333333333333
9.116226415094339,0.8488711318413354,97.46825396825396
9.116226415094339,0.8547469468768605,97.25396825396825
9.116226415094339,0.858071646182503,96.44444444444444
9.116226415094339,0.8752242967066703,95.74603174603175
9.009811320754716,0.883934782527418,94.82539682539682
9.009811320754716,0.8727845419219361,94.23809523809524
8.903396226415094,0.8406590738832446,94.37301587301587
8.903396226415094,0.8404662682136023,94.5952380952381
8.903396226415094,0.8390572816429195,94.82539682539682
8.903396226415094,0.8443937089757777,94.4920634920635
8.903396226415094,0.8468486574903042,93.89682539682539
8.903396226415094,0.8455721399135306,94.15079365079364
8.903396226415094,0.8423664689698559,93.62698412698413
8.903396226415094,0.8428531964465874,93.26190476190476
8.761509433962264,0.8410918878629347,93.7063492063492
8.761509433962264,0.844756760727068,94.83333333333333
8.726037735849054,0.8502042260367301,94.48412698412699
8.726037735849054,0.8546085051296574,94.66666666666667
8.726037735849054,0.8573265515752988,94.43650793650794
8.761509433962264,0.8766883118322701,94.17460317460318
8.655094339622641,0.8897751800700289,94.24603174603175
8.584150943396224,0.9005810068927906,94.65079365079364
8.584150943396224,0.8730616824637548,96.01587301587301
8.584150943396224,0.874811096472288,96.5952380952381
8.584150943396224,0.871180611678353,96.81746031746032
8.584150943396224,0.8535547380027473,96.71428571428571
8.548679245283019,0.8345410991177376,96.88888888888889
8.548679245283019,0.8429243248460145,96.46031746031746
8.477735849056602,0.8503211525418984,96.34920634920636
8.477735849056602,0.8586424559416996,96.67460317460318
8.442264150943394,0.8617099990838479,96.94444444444444
8.442264150943394,0.8541751902496634,96.84126984126983
8.442264150943394,0.8499885470518221,97.48412698412699
8.442264150943394,0.8431136738668762,97.7063492063492
8.442264150943394,0.8461310271426192,97.84126984126983
8.442264150943394,0.851779486795859,97.5
8.406792452830189,0.8597468452813939,97.9047619047619
8.371320754716981,0.8623759211282527,97.97619047619048
8.371320754716981,0.870965063534004,98.30952380952381
8.371320754716981,0.8737261111407789,97.92063492063492
8.371320754716981,0.8452163868204481,97.80952380952381
8.22943396226415,0.8411095030536202,97.61111111111111
8.22943396226415,0.8277778198506748,99.23809523809524
8.22943396226415,0.8299127581529678,98.95238095238095
8.22943396226415,0.8274793786237423,100.04761904761905
8.22943396226415,0.8268952621662546,100.32539682539682
8.193962264150942,0.8331623573032853,100.2063492063492
8.193962264150942,0.8313816732951437,100.48412698412699
8.193962264150942,0.8324738300231116,101.11111111111111
8.193962264150942,0.8309306170793602,101.16666666666667
8.193962264150942,0.8364166798794992,101.41269841269842
8.193962264150942,0.8412992561417164,101.0079365079365
8.193962264150942,0.852214277460265,101.44444444444444
8.08754716981132,0.8604473402711863,101.05555555555556
8.08754716981132,0.8454612779576494,101.81746031746032
8.08754716981132,0.8458125430340833,101.48412698412699
8.08754716981132,0.8469919379860426,102.03968253968254
8.08754716981132,0.8449084595132916,102.02380952380952
8.08754716981132,0.835236146295466,102.1984126984127
7.94566037735849,0.8417334219609466,102.69047619047619
7.94566037735849,0.8340189601929451,104.03174603174604
7.94566037735849,0.8236731306577797,104.33333333333333
7.94566037735849,0.8141192209028858,104.77777777777777
7.94566037735849,0.8025650238718444,104.4920634920635
7.910188679245282,0.7973399224531009,105.13492063492063
7.910188679245282,0.8030324170541336,104.95238095238095
7.910188679245282,0.8073410258406513,105.15873015873017
7.910188679245282,0.8132159643422119,104.61904761904762
7.8747169811320745,0.8188944467444719,104.7936507936508
7.8747169811320745,0.8225749022630541,104.62698412698413
7.8747169811320745,0.8310988720128423,104.44444444444444
7.697358490566038,0.8309519882655351,104.33333333333333
7.697358490566038,0.8024112569243974,106.42063492063492
7.697358490566038,0.7912554329096975,107.2936507936508
7.697358490566038,0.7877577778563414,108.16666666666667
7.697358490566038,0.7903386077429074,107.98412698412699
7.697358490566038,0.7927501300632639,108.80952380952381
7.697358490566038,0.8007656639818462,108.54761904761905
7.6618867924528296,0.8075143662520933,108.34920634920636
7.6618867924528296,0.8009395900096539,108.10317460317461
7.6618867924528296,0.796284113963292,108.26190476190476
7.6618867924528296,0.8015680568080477,106.9920634920635
7.6618867924528296,0.8005571809149261,106.7063492063492
7.6618867924528296,0.7939362545359628,105.84920634920636
7.555471698113208,0.8012693691734767,105.83333333333333
7.555471698113208,0.7967602727369043,105.73809523809524
7.555471698113208,0.8015289266986322,106.02380952380952
7.449056603773585,0.8063542351416915,106.41269841269842
7.449056603773585,0.7933668185352015,106.72222222222223
7.449056603773585,0.8018462156531048,107.03968253968254
7.449056603773585,0.791867207160019,107.95238095238095
7.449056603773585,0.7853691099866433,107.64285714285714
7.449056603773585,0.78596528076401,107.46031746031746
7.307169811320755,0.7866100688506229,106.94444444444444
7.307169811320755,0.7886051852143637,107.7936507936508
7.307169811320755,0.7844536043109179,108.89682539682539
7.307169811320755,0.7922531288535781,109.27777777777777
7.307169811320755,0.7907361078579618,109.14285714285714
7.271698113207546,0.7972397957115032,109.96031746031746
7.271698113207546,0.7932779569092763,110.14285714285714
7.271698113207546,0.7795163765005305,110.46825396825396
7.23622641509434,0.768848898378909,110.45238095238095
7.23622641509434,0.76739571596349,111.02380952380952
7.23622641509434,0.7687187640144271,110.88888888888889
7.23622641509434,0.7760464174752716,110.82539682539682
7.23622641509434,0.7854657943734409,109.65079365079364
7.094339622641509,0.7664382258299722,110.35714285714286
7.094339622641509,0.7607733882923641,110.17460317460318
7.094339622641509,0.7548188496593543,110.75396825396825
7.094339622641509,0.7481489596174068,110.2936507936508
7.023396226415094,0.7492082849431643,110.72222222222223
7.023396226415094,0.7490879632835706,110.92857142857143
7.023396226415094,0.7585936419770509,112.0079365079365
7.023396226415094,0.7679161506603058,112.12698412698413
6.987924528301886,0.7830732171027168,111.74603174603175
6.987924528301886,0.7825820811483384,111.8015873015873
6.987924528301886,0.7843066278192355,111.86507936507937
6.987924528301886,0.777293584551316,111.05555555555556
6.952452830188679,0.7785916094629663,111.06349206349206
6.952452830188679,0.7727022154218377,110.8015873015873
6.810566037735849,0.7613053854687006,111.53968253968254
6.810566037735849,0.7561285050565745,112.35714285714286
6.810566037735849,0.7428542103424179,114.15079365079364
6.810566037735849,0.7341774571463808,114.38888888888889
6.810566037735849,0.7330559254201592,114.84920634920636
6.810566037735849,0.7371072830273834,114.73809523809524
6.810566037735849,0.7392965336429536,114.5079365079365
6.810566037735849,0.742276094595456,113.31746031746032
6.810566037735849,0.7436728086948422,113.1984126984127
6.668679245283018,0.7506026497572013,113.03968253968254
6.668679245283018,0.7538627570599635,113.81746031746032
6.63320754716981,0.7573516127196427,113.62698412698413
6.63320754716981,0.7673806385724034,113.83333333333333
6.63320754716981,0.766587134237249,114.03968253968254
6.526792452830188,0.745884147978207,114.38888888888889
6.526792452830188,0.7329125797414512,114.73809523809524
6.526792452830188,0.7120861361605604,116.0952380952381
6.526792452830188,0.7106024518777483,115.93650793650794
6.526792452830188,0.7128148837167259,115.95238095238095
6.526792452830188,0.7194399749112821,115.3015873015873
6.4913207547169804,0.7224334630370076,116.0
6.4913207547169804,0.7256286587119333,116.0079365079365
6.4913207547169804,0.7303123880977722,116.0079365079365
6.4913207547169804,0.7290872001007873,115.03968253968254
6.4913207547169804,0.7255281024009155,114.4047619047619
6.4913207547169804,0.7150646526333522,113.33333333333333
6.2784905660377355,0.704000916325865,113.98412698412699
6.2784905660377355,0.7032070266006288,114.55555555555556
6.2784905660377355,0.7033660338637682,117.2063492063492
6.2784905660377355,0.7094828457505387,119.10317460317461
6.243018867924527,0.7097835440128965,119.87301587301587
6.243018867924527,0.7061211528282305,120.69047619047619
6.243018867924527,0.6998105463524833,121.24603174603175
6.243018867924527,0.698980495073807,121.38888888888889
6.243018867924527,0.6936008686941572,121.1984126984127
6.243018867924527,0.6973310845700973,121.17460317460318
6.243018867924527,0.7001370405247375,120.61904761904762
6.243018867924527,0.7079031128266418,120.21428571428571
6.243018867924527,0.7111187647566738,119.52380952380952
6.243018867924527,0.7076763216060016,118.65873015873017
6.243018867924527,0.702733833928465,117.58730158730158
6.243018867924527,0.6987431824800838,115.38095238095238
6.030188679245282,0.6906046679003359,114.0
6.030188679245282,0.6731924488704036,115.57936507936508
6.030188679245282,0.6676734069293749,116.57936507936508
6.030188679245282,0.6688503156216968,117.13492063492063
5.959245283018867,0.6733137598417815,117.68253968253968
5.959245283018867,0.6949350974972838,119.66666666666667
5.888301886792452,0.6988275975931483,120.72222222222223
5.852830188679245,0.7065211087700324,121.02380952380952
5.852830188679245,0.6938627968280919,122.60317460317461
5.852830188679245,0.6777679700561312,123.15873015873017
5.852830188679245,0.6391973236992768,123.9920634920635
5.852830188679245,0.6401814317065101,123.54761904761905
5.852830188679245,0.6471056450996866,123.7063492063492
5.817358490566037,0.6475656673092468,123.38095238095238
5.817358490566037,0.6501882099594914,123.47619047619048
5.817358490566037,0.657718454483708,122.26190476190476
5.817358490566037,0.6682956029573538,121.35714285714286
5.710943396226415,0.6649011745089812,121.6984126984127
5.710943396226415,0.6590770295597322,121.88095238095238
5.675471698113207,0.6520163797596699,122.24603174603175
5.675471698113207,0.6488783335975904,122.67460317460318
5.604528301886791,0.6495021021916209,122.73809523809524
5.604528301886791,0.6447419781596542,123.61111111111111
5.604528301886791,0.6375557954708992,124.13492063492063
5.533584905660376,0.6403037369346123,124.63492063492063
5.533584905660376,0.6391291838433137,125.72222222222223
5.533584905660376,0.6430703015970425,126.1984126984127
5.533584905660376,0.6427581177772735,126.61904761904762
5.533584905660376,0.6488204129067535,126.7936507936508
5.533584905660376,0.6502257475044884,126.69047619047619
5.533584905660376,0.6553677358451617,126.85714285714286
5.462641509433961,0.6460780829470048,126.85714285714286
5.462641509433961,0.6384163884381454,126.52380952380952
5.462641509433961,0.6357643971569658,126.28571428571429
5.462641509433961,0.6410282035256784,125.67460317460318
5.462641509433961,0.6416488520527331,124.44444444444444
5.462641509433961,0.652510602890051,121.65873015873017
5.249811320754716,0.647994916257729,123.86507936507937
5.249811320754716,0.6435153501915598,125.27777777777777
5.249811320754716,0.6320210266432986,126.47619047619048
5.249811320754716,0.6315211875525941,127.4920634920635
5.249811320754716,0.6275677318505868,129.21428571428572
5.249811320754716,0.6252698294472637,130.1984126984127
5.214339622641509,0.6174302325343105,130.14285714285714
5.214339622641509,0.6158669535287963,130.73015873015873
5.214339622641509,0.6156937297301407,130.71428571428572
5.178867924528301,0.6157551054101073,131.0793650793651
5.178867924528301,0.6273651096977615,130.9206349206349
5.107924528301886,0.6185227878666293,130.8015873015873
5.107924528301886,0.5834530369955324,131.02380952380952
5.107924528301886,0.5762356169352189,131.45238095238096
5.107924528301886,0.5747008070160887,130.56349206349208
5.107924528301886,0.5786033934271588,128.4920634920635
4.966037735849056,0.5817423095553345,127.85714285714286
4.966037735849056,0.589628514101114,129.4047619047619
4.966037735849056,0.595845424868736,129.94444444444446
4.966037735849056,0.60389726805219,129.74603174603175
4.966037735849056,0.6069722590910086,129.70634920634922
4.966037735849056,0.6058597239925202,129.66666666666666
4.859622641509434,0.6065045603563836,129.6031746031746
4.859622641509434,0.5987291860553473,130.46825396825398
4.8241509433962255,0.5852341004234903,130.88888888888889
4.8241509433962255,0.583162812115333,131.94444444444446
4.8241509433962255,0.5882687358682664,131.73015873015873
4.8241509433962255,0.5982667976042159,132.02380952380952
4.8241509433962255,0.5818184296910224,131.65079365079364
4.7532075471698105,0.5755013207976287,132.26190476190476
4.7532075471698105,0.5740415845381023,131.12698412698413
4.6822641509433955,0.5704582194160577,132.23015873015873
4.646792452830189,0.5613039023993499,134.14285714285714
4.6113207547169806,0.5571375166468473,136.85714285714286
4.575849056603774,0.5413018702952166,139.75396825396825
4.575849056603774,0.5344509241085105,141.67460317460316
4.575849056603774,0.5361264533567611,142.45238095238096
4.575849056603774,0.5363081507501993,143.1984126984127
4.575849056603774,0.5414686781138706,142.68253968253967
4.575849056603774,0.5485790269278856,141.9206349206349
4.504905660377358,0.5503522019507453,141.87301587301587
4.504905660377358,0.5368763127517215,142.45238095238096
4.504905660377358,0.5295441427119715,142.31746031746033
4.504905660377358,0.537262130414454,142.04761904761904
4.504905660377358,0.5429306998767562,141.14285714285714
4.504905660377358,0.5448318332288148,139.73015873015873
4.504905660377358,0.5547396264130139,136.55555555555554
4.469433962264151,0.5615744117492549,135.67460317460316
4.327547169811321,0.5531152597529533,138.9047619047619
4.256603773584906,0.5444845558511937,142.03174603174602
4.256603773584906,0.5341915667394319,145.6904761904762
4.256603773584906,0.5357602284888745,146.68253968253967
4.256603773584906,0.5338532787245056,147.9047619047619
4.256603773584906,0.5311229874040088,147.15873015873015
4.256603773584906,0.5293233411182434,146.18253968253967
4.185660377358491,0.5258747943222757,146.73809523809524
4.150188679245282,0.4880172177939593,149.36507936507937
4.150188679245282,0.4755751072387395,150.34920634920636
4.150188679245282,0.48069557461928064,150.46825396825398
4.114716981132075,0.48808975922131115,150.9047619047619
4.114716981132075,0.4943016791055221,150.34920634920636
4.114716981132075,0.4966889775466476,150.11111111111111
4.114716981132075,0.4935600711531675,148.76190476190476
4.114716981132075,0.49371422272922433,147.43650793650792
4.04377358490566,0.5013351496936101,146.52380952380952
4.008301886792452,0.49866271843583354,147.27777777777777
4.008301886792452,0.5037050609072545,147.3095238095238
4.008301886792452,0.5150812854810503,147.21428571428572
3.972830188679245,0.5179687851258548,146.76984126984127
3.9373584905660373,0.519408249281661,146.84126984126985
3.9373584905660373,0.5179528477565795,146.06349206349208
3.866415094339622,0.5175741485419062,146.46825396825398
3.8309433962264148,0.5074101966896764,150.17460317460316
3.8309433962264148,0.49710644911620944,153.4126984126984
3.795471698113207,0.4880142244359704,155.29365079365078
3.76,0.47741370256726345,157.83333333333334
3.76,0.46942221725963185,158.75396825396825
3.76,0.45823356533549703,159.76190476190476
3.76,0.45648722890722665,159.46031746031747
3.7245283018867923,0.449860022823881,159.46825396825398
3.689056603773585,0.44755558899488807,160.4206349206349
3.689056603773585,0.44699631990782257,162.9920634920635
3.689056603773585,0.4505205769383785,164.26190476190476
3.689056603773585,0.4485269712405676,164.015873015873
3.689056603773585,0.4463870524477258,162.13492063492063
3.6535849056603773,0.4523040922711063,161.18253968253967
3.6535849056603773,0.46061936074944465,159.4920634920635
3.5471698113207544,0.4602665086147501,156.1031746031746
3.5471698113207544,0.456793871645703,158.18253968253967
3.5471698113207544,0.4509488272041635,160.3968253968254
3.5471698113207544,0.44975253964616285,160.42857142857142
3.4762264150943394,0.4438109717830421,160.0952380952381
3.4762264150943394,0.4489193526440488,159.47619047619048
3.4762264150943394,0.45281321524052515,159.14285714285714
3.4762264150943394,0.45964957769009845,156.52380952380952
3.4762264150943394,0.4554009613941605,154.35714285714286
3.3698113207547165,0.44356750676774054,155.34126984126985
3.3698113207547165,0.43966250050577627,157.5
3.2988679245283015,0.43303498397565665,162.23015873015873
3.2988679245283015,0.4235154687053444,165.16666666666666
3.2988679245283015,0.4186742018002756,165.57142857142858
3.263396226415094,0.41214574710623725,165.88888888888889
3.263396226415094,0.4085741063674327,165.26984126984127
3.263396226415094,0.4068800932920156,164.88888888888889
3.263396226415094,0.411222168151944,164.53174603174602
3.2279245283018865,0.41345305641434615,163.63492063492063
3.2279245283018865,0.41037985618742695,164.88095238095238
3.2279245283018865,0.4100986833599223,164.9920634920635
3.1215094339622635,0.4085455065404564,166.26190476190476
3.1215094339622635,0.4016700668755652,167.24603174603175
3.1215094339622635,0.3924987796780604,167.43650793650792
3.086037735849056,0.39436009971845415,166.46031746031747
3.086037735849056,0.39820286589227566,166.74603174603175
3.0505660377358486,0.3970938483120837,168.4126984126984
3.0505660377358486,0.3981785742503281,169.53174603174602
3.015094339622641,0.39024263875801357,170.1904761904762
2.9796226415094336,0.3771255868802827,172.71428571428572
2.9796226415094336,0.37266362807464104,172.9047619047619
2.9796226415094336,0.3753033333429928,171.76190476190476
2.9796226415094336,0.38693008144961305,169.05555555555554
2.9796226415094336,0.3950210844056586,165.5873015873016
2.8377358490566036,0.38778740790523913,168.484126984127
2.8377358490566036,0.37840004576489056,173.79365079365078
2.8377358490566036,0.37117413110974967,176.5952380952381
2.8377358490566036,0.3612824486681302,178.3015873015873
2.8377358490566036,0.357024012090826,179.23809523809524
2.8377358490566036,0.3531260016708428,178.3015873015873
2.8377358490566036,0.35692624991818356,175.36507936507937
2.766792452830188,0.3635165632611411,173.0
2.7313207547169807,0.3594991665884966,174.34920634920636
2.7313207547169807,0.3518173740703825,175.47619047619048
2.695849056603773,0.34519958913693055,177.27777777777777
2.6603773584905657,0.3442993768939448,178.17460317460316
2.6603773584905657,0.3431386793245553,177.21428571428572
2.624905660377358,0.3434723072463053,174.81746031746033
2.624905660377358,0.3466000812099925,173.9126984126984
2.5894339622641507,0.35209579110866684,173.97619047619048
2.5894339622641507,0.3412963153326191,175.25396825396825
2.5184905660377357,0.3297550884471164,177.81746031746033
2.483018867924528,0.32355835547247863,181.015873015873
2.483018867924528,0.32122043165806274,183.21428571428572
2.483018867924528,0.32077587992233775,181.42857142857142
2.4475471698113207,0.32208888657624024,179.1904761904762
2.4475471698113207,0.3248284919354491,179.44444444444446
2.4475471698113207,0.3227894315438664,178.8015873015873
2.4475471698113207,0.31852561970838317,178.05555555555554
2.3411320754716978,0.3181811451834265,177.11904761904762
2.3411320754716978,0.31236556765122675,182.46825396825398
2.3411320754716978,0.3058461995191855,184.13492063492063
2.3411320754716978,0.3066648367078342,182.54761904761904
2.3056603773584903,0.30074110013132394,183.62698412698413
2.3056603773584903,0.296406415135064,183.29365079365078
2.270188679245283,0.2983927285713681,182.53968253968253
2.270188679245283,0.30225635209112517,179.92857142857142
2.199245283018868,0.29621062527382197,183.76984126984127
2.199245283018868,0.29479904363698495,186.4126984126984
2.199245283018868,0.2937815943454964,186.24603174603175
2.1637735849056603,0.2917545679240609,184.88888888888889
2.1637735849056603,0.28291347594334293,183.61111111111111
2.128301886792453,0.2764790412163732,186.47619047619048
2.128301886792453,0.280148075800912,187.96825396825398
2.0928301886792453,0.2889171237040414,185.515873015873
2.0573584905660374,0.2889802737708675,182.86507936507937
2.02188679245283,0.2900410406255812,184.38888888888889
1.9864150943396226,0.2822332936836786,182.73015873015873
1.9864150943396226,0.2752640408126322,184.17460317460316
1.9509433962264149,0.26747990364235014,190.3095238095238
1.9509433962264149,0.2694470479337253,189.76190476190476
1.9509433962264149,0.2722648059551129,185.4206349206349
1.88,0.2706653997676815,186.73809523809524
1.88,0.27298610507716087,188.73809523809524
1.8445283018867924,0.2734697665622475,188.02380952380952
1.8445283018867924,0.27231732316211005,186.8095238095238
1.8445283018867924,0.27046255052351353,184.76190476190476
1.809056603773585,0.2659919483762231,187.515873015873
1.809056603773585,0.2731432540050673,187.83333333333334
1.809056603773585,0.27722631155813837,185.47619047619048
1.7381132075471697,0.28816512685658735,180.37301587301587
1.7381132075471697,0.2804595707270602,184.27777777777777
1.7026415094339622,0.28065854112418664,188.9126984126984
1.7026415094339622,0.27745467298363163,189.15873015873015
1.7026415094339622,0.2758415294145088,187.21428571428572
1.6671698113207545,0.26918545715866893,188.86507936507937
1.631698113207547,0.2707057259064838,192.43650793650792
1.631698113207547,0.27681544172095923,193.88095238095238
1.631698113207547,0.28446694494105046,190.15873015873015
1.5962264150943395,0.2902082704523872,191.03174603174602
1.5607547169811318,0.2886425464643247,197.05555555555554
1.5607547169811318,0.29884696261017973,195.16666666666666
1.5252830188679243,0.29854495389635677,193.3968253968254
1.5252830188679243,0.30269535649830803,193.0793650793651
1.5252830188679243,0.3057420588209947,191.36507936507937
1.4898113207547168,0.3079602442288989,193.68253968253967
1.4898113207547168,0.3090470248075642,192.78571428571428
1.4543396226415093,0.3173631101099692,190.35714285714286
1.4188679245283018,0.31301438057213526,192.81746031746033
1.4188679245283018,0.31768908019514613,193.6904761904762
1.383396226415094,0.32138454079367546,192.38095238095238
1.3479245283018866,0.33182938489431146,189.27777777777777
1.3479245283018866,0.33053409718015714,190.42857142857142
1.312452830188679,0.33305996078855293,189.44444444444446
1.2769811320754716,0.3484228870416415,187.44444444444446
1.2769811320754716,0.3521266312358792,189.04761904761904
1.241509433962264,0.36015307806141894,189.65079365079364
1.241509433962264,0.36671857419972964,188.17460317460316
1.2060377358490564,0.36982196377330795,183.62698412698413
1.2060377358490564,0.3731747677072168,183.9126984126984
1.1705660377358489,0.3816822380043121,183.03174603174602
1.1705660377358489,0.39312567621099803,180.37301587301587
1.1350943396226414,0.4005053901586756,180.0793650793651
1.099622641509434,0.4028228237834705,180.15079365079364
1.099622641509434,0.40356802052793866,179.93650793650792
1.0641509433962264,0.39724932604350593,177.96031746031747
1.0641509433962264,0.3915577147118537,176.81746031746033
1.0641509433962264,0.38564989111967796,176.42857142857142
1.0286792452830187,0.36815565718836263,177.55555555555554
1.0286792452830187,0.35756220724885035,178.23015873015873
0.9932075471698113,0.33853179611051365,178.9206349206349
0.9577358490566037,0.321587789715201,176.9206349206349
0.9577358490566037,0.29044421796747283,177.4126984126984
0.9222641509433962,0.2625544749216738,177.38888888888889
0.9222641509433962,0.23203054511138793,178.15873015873015
0.9222641509433962,0.2144480745705037,177.66666666666666
0.8867924528301886,0.1886156660702305,177.0952380952381
