17.911531190926276,0.24181729989983974,39.68292682926829
17.875992438563326,0.24168590588912936,40.983739837398375
17.875992438563326,0.24368972807536257,40.552845528455286
17.875992438563326,0.24550293449976604,44.333333333333336
17.875992438563326,0.24872717912045916,44.1219512195122
17.875992438563326,0.24002333170575194,44.52845528455285
17.769376181474478,0.23482658719840985,45.260162601626014
17.769376181474478,0.23933610672394742,44.926829268292686
17.769376181474478,0.22268145796505243,47.65853658536585
17.769376181474478,0.22795356252704674,48.260162601626014
17.37844990548204,0.18846101840372415,48.75609756097561
17.37844990548204,0.18745553573607984,49.67479674796748
17.37844990548204,0.19733493615859868,50.3739837398374
17.37844990548204,0.20441499939745425,51.59349593495935
17.37844990548204,0.21277688401209258,51.75609756097561
17.37844990548204,0.2147053033029808,54.83739837398374
17.37844990548204,0.22806382942488912,54.959349593495936
17.37844990548204,0.25291113761163536,57.552845528455286
17.37844990548204,0.302383591552004,58.19512195121951
17.37844990548204,0.3148155735796703,58.65853658536585
17.37844990548204,0.43594941263224257,59.78048780487805
17.37844990548204,0.4461773838668686,59.80487804878049
17.37844990548204,0.5498926058792247,60.5609756097561
17.37844990548204,0.6039298545406345,60.50406504065041
17.37844990548204,0.6081746261566603,60.27642276422764
17.37844990548204,0.6329017376843663,61.0
17.37844990548204,0.6307933514478586,61.19512195121951
17.37844990548204,0.6453692062647174,61.1219512195122
17.37844990548204,0.6541972626015813,61.39837398373984
17.37844990548204,0.6501867952267274,61.90243902439025
17.37844990548204,0.6590561742922614,62.97560975609756
17.37844990548204,0.6602178641690597,63.113821138211385
17.37844990548204,0.6746639962570627,62.91869918699187
17.37844990548204,0.6849175412293854,63.0
17.0586011342155,0.8609728268111578,63.2520325203252
17.0586011342155,0.8659474046150277,63.26829268292683
17.0586011342155,0.9114105858806307,65.17073170731707
17.0586011342155,0.9205508862068413,65.5691056910569
17.0586011342155,0.9280292810946245,65.60975609756098
17.0586011342155,0.9451379072311367,68.52845528455285
17.0586011342155,0.9105079597448114,68.27642276422765
17.0586011342155,0.9211844351297915,68.88617886178862
17.0586011342155,0.9229674813339523,69.40650406504065
17.0586011342155,1.0593215233730675,69.73983739837398
17.0586011342155,1.0787553312815386,69.64227642276423
17.0586011342155,1.0828175854678221,69.78048780487805
17.0586011342155,1.090353986039173,70.5691056910569
17.0586011342155,1.1037641844973782,70.4308943089431
17.0586011342155,1.103517113956643,70.7479674796748
17.0586011342155,1.1039112336649928,71.1219512195122
17.0586011342155,1.1037469838852456,71.0650406504065
17.0586011342155,1.1175189221292054,71.41463414634147
17.09413988657845,1.200234469495719,71.45528455284553
17.09413988657845,1.200747038014412,70.5609756097561
17.09413988657845,1.2027663965782731,71.16260162601625
17.09413988657845,1.2277197571097425,71.21138211382114
17.09413988657845,1.2361842170645123,70.89430894308943
17.0586011342155,1.244218651543793,70.79674796747967
17.09413988657845,1.2503028469954731,70.13821138211382
16.774291115311907,1.2502514130364246,70.7479674796748
16.774291115311907,1.2529976565145677,70.54471544715447
16.774291115311907,1.2945929069545898,71.04878048780488
16.774291115311907,1.358413970390664,70.83739837398375
16.774291115311907,1.3174250514494306,71.6829268292683
16.774291115311907,1.3269353539037376,72.27642276422765
16.489981096408318,1.3454658364730814,73.130081300813
16.489981096408318,1.35279548395909,73.34146341463415
16.489981096408318,1.3502029991955615,73.3739837398374
16.489981096408318,1.3927678792413791,73.60975609756098
16.489981096408318,1.3952163274697953,74.21951219512195
16.489981096408318,1.3878519490524874,74.35772357723577
16.489981096408318,1.3930811786548358,74.46341463414635
16.489981096408318,1.3967861696558888,73.92682926829268
16.489981096408318,1.4043749802312344,75.51219512195122
16.489981096408318,1.3975124587248997,75.8780487804878
16.489981096408318,1.405318155666967,76.42276422764228
16.489981096408318,1.3991845143336517,76.92682926829268
16.489981096408318,1.4012927056393985,77.08943089430895
16.489981096408318,1.4037256025288334,77.11382113821138
16.489981096408318,1.3945425563883118,77.0
16.489981096408318,1.3971627155333641,77.7479674796748
16.489981096408318,1.4038042722301836,77.98373983739837
16.489981096408318,1.278937263028065,77.86178861788618
16.489981096408318,1.2866575896344012,78.0569105691057
16.489981096408318,1.3002475426463165,77.90243902439025
16.489981096408318,1.3387438287732754,77.52032520325203
16.34782608695652,1.3433085662649307,77.13821138211382
16.34782608695652,1.360007098696127,77.8048780487805
16.34782608695652,1.3546841761340747,77.77235772357723
16.34782608695652,1.363620660329446,78.04065040650407
16.06351606805293,1.3632458157110698,78.00813008130082
16.06351606805293,1.374588250465263,78.869918699187
16.06351606805293,1.3803559319041259,78.96747967479675
16.06351606805293,1.3842088323075883,79.45528455284553
16.06351606805293,1.392537983070964,81.2520325203252
16.06351606805293,1.3946877271555949,81.1869918699187
16.06351606805293,1.414247556724557,82.36585365853658
16.06351606805293,1.4266676585885596,82.44715447154472
16.06351606805293,1.4283597991987511,83.0569105691057
15.885822306238184,1.3059248134394648,84.58536585365853
15.885822306238184,1.306257233793466,84.28455284552845
15.885822306238184,1.3180084538384367,86.7479674796748
15.885822306238184,1.3168781934140015,87.52032520325203
15.885822306238184,1.3267433906873138,88.10569105691057
15.885822306238184,1.3186615121135992,88.3739837398374
15.885822306238184,1.3118377017608884,88.9430894308943
15.885822306238184,1.3003314004198447,90.13821138211382
15.885822306238184,1.3058874941124274,91.82926829268293
15.885822306238184,1.3129102001932924,92.3089430894309
15.885822306238184,1.3157335139550193,92.17886178861788
15.885822306238184,1.388271888376,92.70731707317073
15.885822306238184,1.3981978326677496,92.58536585365853
15.850283553875235,1.3885896218008686,92.78048780487805
15.850283553875235,1.3273311185418133,92.82926829268293
15.850283553875235,1.3372545949253591,93.29268292682927
15.63705103969754,1.331096142568869,93.5609756097561
15.63705103969754,1.3269134353567797,94.23577235772358
15.63705103969754,1.3239797644766278,94.8780487804878
15.63705103969754,1.3139719677221975,95.65853658536585
15.63705103969754,1.2787060098074985,96.36585365853658
15.63705103969754,1.2708619567188362,97.00813008130082
15.63705103969754,1.2632822546034943,96.69918699186992
15.63705103969754,1.2659827643751846,97.45528455284553
15.494896030245746,1.287983084080739,97.85365853658537
15.494896030245746,1.3280110547084683,98.9430894308943
15.494896030245746,1.3206375488699562,99.04065040650407
15.494896030245746,1.3071344400216776,99.9349593495935
15.494896030245746,1.2839262942759453,100.52845528455285
15.494896030245746,1.2821084903595859,100.59349593495935
15.494896030245746,1.2939973712790231,100.9430894308943
15.494896030245746,1.2956669946188497,101.20325203252033
15.494896030245746,1.310497518641305,100.88617886178862
15.494896030245746,1.315072920163242,101.32520325203252
15.494896030245746,1.312000626226446,100.85365853658537
15.494896030245746,1.3316875646196111,101.5609756097561
15.494896030245746,1.3210075594150381,100.97560975609755
15.494896030245746,1.3331612603318046,100.34959349593495
15.494896030245746,1.344648190763767,98.99186991869918
15.494896030245746,1.3716701195665466,99.3089430894309
15.139508506616256,1.3727344891219515,99.9349593495935
15.139508506616256,1.3779802091263929,100.47154471544715
15.139508506616256,1.380693219209185,101.6178861788618
15.139508506616256,1.3701705311963523,102.65853658536585
15.139508506616256,1.3686655205286715,103.22764227642277
15.103969754253308,1.3638164946402216,103.45528455284553
15.103969754253308,1.3434467841684525,103.79674796747967
15.139508506616256,1.2932715333583713,104.78861788617886
15.103969754253308,1.2866531091916318,105.13821138211382
15.103969754253308,1.2835246773433882,105.22764227642277
15.103969754253308,1.2913053480768149,105.02439024390245
15.103969754253308,1.2747044223807837,105.39837398373983
15.103969754253308,1.284060577982651,105.11382113821138
15.103969754253308,1.3019209564075582,104.6178861788618
15.103969754253308,1.3062115601811473,104.60975609756098
15.103969754253308,1.3180170177525892,103.89430894308943
14.961814744801512,1.3204049360403822,104.00813008130082
14.961814744801512,1.344731780876441,104.40650406504065
14.961814744801512,1.3531100569485568,104.11382113821138
14.926275992438564,1.4097163474114922,103.4308943089431
14.926275992438564,1.4039213166158042,103.1869918699187
14.926275992438564,1.422894020327909,102.85365853658537
14.926275992438564,1.4143719414372184,101.91056910569105
14.926275992438564,1.4137473571755277,101.72357723577235
14.713043478260868,1.3971110669693243,101.39024390243902
14.713043478260868,1.3921287184391353,101.64227642276423
14.713043478260868,1.3801922610051154,100.77235772357723
14.713043478260868,1.3780035843173846,101.44715447154472
14.713043478260868,1.3667956520337838,101.08943089430895
14.67750472589792,1.4008767615644533,100.69918699186992
14.67750472589792,1.4069569785423426,100.5040650406504
14.64196597353497,1.426631803673778,100.90243902439025
14.64196597353497,1.4303145342586565,100.39024390243902
14.64196597353497,1.4230239528612796,100.34146341463415
14.64196597353497,1.4156660791212836,100.00813008130082
14.64196597353497,1.411827656499349,99.69918699186992
14.64196597353497,1.4174396750995504,98.58536585365853
14.64196597353497,1.416313914417579,98.3821138211382
14.64196597353497,1.4143831946999201,96.8780487804878
14.64196597353497,1.4223292019864457,96.34959349593495
14.64196597353497,1.4269779412198147,95.40650406504065
14.64196597353497,1.5174490912893666,94.02439024390245
14.64196597353497,1.524543675916348,93.4308943089431
14.215500945179583,1.507291163941482,93.4959349593496
14.215500945179583,1.4571633359443676,93.9349593495935
14.215500945179583,1.447633945507825,94.69918699186992
14.215500945179583,1.447766908187768,94.39837398373983
14.073345935727788,1.453766990176836,96.60975609756098
14.073345935727788,1.4547120097498039,97.47967479674797
14.037807183364839,1.4368398375402938,97.92682926829268
14.073345935727788,1.3997136777215602,98.95934959349593
14.073345935727788,1.3856340141679893,99.32520325203252
14.037807183364839,1.3747610880256287,98.99186991869918
14.037807183364839,1.360633359019485,100.23577235772358
14.037807183364839,1.3462496936042714,100.40650406504065
14.037807183364839,1.3363209567141145,100.48780487804878
14.037807183364839,1.3348720521376165,100.2520325203252
14.073345935727788,1.3457584993293392,99.55284552845528
14.073345935727788,1.3500383757124381,99.95121951219512
14.073345935727788,1.3744631298347891,99.39024390243902
14.073345935727788,1.3725622959271362,99.1869918699187
14.073345935727788,1.3765649275392602,98.59349593495935
14.073345935727788,1.3766442300309694,98.54471544715447
13.931190926275992,1.3732060857586876,98.67479674796748
13.931190926275992,1.3006581656520468,98.7479674796748
13.682419659735348,1.2711781591946532,98.5609756097561
13.682419659735348,1.2536381435199957,100.08943089430895
13.6468809073724,1.2353852541683585,100.36585365853658
13.6468809073724,1.2188820420126012,101.65853658536585
13.6468809073724,1.1996320281277413,102.09756097560975
13.6468809073724,1.1948776384026396,103.21138211382114
13.6468809073724,1.1932734957644382,103.5040650406504
13.6468809073724,1.1909561308694347,103.65040650406505
13.6468809073724,1.1137292973951034,103.5691056910569
13.6468809073724,1.1057183429943291,104.2439024390244
13.6468809073724,1.1120763288813922,104.60975609756098
13.6468809073724,1.1405678762833493,104.9430894308943
13.6468809073724,1.144027906083197,104.76422764227642
13.6468809073724,1.1781496365716595,105.16260162601625
13.6468809073724,1.2322023649375093,104.4959349593496
13.6468809073724,1.2508212887884973,104.65853658536585
13.6468809073724,1.2516411201644932,103.79674796747967
13.6468809073724,1.2632240665181178,103.96747967479675
13.6468809073724,1.301013236523422,102.6910569105691
13.611342155009451,1.3082762700695798,102.8780487804878
13.611342155009451,1.317579247745964,102.11382113821138
13.611342155009451,1.3209942380257722,101.98373983739837
13.611342155009451,1.3214106814584214,101.39024390243902
13.611342155009451,1.3313744135555357,100.98373983739837
13.611342155009451,1.3362017162542188,100.08130081300813
13.611342155009451,1.3602945294419022,98.90243902439025
13.611342155009451,1.4305878080934469,98.4959349593496
13.398109640831757,1.4308434521822628,98.54471544715447
13.398109640831757,1.3774971628414174,98.17073170731707
13.398109640831757,1.3594642450154126,98.2520325203252
13.398109640831757,1.368288436056484,97.58536585365853
13.398109640831757,1.3829802359295205,97.35772357723577
13.398109640831757,1.4270844739978488,96.39024390243902
13.398109640831757,1.4390026591052076,96.44715447154472
13.398109640831757,1.4444976901050959,96.13821138211382
13.398109640831757,1.4491355073555598,95.76422764227642
13.398109640831757,1.4506304910233356,94.98373983739837
13.398109640831757,1.415934777694417,93.53658536585365
13.398109640831757,1.4034773040498383,92.67479674796748
12.97164461247637,1.4071707980265737,92.4308943089431
12.97164461247637,1.3995572976438684,92.54471544715447
12.97164461247637,1.3911028572008277,93.76422764227642
12.97164461247637,1.38116033588556,94.01626016260163
12.97164461247637,1.3755344314686957,94.35772357723577
12.97164461247637,1.3757176470588244,95.33333333333333
12.97164461247637,1.3759166331816488,95.6178861788618
12.97164461247637,1.3754100801962146,95.78861788617886
12.722873345935726,1.3745942985833988,96.78861788617886
12.722873345935726,1.373376129990851,97.04878048780488
12.722873345935726,1.3726139830356687,99.73170731707317
12.722873345935726,1.3671687827188335,100.32520325203252
12.722873345935726,1.3550933963032266,102.0650406504065
12.722873345935726,1.3412801738338682,102.869918699187
12.722873345935726,1.264299253569213,104.54471544715447
12.722873345935726,1.2704787404947153,105.10569105691057
12.722873345935726,1.2708864919755136,105.21951219512195
12.722873345935726,1.2756517224420747,106.07317073170732
12.722873345935726,1.2737339435606052,106.13821138211382
12.722873345935726,1.2662930554942535,106.70731707317073
12.722873345935726,1.2635127289246444,106.15447154471545
12.722873345935726,1.183942055752983,106.46341463414635
12.722873345935726,1.1511285765977664,106.89430894308943
12.722873345935726,1.1490557212863437,107.01626016260163
12.722873345935726,1.149109481608295,105.84552845528455
12.722873345935726,1.1517869099275502,105.91869918699187
12.722873345935726,1.140280965883518,105.33333333333333
12.722873345935726,1.1244045671749037,105.0
12.722873345935726,1.126302931895882,104.5040650406504
12.722873345935726,1.1413075411857063,104.45528455284553
12.722873345935726,1.1568453575692956,103.58536585365853
12.722873345935726,1.1791654976995953,103.1951219512195
12.722873345935726,1.1983346313250223,101.48780487804878
12.545179584120982,1.2271827510271005,100.2439024390244
12.438563327032135,1.2357172686635967,99.48780487804878
12.474102079395085,1.2435668409832552,99.57723577235772
12.438563327032135,1.2505516281295879,99.54471544715447
12.438563327032135,1.2443940918305012,99.1219512195122
12.438563327032135,1.2447979579827027,99.26016260162602
12.438563327032135,1.2422622395400313,98.26016260162602
12.438563327032135,1.2416411421776916,98.0650406504065
12.438563327032135,1.2337610367156968,97.17073170731707
12.26086956521739,1.2260810498756176,95.9349593495935
12.26086956521739,1.2168940241503026,96.1219512195122
12.26086956521739,1.2101271599955095,95.69918699186992
12.26086956521739,1.2139132318855625,95.20325203252033
12.26086956521739,1.2110099643236938,95.20325203252033
12.083175803402646,1.2379768042169474,95.09756097560975
12.083175803402646,1.2612165177921377,95.97560975609755
12.083175803402646,1.2791696711395506,96.6910569105691
12.083175803402646,1.2919542845989975,97.3821138211382
12.083175803402646,1.2989229099228523,96.97560975609755
12.083175803402646,1.3268396856134246,96.15447154471545
12.083175803402646,1.3257287268206839,96.48780487804878
12.083175803402646,1.3168297580039208,96.21951219512195
12.083175803402646,1.2604620651041423,96.1951219512195
11.9765595463138,1.2626411231527845,95.95934959349593
11.9765595463138,1.2610421771008589,96.22764227642277
11.9765595463138,1.256540111862148,96.29268292682927
11.9765595463138,1.2527229242608366,96.3089430894309
11.9765595463138,1.2557341190090638,95.6910569105691
11.9765595463138,1.2635958575248578,95.55284552845528
11.9765595463138,1.2807762110523717,95.07317073170732
11.9765595463138,1.2941127722926105,94.82113821138212
11.94102079395085,1.301342910569638,93.86178861788618
11.94102079395085,1.2990877737903161,93.03252032520325
11.94102079395085,1.2735101870777752,92.4308943089431
11.94102079395085,1.2533671350101099,91.98373983739837
11.514555765595462,1.2360959412511736,91.82113821138212
11.514555765595462,1.227928690167649,92.869918699187
11.514555765595462,1.2254759681447895,93.72357723577235
11.514555765595462,1.2082556441534151,94.60162601626017
11.514555765595462,1.1828112227806358,95.2520325203252
11.514555765595462,1.163789247715027,96.1951219512195
11.514555765595462,1.1370169973968625,96.36585365853658
11.514555765595462,1.1534323417788335,96.4308943089431
11.514555765595462,1.1428146468793345,97.00813008130082
11.514555765595462,1.1421993482798574,97.78861788617886
11.514555765595462,1.1465214815399354,98.34959349593495
11.514555765595462,1.1462780430981903,98.00813008130082
11.514555765595462,1.1469061627087436,98.42276422764228
11.514555765595462,1.1325344634013292,98.2439024390244
11.514555765595462,1.1350913010624257,98.20325203252033
11.514555765595462,1.1307191431307009,97.59349593495935
11.514555765595462,1.1545605247743547,97.88617886178862
11.514555765595462,1.165449299439243,97.8130081300813
11.230245746691871,1.1511885323874995,97.65853658536585
11.230245746691871,1.1589625355133255,99.57723577235772
11.230245746691871,1.1403541143894473,100.67479674796748
11.230245746691871,1.1280349763899995,101.60162601626017
11.230245746691871,1.1050323565876095,102.2520325203252
11.230245746691871,1.075252490682392,102.17886178861788
11.230245746691871,1.0723311959188788,102.85365853658537
11.230245746691871,1.0611219796600833,103.04065040650407
11.230245746691871,1.05798350987387,103.66666666666667
11.230245746691871,1.0084141025554552,103.47967479674797
11.230245746691871,1.0066049473760421,102.92682926829268
11.230245746691871,1.0151890505911276,102.3170731707317
11.230245746691871,1.0700289296149395,101.28455284552845
11.230245746691871,1.076224474120112,100.54471544715447
11.230245746691871,1.0860948366230765,100.23577235772358
11.230245746691871,1.0911184977503892,98.57723577235772
11.230245746691871,1.0902139782509417,97.8048780487805
11.230245746691871,1.0937957875791666,96.1951219512195
11.230245746691871,1.0931728844280049,95.73170731707317
11.230245746691871,1.099598240461169,94.5609756097561
11.230245746691871,1.1049341699166486,94.30081300813008
11.230245746691871,1.118744465796268,93.10569105691057
10.91039697542533,1.1288385812609432,92.17886178861788
10.91039697542533,1.1325118477197273,92.60162601626017
10.91039697542533,1.1350033960104384,92.82926829268293
10.91039697542533,1.1274877425040981,92.97560975609755
10.91039697542533,1.1229468342438298,93.28455284552845
10.91039697542533,1.1184211284148344,93.09756097560975
10.91039697542533,1.0797706947106804,93.22764227642277
10.839319470699433,1.0705980665905785,93.07317073170732
10.839319470699433,1.0720673449199343,93.17073170731707
10.839319470699433,1.0710660786817292,93.5609756097561
10.839319470699433,1.0696422532005414,93.9349593495935
10.768241965973534,1.0598648906333576,93.47967479674797
10.768241965973534,1.0629827546484747,93.30081300813008
10.626086956521739,1.0892629019250326,94.02439024390245
10.626086956521739,1.1336244826332043,94.6178861788618
10.626086956521739,1.142772965618741,95.35772357723577
10.626086956521739,1.1499106983822043,96.13821138211382
10.626086956521739,1.1556585968156388,95.83739837398375
10.626086956521739,1.138778366285943,96.99186991869918
10.626086956521739,1.1356112161310643,96.91869918699187
10.626086956521739,1.0968110794899644,97.32520325203252
10.626086956521739,1.0449170296616457,97.26829268292683
10.626086956521739,1.0395726618947911,97.32520325203252
10.626086956521739,1.0159536939237392,96.58536585365853
10.626086956521739,1.0125826807786313,96.14634146341463
10.626086956521739,1.0100492811515132,94.3739837398374
10.626086956521739,1.022994827995483,93.130081300813
10.483931947069943,1.0373188858824356,92.91869918699187
10.448393194706993,1.0420153741298772,93.20325203252033
10.448393194706993,1.0740187157460195,92.78861788617886
10.448393194706993,1.0801528015043023,92.7479674796748
10.448393194706993,1.0799032632831769,92.39837398373983
10.377315689981096,1.07713415071282,92.10569105691057
10.235160680529301,1.067197093291646,91.82926829268293
10.235160680529301,1.0635362853292816,92.5691056910569
10.235160680529301,1.0476260778116095,92.6260162601626
10.235160680529301,1.0469674204399773,92.1219512195122
10.235160680529301,1.033880929323993,92.21951219512195
10.199621928166351,1.0208024278089618,92.70731707317073
10.199621928166351,1.0243812450899408,92.78861788617886
10.199621928166351,1.0330575715422359,92.91869918699187
10.199621928166351,1.0380532637970272,92.5040650406504
10.164083175803402,1.064340410806612,93.1219512195122
10.128544423440454,1.0643558739170926,93.53658536585365
10.128544423440454,1.0705230574916103,93.95934959349593
10.128544423440454,1.0777480971949005,94.0
10.128544423440454,1.0843653464890042,93.99186991869918
10.128544423440454,1.0784467452394941,93.41463414634147
10.093005671077504,0.9934356735688465,93.17886178861788
10.093005671077504,1.017076022051084,92.4959349593496
9.91531190926276,1.0389131863490526,92.21951219512195
9.91531190926276,1.0411644864977472,92.41463414634147
9.91531190926276,1.0420194920772659,92.76422764227642
9.91531190926276,1.0037170774767794,93.03252032520325
9.91531190926276,0.9998843775798488,93.29268292682927
9.91531190926276,0.9993405154746385,93.39837398373983
9.91531190926276,0.9927738974988912,93.52845528455285
9.91531190926276,0.9847312564190349,92.60975609756098
9.737618147448014,0.9821878067910034,92.7560975609756
9.737618147448014,0.9860735447096604,93.3170731707317
9.737618147448014,0.9894024443277264,93.96747967479675
9.737618147448014,0.9833068368154438,93.8780487804878
9.737618147448014,0.9860005909546354,94.23577235772358
9.737618147448014,0.9869777018363245,93.83739837398375
9.737618147448014,0.9913615568848405,94.52032520325203
9.737618147448014,1.0113176109290976,94.46341463414635
9.666540642722117,1.025203166629965,94.2439024390244
9.666540642722117,1.0481213062561787,92.869918699187
9.666540642722117,1.043554889181687,93.40650406504065
9.666540642722117,1.0042006234050993,92.64227642276423
9.666540642722117,1.0045093726261256,91.6178861788618
9.666540642722117,0.995689527502557,90.8780487804878
9.524385633270322,0.9814841915473741,91.26829268292683
9.382230623818524,0.9753787232520211,91.8048780487805
9.382230623818524,0.9561018422876477,93.36585365853658
9.382230623818524,0.9448801714568449,94.14634146341463
9.382230623818524,0.9383359205767958,95.54471544715447
9.382230623818524,0.9339689734166442,95.8780487804878
9.382230623818524,0.9313010317548561,96.27642276422765
9.382230623818524,0.9293834359890402,96.99186991869918
9.382230623818524,0.9236202175698063,97.71544715447155
9.382230623818524,0.9335547155981795,97.96747967479675
9.382230623818524,0.928509807675308,97.8048780487805
9.382230623818524,0.9327086000457558,97.91869918699187
9.382230623818524,0.936176012481639,97.86178861788618
9.382230623818524,0.9433824806958006,97.2520325203252
9.382230623818524,0.9483133497555821,96.869918699187
9.382230623818524,0.9446819341986633,96.22764227642277
9.240075614366729,0.9301000979925855,96.34959349593495
9.240075614366729,0.9180483463096722,96.82926829268293
9.240075614366729,0.915249807591945,97.07317073170732
9.204536862003781,0.9069889736006584,95.79674796747967
9.097920604914933,0.9025219444792115,95.88617886178862
9.097920604914933,0.8915643925834283,96.85365853658537
9.097920604914933,0.8743011396414931,98.03252032520325
9.097920604914933,0.8663152801028028,98.07317073170732
9.097920604914933,0.8584734859750264,98.0650406504065
9.097920604914933,0.855471058670808,97.98373983739837
9.097920604914933,0.8564483682195994,98.5691056910569
9.097920604914933,0.8424610320509817,98.27642276422765
9.097920604914933,0.838046839798937,97.70731707317073
9.097920604914933,0.8409504105024062,97.130081300813
9.097920604914933,0.8712947261561298,97.0569105691057
9.097920604914933,0.9020320461328251,96.35772357723577
9.097920604914933,0.9116923832956487,95.34146341463415
9.097920604914933,0.927367750622452,94.23577235772358
8.884688090737239,0.9380120385190465,92.98373983739837
8.884688090737239,0.9430554109681349,93.17886178861788
8.884688090737239,0.9479882247253023,93.52845528455285
8.884688090737239,0.9330784815233791,93.2439024390244
8.884688090737239,0.8956389790371779,93.04878048780488
8.884688090737239,0.8975728608086992,92.34146341463415
8.884688090737239,0.9107070719337368,92.17073170731707
8.849149338374291,0.9187834771852176,91.58536585365853
8.849149338374291,0.9178145669652098,90.70731707317073
8.813610586011343,0.919072960819077,90.10569105691057
8.813610586011343,0.9322129189062055,88.73983739837398
8.813610586011343,0.9341983524380553,88.6910569105691
8.5648393194707,0.9329201846454029,89.67479674796748
8.5648393194707,0.9295910405448988,90.54471544715447
8.5648393194707,0.9310301207958401,90.77235772357723
8.5648393194707,0.9173054398392563,92.15447154471545
8.5648393194707,0.9115498877633621,92.8048780487805
8.52930056710775,0.8480097679220892,93.59349593495935
8.52930056710775,0.845013882315249,93.26829268292683
8.52930056710775,0.8331523540289355,94.63414634146342
8.52930056710775,0.8215105863127049,94.41463414634147
8.52930056710775,0.8229808945252999,94.57723577235772
8.52930056710775,0.8636147222652744,94.47967479674797
8.52930056710775,0.8630074260286704,94.47154471544715
8.458223062381853,0.8698735928567011,94.17886178861788
8.458223062381853,0.8702095035483636,94.14634146341463
8.422684310018903,0.8647192566264251,94.0650406504065
8.422684310018903,0.8688857768810574,94.13821138211382
8.422684310018903,0.8624715012318414,94.3739837398374
8.422684310018903,0.8382765294661336,94.0
8.422684310018903,0.8255697436267828,93.17886178861788
8.387145557655954,0.8240762472280588,91.97560975609755
8.316068052930056,0.819771190600298,91.5040650406504
8.316068052930056,0.8319142029807983,89.82926829268293
8.280529300567107,0.8291730146035642,90.13821138211382
8.280529300567107,0.8378274748174241,90.07317073170732
8.244990548204159,0.8427304538420315,89.91869918699187
8.244990548204159,0.8453285917151327,89.58536585365853
8.138374291115312,0.8503877202138368,89.60162601626017
8.138374291115312,0.8546418138939911,89.58536585365853
8.102835538752363,0.8646288995115851,89.6260162601626
7.996219281663516,0.8648952164872657,90.2439024390244
7.996219281663516,0.859795602398677,91.1219512195122
8.031758034026465,0.8367955786752489,94.29268292682927
8.031758034026465,0.8183344831682072,95.60162601626017
8.031758034026465,0.8083479190352193,96.39024390243902
8.031758034026465,0.8019378112855762,96.78861788617886
8.031758034026465,0.8104750806878459,96.95934959349593
7.996219281663516,0.7954912837098949,96.6260162601626
7.889603024574669,0.8244958821141152,97.21951219512195
7.925141776937617,0.8126301388722175,98.11382113821138
7.889603024574669,0.8075022857586212,98.34959349593495
7.889603024574669,0.7942413903539242,98.66666666666667
7.889603024574669,0.7822832895809988,98.72357723577235
7.889603024574669,0.7648663394396588,98.30081300813008
7.889603024574669,0.7569442949089631,97.82926829268293
7.889603024574669,0.7444214635050908,98.21951219512195
7.81852551984877,0.7624253059106652,97.55284552845528
7.81852551984877,0.7699687577058548,97.64227642276423
7.81852551984877,0.7721143818318543,97.01626016260163
7.747448015122873,0.7682078580004835,97.17073170731707
7.747448015122873,0.7663918971059255,97.14634146341463
7.747448015122873,0.7637905608981608,96.91869918699187
7.747448015122873,0.7650011797267435,96.7560975609756
7.747448015122873,0.7732175715810339,96.22764227642277
7.6052930056710775,0.774190906479031,96.99186991869918
7.6052930056710775,0.7917598667006335,98.3821138211382
7.6052930056710775,0.7918978236278528,98.65853658536585
7.6052930056710775,0.791419002221908,99.39837398373983
7.6052930056710775,0.7917523390685842,98.95121951219512
7.6052930056710775,0.7814563997126067,99.15447154471545
7.569754253308128,0.7713238374864743,98.72357723577235
7.6052930056710775,0.7666846925172865,98.26016260162602
7.569754253308128,0.7660711528831172,98.52032520325203
7.569754253308128,0.761786321726036,98.13821138211382
7.569754253308128,0.7756182431411703,97.51219512195122
7.569754253308128,0.7827294291353329,96.4390243902439
7.569754253308128,0.7901293403641425,95.60162601626017
7.427599243856332,0.7877013501651048,95.0650406504065
7.427599243856332,0.7787900485658188,95.91869918699187
7.356521739130434,0.7753284478981773,96.89430894308943
7.320982986767485,0.7607018898809009,97.9430894308943
7.320982986767485,0.7532686650472477,98.51219512195122
7.320982986767485,0.7462222252120778,99.34146341463415
7.320982986767485,0.7326645332008582,99.71544715447155
7.320982986767485,0.7363349743021345,100.11382113821138
7.320982986767485,0.7340816176386434,99.6910569105691
7.320982986767485,0.7387414893572326,99.46341463414635
7.320982986767485,0.740781557546652,99.04065040650407
7.249905482041587,0.7479727012157,99.16260162601625
7.249905482041587,0.7505778764882063,98.8048780487805
7.249905482041587,0.751525048773828,98.76422764227642
7.1077504725897915,0.7771294941973573,97.98373983739837
7.1077504725897915,0.7634281083280968,98.71544715447155
7.1077504725897915,0.7484178054436398,99.23577235772358
7.1077504725897915,0.7344210067410321,100.02439024390245
7.1077504725897915,0.7254311087208201,99.6178861788618
7.1077504725897915,0.7292494336694515,99.66666666666667
7.036672967863894,0.7256667689298016,100.1219512195122
7.036672967863894,0.7300008365499647,100.52032520325203
7.036672967863894,0.7318353081936955,100.45528455284553
7.001134215500945,0.7431142480088802,100.3170731707317
7.001134215500945,0.7400240448471804,99.4959349593496
7.001134215500945,0.7331150956182165,99.22764227642277
6.894517958412098,0.7327616233998558,99.01626016260163
6.894517958412098,0.7264298357493676,99.48780487804878
6.8234404536862,0.7122708790619782,100.7479674796748
6.8234404536862,0.6927658664402863,102.1869918699187
6.8234404536862,0.6882559358535018,102.3170731707317
6.8234404536862,0.6970256961852556,102.26829268292683
6.8234404536862,0.711732552906324,101.99186991869918
6.752362948960302,0.7201693188377009,102.14634146341463
6.752362948960302,0.7206607300830227,102.0650406504065
6.752362948960302,0.7254392333434954,100.95121951219512
6.681285444234405,0.7185886329840886,101.02439024390245
6.681285444234405,0.7011540725665681,102.08943089430895
6.681285444234405,0.6938985103196281,101.9430894308943
6.645746691871455,0.6930131813802015,102.3089430894309
6.610207939508506,0.6847705238885841,102.47154471544715
6.610207939508506,0.6866377375537858,102.72357723577235
6.539130434782608,0.6944489428169567,102.63414634146342
6.50359168241966,0.6869450520737492,103.27642276422765
6.50359168241966,0.6830933836827131,104.23577235772358
6.50359168241966,0.6767258390996767,104.8780487804878
6.50359168241966,0.6797232204335973,104.60975609756098
6.50359168241966,0.6818572764362789,103.84552845528455
6.46805293005671,0.6750881469069553,103.8780487804878
6.46805293005671,0.6750578922154847,102.28455284552845
6.396975425330813,0.6756898838436898,101.130081300813
6.325897920604915,0.6740466692520799,101.48780487804878
6.325897920604915,0.6645795440243178,102.46341463414635
6.325897920604915,0.6593013454037352,102.76422764227642
6.290359168241966,0.6721795935772933,104.91869918699187
6.254820415879016,0.6670624447169385,105.51219512195122
6.254820415879016,0.6605414525840408,104.78861788617886
6.254820415879016,0.6550745425372464,105.71544715447155
6.254820415879016,0.6603075200242972,105.4390243902439
6.254820415879016,0.6566632429420681,106.0569105691057
6.254820415879016,0.6509304097667955,105.6178861788618
6.254820415879016,0.6554275716040373,105.83739837398375
6.2192816635160675,0.65619474603669,104.73170731707317
6.2192816635160675,0.6682890777285065,104.85365853658537
6.183742911153119,0.6774935658628037,104.27642276422765
6.183742911153119,0.6694461813101241,103.83739837398375
6.183742911153119,0.6655565155771784,102.44715447154472
6.041587901701323,0.6532373235938538,103.8130081300813
6.041587901701323,0.6475616502629562,104.55284552845528
6.006049149338374,0.6523719630503777,105.73983739837398
6.006049149338374,0.6442817429429238,106.47154471544715
6.006049149338374,0.6453931242944511,107.32520325203252
5.970510396975425,0.6446290262443088,108.3089430894309
5.899432892249528,0.6441976001958822,110.4390243902439
5.863894139886578,0.6402512268917743,111.01626016260163
5.863894139886578,0.6360520993392232,111.82926829268293
5.863894139886578,0.6204452692252378,111.7479674796748
5.8283553875236285,0.6171592849429721,111.51219512195122
5.792816635160681,0.604405298321778,112.73170731707317
5.792816635160681,0.606492754493616,113.5040650406504
5.792816635160681,0.6238677019380321,113.73170731707317
5.757277882797731,0.6291419546048354,114.14634146341463
5.757277882797731,0.6297149913567496,114.09756097560975
5.757277882797731,0.6304957717088499,113.34146341463415
5.6151228733459355,0.6282302732163751,113.64227642276423
5.6151228733459355,0.6220040781871411,115.13821138211382
5.6151228733459355,0.6122043691817657,116.26016260162602
5.6151228733459355,0.6085652535698933,115.9349593495935
5.6151228733459355,0.6121595471826494,115.71544715447155
5.472967863894139,0.6144896178891694,115.71544715447155
5.472967863894139,0.6134423123941449,116.8780487804878
5.472967863894139,0.6093337326149322,118.46341463414635
5.472967863894139,0.605066563862988,118.98373983739837
5.472967863894139,0.605010731232598,120.2439024390244
5.472967863894139,0.6088163726249497,119.85365853658537
5.472967863894139,0.6086739388920741,120.3089430894309
5.472967863894139,0.6037687663485076,120.11382113821138
5.472967863894139,0.5921063410749323,120.1951219512195
5.472967863894139,0.5898067198441137,119.35772357723577
5.401890359168242,0.5867353855879237,119.82926829268293
5.401890359168242,0.5942602367411912,118.6910569105691
5.401890359168242,0.5993276607769621,119.1951219512195
5.330812854442343,0.598207561948337,119.44715447154472
5.330812854442343,0.6007745210100678,120.72357723577235
5.295274102079395,0.5981020933691422,122.08943089430895
5.295274102079395,0.5954812828164543,123.07317073170732
5.295274102079395,0.5894556913516441,123.17073170731707
5.259735349716446,0.5853316421756297,123.46341463414635
5.259735349716446,0.575431268223758,123.6910569105691
5.259735349716446,0.5763319416894609,123.6829268292683
5.153119092627599,0.5778747176244396,126.32520325203252
5.153119092627599,0.5749916571659239,128.03252032520325
5.153119092627599,0.5765849710987573,129.41463414634146
5.153119092627599,0.5722325755097493,130.3008130081301
5.153119092627599,0.5752918952901925,130.8048780487805
5.153119092627599,0.5609422916024106,131.0
5.153119092627599,0.5626306129302295,130.6829268292683
5.153119092627599,0.5642413148396249,129.33333333333334
5.153119092627599,0.567031473668767,128.5691056910569
5.046502835538752,0.5741611410938449,127.88617886178862
5.046502835538752,0.5754560291171743,128.21951219512195
5.0109640831758036,0.5785384514273701,128.0731707317073
4.975425330812854,0.575097369785324,129.8617886178862
4.975425330812854,0.5732903823804208,130.9268292682927
4.975425330812854,0.566485720112133,132.1219512195122
4.975425330812854,0.5585650415825524,132.390243902439
4.939886578449905,0.5571637546757433,132.54471544715446
4.904347826086957,0.5593352617069154,132.4959349593496
4.904347826086957,0.5615954055598096,132.609756097561
4.833270321361058,0.5738968315418803,133.39837398373984
4.833270321361058,0.5747988237061166,133.9268292682927
4.833270321361058,0.5768734643576389,134.65040650406505
4.797731568998109,0.562290302381615,135.739837398374
4.797731568998109,0.5722027006004798,135.3821138211382
4.797731568998109,0.5658535954921758,135.4227642276423
4.797731568998109,0.560676475362482,135.6260162601626
4.691115311909262,0.5609607024975365,135.8780487804878
4.691115311909262,0.5513887504957699,139.6178861788618
4.691115311909262,0.5516758820717598,139.54471544715446
4.584499054820416,0.5237138245903609,144.8861788617886
4.584499054820416,0.5156079151012444,147.47967479674796
4.584499054820416,0.507943195856441,149.0081300813008
4.584499054820416,0.497867472152725,150.46341463414635
4.584499054820416,0.4981445694686627,151.6747967479675
4.584499054820416,0.5020763356820483,152.2357723577236
4.584499054820416,0.5094678210119992,151.96747967479675
4.584499054820416,0.5099103993565326,151.59349593495935
4.584499054820416,0.510521964515233,151.3739837398374
4.584499054820416,0.5169801321720728,150.21138211382114
4.584499054820416,0.5151599367145645,147.47154471544715
4.584499054820416,0.5125710165053288,146.130081300813
4.548960302457466,0.5166582918530548,144.6260162601626
4.548960302457466,0.5256445074662196,142.6747967479675
4.371266540642722,0.5319355759115018,142.52845528455285
4.3357277882797725,0.5315996784179348,144.3008130081301
4.3357277882797725,0.5319239245926588,147.6747967479675
4.3357277882797725,0.521900897160101,151.9918699186992
4.3357277882797725,0.5151359939818113,153.5691056910569
4.300189035916824,0.51115086293994,154.45528455284554
4.300189035916824,0.5071037522195091,155.40650406504065
4.300189035916824,0.487814908197944,156.5121951219512
4.300189035916824,0.49718581955239366,155.35772357723576
4.300189035916824,0.48233027918421684,154.7642276422764
4.158034026465028,0.46468854736437554,155.2439024390244
4.158034026465028,0.45954147653385,157.77235772357724
4.158034026465028,0.4557466315740296,159.01626016260164
4.158034026465028,0.45873562936175777,159.66666666666666
4.158034026465028,0.4560782433832942,159.70731707317074
4.158034026465028,0.47339786804716827,159.47154471544715
4.1224952741020795,0.4837417076805393,159.1788617886179
4.1224952741020795,0.48596768162130405,157.84552845528455
4.1224952741020795,0.4864278168931749,156.77235772357724
4.051417769376181,0.46093712209777493,153.9918699186992
4.051417769376181,0.4761745862682134,155.03252032520325
3.9448015122873343,0.471306399620857,157.9512195121951
3.9448015122873343,0.470165565769078,159.4390243902439
3.9448015122873343,0.47267028769200564,160.4471544715447
3.9448015122873343,0.4842584655510779,160.5040650406504
3.9448015122873343,0.4841603216517072,159.7560975609756
3.8737240075614365,0.4631753298231004,162.1869918699187
3.8381852551984874,0.4566052216154152,163.41463414634146
3.8381852551984874,0.4496645752786058,165.97560975609755
3.8026465028355387,0.44400141508299223,166.96747967479675
3.8026465028355387,0.4394693549969617,167.9430894308943
3.7671077504725896,0.42774576350391535,169.39837398373984
3.7671077504725896,0.4270287743277521,169.5609756097561
3.7671077504725896,0.4305838173251847,169.3008130081301
3.696030245746692,0.43147050659088315,171.08943089430895
3.696030245746692,0.4323546183830302,173.1219512195122
3.696030245746692,0.4310898209284516,174.04065040650406
3.696030245746692,0.4328961281108397,174.3252032520325
3.6604914933837427,0.42737424920479145,174.70731707317074
3.6604914933837427,0.427405232418007,173.6341463414634
3.6604914933837427,0.42419059718856933,173.3821138211382
3.6604914933837427,0.4241500202252031,172.65853658536585
3.6604914933837427,0.4232579061889767,171.2520325203252
3.518336483931947,0.4244338902137039,169.8048780487805
3.518336483931947,0.42299116061779685,171.3658536585366
3.518336483931947,0.42200802410112076,173.53658536585365
3.518336483931947,0.4201853444622345,174.17073170731706
3.518336483931947,0.42009303318099384,174.09756097560975
3.482797731568998,0.4168892497219633,175.2357723577236
3.482797731568998,0.41479422465053645,174.54471544715446
3.482797731568998,0.4170307105497352,172.8130081300813
3.482797731568998,0.41675076906452335,171.33333333333334
3.482797731568998,0.4100032463131674,169.0487804878049
3.376181474480151,0.40641734847508665,169.84552845528455
3.3406427221172024,0.4004301265020375,175.6747967479675
3.305103969754253,0.39869767610091195,177.84552845528455
3.305103969754253,0.39507368690305816,179.02439024390245
3.305103969754253,0.3896923500108396,180.0
3.305103969754253,0.39103726759493573,177.91869918699186
3.305103969754253,0.39536750189869313,175.53658536585365
3.269565217391304,0.3936349603714526,174.54471544715446
3.1629489603024576,0.3836880791346955,180.97560975609755
3.1629489603024576,0.37879286802267914,183.1138211382114
3.1629489603024576,0.37237683564836427,185.22764227642276
3.1629489603024576,0.3670921891466131,186.58536585365854
3.1629489603024576,0.36630344501548123,185.6910569105691
3.127410207939508,0.37194665207398375,184.4227642276423
3.127410207939508,0.372937520970333,183.0650406504065
3.127410207939508,0.37452553857558435,181.5040650406504
3.0918714555765594,0.3728219811226893,180.34959349593495
3.0918714555765594,0.36837684532313103,180.22764227642276
2.9852551984877125,0.3665582752159109,181.60162601626016
2.9852551984877125,0.362544436420158,183.08943089430895
2.9852551984877125,0.35968540053046427,183.03252032520325
2.9852551984877125,0.3625824691418165,181.1138211382114
2.9852551984877125,0.36772141896881205,180.84552845528455
2.9141776937618142,0.367095062572573,183.91056910569105
2.9141776937618142,0.36433054325313136,185.5609756097561
2.8786389413988656,0.3557457846638088,186.78048780487805
2.8786389413988656,0.35010200114442597,187.0569105691057
2.843100189035917,0.3423526741013322,188.6991869918699
2.843100189035917,0.3381795914594492,191.4471544715447
2.843100189035917,0.3330534944092918,192.83739837398375
2.843100189035917,0.33230636641811256,192.47154471544715
2.843100189035917,0.3321136907752386,192.4959349593496
2.8075614366729678,0.3343750077990571,189.7560975609756
2.8075614366729678,0.3340009937673604,189.17073170731706
2.8075614366729678,0.33645121136764244,189.46341463414635
2.772022684310019,0.3289823650531189,190.20325203252034
2.772022684310019,0.32315301272547664,189.95934959349594
2.6654064272211717,0.32014358139000143,191.609756097561
2.6654064272211717,0.31787329227823313,192.8211382113821
2.6654064272211717,0.3198477105997731,192.2439024390244
2.6654064272211717,0.31684937995795726,191.53658536585365
2.629867674858223,0.31861259537265857,190.4471544715447
2.629867674858223,0.32078917117555,189.7642276422764
2.594328922495274,0.3217569709261719,191.9918699186992
2.594328922495274,0.32218117489956793,191.6991869918699
2.594328922495274,0.31883394246362473,192.77235772357724
2.594328922495274,0.3138905166804198,193.02439024390245
2.523251417769376,0.3108378874626065,191.60162601626016
2.487712665406427,0.30885116702417015,191.8211382113821
2.487712665406427,0.30955432061789934,193.59349593495935
2.487712665406427,0.3068561146323702,193.0
2.487712665406427,0.30496192725896754,191.40650406504065
2.4521739130434783,0.3001229051144486,193.41463414634146
2.4521739130434783,0.2974060372057118,194.5772357723577
2.4521739130434783,0.29835031977226445,193.4390243902439
2.3810964083175805,0.2941168282958406,192.8861788617886
2.345557655954631,0.2904925744874388,194.7479674796748
2.345557655954631,0.2908981636859629,197.0650406504065
2.345557655954631,0.2875582749280703,195.27642276422765
2.3100189035916823,0.2860919480113206,193.46341463414635
2.274480151228733,0.2794801441342109,195.02439024390245
2.274480151228733,0.28542361124112686,197.21951219512195
2.274480151228733,0.2895163480522215,198.4227642276423
2.274480151228733,0.29385001653126136,193.5040650406504
2.203402646502836,0.29164782620353297,195.3739837398374
2.203402646502836,0.29077473293076805,198.4308943089431
2.203402646502836,0.2796784685870482,198.14634146341464
2.1678638941398862,0.27355518015750596,194.5528455284553
2.1323251417769375,0.2752512465927172,196.60162601626016
2.1323251417769375,0.27766708182704586,197.96747967479675
2.1323251417769375,0.28992754703718,195.390243902439
2.0612476370510397,0.2911077029584127,193.39837398373984
2.0612476370510397,0.28584578591456705,196.869918699187
2.0257088846880906,0.2841569878286633,196.9512195121951
1.9901701323251415,0.2760321802280729,194.91056910569105
1.9901701323251415,0.2732339910293027,197.28455284552845
1.9546313799621926,0.27791776377509925,199.08943089430895
1.9546313799621926,0.2824877935788801,197.1869918699187
1.9190926275992437,0.2821951757162589,196.08130081300814
1.8835538752362948,0.27793905759780074,198.3089430894309
1.8835538752362948,0.2717804927575833,199.6341463414634
1.8835538752362948,0.29407712814675907,194.8780487804878
1.848015122873346,0.3022005384071421,192.65853658536585
1.8124763705103968,0.3050747752930764,193.739837398374
1.8124763705103968,0.30474605609485056,196.21951219512195
1.8124763705103968,0.3074758830988865,195.3170731707317
1.7769376181474479,0.3140063374509545,191.2357723577236
1.741398865784499,0.31447578001238247,192.130081300813
1.741398865784499,0.3122261401724159,194.6260162601626
1.70586011342155,0.3041135748271608,196.79674796747966
1.70586011342155,0.3048694408922018,196.4308943089431
1.6703213610586012,0.3051937677271594,197.8048780487805
1.6703213610586012,0.3067282924814092,199.91056910569105
1.634782608695652,0.3211637437820767,197.8130081300813
1.634782608695652,0.3298533165168649,195.79674796747966
1.5992438563327032,0.3366658310778012,193.4471544715447
1.563705103969754,0.3382983753800618,197.0569105691057
1.563705103969754,0.3406345898434607,198.09756097560975
1.5281663516068051,0.34909513227904426,195.4390243902439
1.5281663516068051,0.3552047037598971,195.65853658536585
1.4926275992438562,0.3644860078189596,196.89430894308944
1.4926275992438562,0.36713475341911206,195.46341463414635
1.4570888468809071,0.3738897688461189,192.3739837398374
1.4215500945179584,0.3748069189807605,191.3008130081301
1.4215500945179584,0.37749771172215335,191.85365853658536
1.3860113421550095,0.38673055121910865,189.45528455284554
1.3860113421550095,0.39443822540098067,188.0487804878049
1.3504725897920604,0.3988408922996782,188.1219512195122
1.3504725897920604,0.40139768767179457,190.739837398374
1.3149338374291115,0.40195042323453645,192.8130081300813
1.3149338374291115,0.39988198008546805,192.739837398374
1.3149338374291115,0.40262767959193174,190.6910569105691
1.2793950850661626,0.40493237106291646,189.739837398374
1.2793950850661626,0.40900070590529686,188.47967479674796
1.2438563327032135,0.4272434112116263,182.6910569105691
1.2083175803402646,0.4349257638812316,182.4878048780488
1.1727788279773155,0.45591817406913415,181.53658536585365
1.1727788279773155,0.4571011993131677,181.08943089430895
1.1727788279773155,0.45803063074946,180.3252032520325
1.1372400756143666,0.4568617790464462,179.82926829268294
1.1372400756143666,0.44740848065111166,180.0
1.101701323251418,0.4438574554595942,177.52032520325204
1.101701323251418,0.4368925416342838,177.78861788617886
0.924007561436673,0.42894533670138,178.3008130081301
0.924007561436673,0.4047504923804336,180.9268292682927
0.924007561436673,0.3924758609897857,180.8617886178862
0.9950850661625708,0.3573308489361288,179.21951219512195
0.9595463137996219,0.29515653690719584,181.59349593495935
17.34291115311909,0.23322306238185256,0.2926829268292683
17.34291115311909,0.22598465473145832,0.3252032520325203
