6.987610619469026,0.15172559215704967,1.0087336244541483
6.987610619469026,0.14033940655908328,0.7772925764192138
7.0075752212389375,0.13786666666666686,0.8733624454148483
7.0075752212389375,0.14135333968209726,0.751091703056769
6.987610619469026,0.15229999256339763,0.5982532751091725
7.0075752212389375,0.11502042205582041,0.8558951965065518
6.987610619469026,0.15289062594925115,0.7030567685589517
7.0075752212389375,0.1184924946592089,0.9301310043668138
7.0075752212389375,0.17884955752211898,0.7554585152838449
7.0075752212389375,0.1842081318120193,0.7074235807860276
7.0075752212389375,0.11234179602495235,0.8558951965065518
7.0075752212389375,0.1397241722183552,0.9956331877729276
7.0075752212389375,0.10687680321866254,1.0567685589519655
7.0075752212389375,0.16470796460177103,1.0917030567685586
7.0275398230088495,0.11543755860102528,0.8689956331877724
7.0075752212389375,0.1257868746166651,1.1222707423580793
7.0075752212389375,0.14595969361195824,0.7423580786026207
7.0075752212389375,0.11062934502177671,0.9126637554585173
7.0075752212389375,0.12017581120943956,0.9388646288209621
7.0275398230088495,0.10413342556591873,1.362445414847162
7.0275398230088495,0.11615768302493955,0.8122270742358104
7.0275398230088495,0.10732343295572774,1.0655021834061138
7.0075752212389375,0.11527897365100583,0.8384279475982552
7.0275398230088495,0.11505233583260781,1.0873362445414863
9.58300884955752,0.15006131479140306,1.1528384279476
7.0275398230088495,0.10329453814538632,1.253275109170307
8.804389380530973,0.46734180584203805,1.0
8.784424778761062,0.480036209954209,1.2401746724890828
8.584778761061946,0.5873639799091097,1.1615720524017483
8.584778761061946,0.6204658173684733,1.3056768558951966
8.5049203539823,0.4991150442477887,1.7161572052401723
8.5049203539823,0.45026255353899014,1.5895196506550207
8.36516814159292,0.5200610314311866,1.5109170305676827
8.405097345132742,0.4589938733832544,1.4934497816593897
8.385132743362831,0.5028455100500788,1.3973799126637552
8.345203539823009,0.666005628936394,1.3973799126637552
8.405097345132742,0.5158749209145875,1.349344978165938
8.305274336283185,0.5309743260545227,1.7554585152838413
8.12559292035398,0.43264427146535567,1.5982532751091725
8.12559292035398,0.3514394049792872,1.9956331877729276
8.12559292035398,0.41748210675394803,2.039301310043669
8.10562831858407,0.5349522526458319,2.148471615720524
8.10562831858407,0.5641823444936495,2.0043668122270724
8.045734513274335,0.4876899998108189,2.3799126637554586
8.025769911504424,0.44775514732857913,2.4847161572052414
8.025769911504424,0.4316315326721088,2.4061135371179034
8.025769911504424,0.503351110060119,2.388646288209607
8.025769911504424,0.4971752786802851,2.4410480349345
8.025769911504424,0.4055489933726125,2.4803493449781655
8.025769911504424,0.41574751073544336,2.8034934497816586
8.025769911504424,0.5138419691161192,2.388646288209607
8.025769911504424,0.5235003792667524,2.637554585152838
7.826123893805309,0.48307947944650204,2.3668122270742344
7.826123893805309,0.531971402415101,2.855895196506548
7.826123893805309,0.5201704438086365,2.6331877729257656
7.826123893805309,0.4381695848203805,2.8296943231441034
7.826123893805309,0.46604033025305475,2.925764192139738
7.746265486725663,0.46192273675256584,3.013100436681224
7.746265486725663,0.468783324335109,3.004366812227076
7.666407079646017,0.5065068734427355,2.8384279475982517
7.646442477876106,0.42543843115431307,2.9213973799126656
7.646442477876106,0.4066216968871833,3.358078602620086
7.626477876106193,0.4197986055242695,2.934497816593886
7.626477876106193,0.43157175836860295,2.9563318777292587
7.526654867256637,0.45570260751176456,2.7685589519650655
7.526654867256637,0.4594867170593829,3.069868995633186
7.506690265486726,0.4438150186978841,2.9606986899563346
7.506690265486726,0.4445195263365515,3.2052401746724897
7.426831858407079,0.5382990949523728,2.9563318777292587
7.327008849557521,0.5135244801227428,3.2882096069869
7.327008849557521,0.4477093337785941,3.388646288209607
7.327008849557521,0.4193575959634376,3.5589519650655035
7.227185840707964,0.45647325894574864,3.3668122270742344
7.247150442477875,0.44134540062185984,3.641921397379914
7.227185840707964,0.44056872570763483,3.7991266375545862
7.16729203539823,0.4124205250860114,3.9519650655021863
7.16729203539823,0.4114639653030269,3.8558951965065518
7.067469026548672,0.386429999064088,4.074235807860262
7.067469026548672,0.4080152446733057,4.292576419213972
7.047504424778761,0.35125917771097154,4.292576419213972
7.0275398230088495,0.3527070701303652,4.585152838427948
7.0275398230088495,0.36935507103182685,4.545851528384279
7.0275398230088495,0.3809714614860967,4.567685589519652
7.0275398230088495,0.39293708647327497,4.327510917030569
7.0275398230088495,0.32585746686570655,4.925764192139738
7.0275398230088495,0.3287822701038857,4.589519650655024
7.0275398230088495,0.35192874014481135,4.283842794759828
6.887787610619468,0.3616566981752246,3.930131004366814
6.887787610619468,0.36040679159532074,4.4803493449781655
6.867823008849557,0.3761432797342797,4.502183406113534
6.867823008849557,0.4406274817910061,4.34061135371179
6.807929203539823,0.4441356712399179,4.131004366812228
6.807929203539823,0.4408746709573603,4.235807860262007
6.787964601769911,0.47676654623260345,3.925764192139738
6.708106194690265,0.37688919753376116,4.0960698689956345
6.708106194690265,0.3538024480385177,3.9868995633187794
6.708106194690265,0.35539600902307766,4.572052401746728
6.6482123893805305,0.36916687737041637,4.445414847161572
6.6482123893805305,0.40388272289632426,4.157205240174672
6.628247787610619,0.40070274657251564,4.030567685589521
6.568353982300884,0.35038524307550795,4.7685589519650655
6.528424778761061,0.3562118304879967,4.480349344978169
6.488495575221239,0.30747614289792413,5.109170305676859
6.448566371681416,0.33631426721346797,4.62882096069869
6.448566371681416,0.32990660150574574,5.257641921397379
6.448566371681416,0.31189061561334913,5.139737991266376
6.448566371681416,0.334349965721967,5.366812227074234
6.428601769911504,0.32190457188828836,5.148471615720524
6.348743362831858,0.2723812347032187,5.427947598253276
6.348743362831858,0.319333626735478,5.323144104803493
6.328778761061947,0.3261709064702023,5.100436681222707
6.2489203539823,0.3325497171043084,5.0174672489082965
6.2489203539823,0.3432531707385914,5.414847161572052
6.189026548672565,0.28651876777418617,5.851528384279476
6.189026548672565,0.28443665497660736,6.397379912663755
6.189026548672565,0.2685171200517667,6.50655021834061
6.189026548672565,0.28301011378002533,6.4803493449781655
6.189026548672565,0.30615072794747317,5.851528384279476
6.049274336283185,0.310869864927806,5.545851528384279
6.049274336283185,0.3019376210431542,6.065502183406114
6.029309734513274,0.3055177669969421,6.6157205240174655
6.029309734513274,0.31408497221650516,6.497816593886462
5.9494513274336285,0.2616834810371141,7.043668122270741
5.9294867256637165,0.2647099327848855,7.008733624454148
5.9294867256637165,0.26830136531018084,7.2882096069868965
5.889557522123893,0.2646913732086062,7.436681222707424
5.889557522123893,0.25853753507446553,7.510917030567686
5.889557522123893,0.2606696287592259,7.323144104803493
5.869592920353981,0.2650638217882204,7.401746724890831
5.84962831858407,0.2980765364683795,6.685589519650655
5.789734513274336,0.30830468124895627,6.781659388646286
5.769769911504425,0.30943470688603486,6.633187772925762
5.689911504424778,0.28656298802706903,7.292576419213972
5.689911504424778,0.25047045943705276,7.960698689956331
5.689911504424778,0.2636538624328371,8.668122270742359
5.630017699115045,0.2736073399169959,8.541484716157207
5.630017699115045,0.27022068503616026,8.803493449781659
5.630017699115045,0.26506719590491024,8.663755458515286
5.5501592920353975,0.2657293815922128,9.148471615720526
5.530194690265486,0.24557583732013213,9.563318777292574
5.510230088495574,0.24672881567817537,10.19650655021834
5.510230088495574,0.25325286463713975,10.008733624454146
5.450336283185841,0.25496951078508057,10.218340611353714
5.450336283185841,0.2451397430128498,10.419213973799128
5.430371681415929,0.25054236514338585,10.148471615720526
5.350513274336283,0.26861221430641846,9.646288209606986
5.31058407079646,0.24785832607940525,10.96943231441048
5.31058407079646,0.24070786460676985,11.633187772925762
5.290619469026549,0.24017780015131768,11.628820960698688
5.250690265486726,0.23030098170899882,11.650655021834062
5.250690265486726,0.23474287021064472,11.816593886462883
5.170831858407079,0.25426886238473034,11.676855895196507
5.150867256637167,0.23861696458461476,12.441048034934498
5.150867256637167,0.224220620584091,12.768558951965064
5.090973451327433,0.22305050497970164,13.484716157205241
5.071008849557522,0.2109130107177744,14.283842794759824
5.071008849557522,0.215318420654999,14.78165938864629
5.071008849557522,0.22406087115368994,14.462882096069869
4.991150442477876,0.22869229923763415,14.026200873362447
4.991150442477876,0.2232503676115803,15.183406113537119
4.931256637168142,0.2163195748275608,16.139737991266376
4.931256637168142,0.1927035986685902,16.72052401746725
4.931256637168142,0.19410660053412915,17.262008733624455
4.871362831858407,0.21587807534213463,16.716157205240172
4.871362831858407,0.2164943724591139,16.62882096069869
4.79150442477876,0.2150123238536935,17.663755458515283
4.79150442477876,0.19769487733042124,19.109170305676855
4.79150442477876,0.19646987587541204,18.95196506550218
4.731610619469026,0.2003148858350595,19.458515283842793
4.731610619469026,0.19308105300242215,19.78165938864629
4.711646017699115,0.1874041420641745,19.87336244541485
4.711646017699115,0.20256483638530273,19.11353711790393
4.65175221238938,0.20773788983506805,19.864628820960696
4.631787610619468,0.20364655307289004,20.51528384279476
4.571893805309735,0.21210918823385144,20.484716157205234
4.551929203539823,0.2116460116106679,21.703056768558955
4.512,0.20326063729568195,24.117903930131003
4.512,0.19363600501670628,25.847161572052403
4.512,0.19226735946107879,26.64628820960699
4.4720707964601765,0.19749048005751982,27.135371179039304
4.4521061946902645,0.18930071649771046,28.49344978165939
4.432141592920353,0.19651843359249055,29.921397379912666
4.372247787610619,0.20054908577528346,29.12663755458515
4.352283185840708,0.1974197252003121,31.742358078602624
4.352283185840708,0.18676212194248765,33.12227074235808
4.312353982300885,0.18251517495213268,32.06113537117904
4.292389380530973,0.18128767788220845,32.930131004366814
4.272424778761061,0.18461689147457702,33.96069868995633
4.272424778761061,0.18652194058584531,34.043668122270745
4.25246017699115,0.19068524276122467,31.77729257641921
4.192566371681416,0.19295959856470699,32.2532751091703
4.192566371681416,0.1922659806972006,32.606986899563324
4.152637168141593,0.19020017142953544,33.03056768558952
4.132672566371681,0.18160340987815735,34.34934497816594
4.1127079646017695,0.1778245423782239,35.00873362445415
4.072778761061947,0.18134764495078728,36.04366812227074
4.072778761061947,0.1750546991653957,38.0
4.032849557522124,0.18389204775335133,37.70742358078603
4.012884955752212,0.18055194386880183,39.004366812227076
3.9929203539823,0.18204252726527667,39.903930131004365
3.972955752212389,0.181913865335504,39.7467248908297
3.952991150442477,0.18645268885578922,40.14410480349345
3.8930973451327433,0.18412530685460232,42.301310043668124
3.8930973451327433,0.18082443202921497,43.80349344978166
3.8731327433628313,0.17373047260145566,46.08733624454149
3.8531681415929206,0.17390090066981514,46.33624454148472
3.8132389380530967,0.17497748987658354,46.86899563318777
3.7932743362831856,0.17811117059805345,47.86899563318778
3.773309734513274,0.177329623387929,48.519650655021834
3.753345132743363,0.17630278849251477,49.37117903930131
3.733380530973451,0.18304632665362464,48.95633187772926
3.693451327433628,0.18208873919196186,49.66812227074236
3.6734867256637167,0.17700125066505795,51.96506550218341
3.6335575221238936,0.17525468827481672,51.89956331877729
3.613592920353982,0.17488152689984518,53.65065502183406
3.5936283185840705,0.17864631468491468,54.799126637554586
3.573663716814159,0.17837802723786722,55.5240174672489
3.5536991150442474,0.17755857985308962,55.956331877729255
3.5137699115044247,0.17648559979009104,57.48908296943232
3.5137699115044247,0.17223672560150013,59.09606986899564
3.493805309734513,0.16854160923512065,61.06113537117905
3.4738407079646016,0.16988280228998107,61.31441048034935
3.4339115044247785,0.17341860922688102,61.05240174672489
3.413946902654867,0.1771203546519355,61.598253275109165
3.3939823008849554,0.17575032650612193,62.17903930131004
3.374017699115044,0.17700609688749502,61.956331877729255
3.3340884955752212,0.1777610255363976,63.611353711790386
3.3141238938053097,0.1697149301251078,66.05240174672488
3.294159292035398,0.16561972257312899,67.56768558951966
3.294159292035398,0.168061554319196,66.54148471615721
3.254230088495575,0.1778297797756283,65.42358078602619
3.1943362831858404,0.1850277627767499,66.63755458515284
3.174371681415929,0.1807546883360019,68.24454148471617
3.1544070796460177,0.1736817183762153,71.17903930131004
3.1544070796460177,0.17102011590045008,72.93449781659389
3.134442477876106,0.17239635599180028,74.7117903930131
3.1144778761061946,0.17933043385903294,74.117903930131
3.0745486725663715,0.18054231588105266,75.66812227074236
3.0346194690265484,0.18467168791235114,75.10917030567686
3.0346194690265484,0.18649543796547177,76.20087336244542
2.9747256637168142,0.18097612220342896,77.81659388646288
2.9747256637168142,0.1737221410583127,80.55458515283843
2.9547610619469022,0.1702895035713538,82.17903930131004
2.9547610619469022,0.18292574121735425,82.35371179039302
2.9347964601769907,0.196251280487511,79.97379912663756
2.894867256637168,0.20150185853742,78.08296943231441
2.854938053097345,0.2183150587991647,79.24890829694323
2.8349734513274334,0.2145551765943863,80.59825327510916
2.7950442477876107,0.20967773341461904,82.7292576419214
2.7950442477876107,0.20863645727024113,84.55458515283843
2.7750796460176987,0.20833188036617623,87.16157205240175
2.755115044247787,0.2206754577845627,87.76419213973799
2.7351504424778756,0.22555661115072134,86.92139737991266
2.7151858407079645,0.23023355125556988,88.10917030567686
2.6752566371681414,0.22665054521804373,89.13537117903931
2.65529203539823,0.23879339431195973,88.79039301310044
2.615362831858407,0.23737714951295874,91.11790393013099
2.5953982300884952,0.24108188639335956,94.22270742358079
2.5953982300884952,0.24249614076839834,95.07423580786026
2.5754336283185837,0.2530304844093089,93.56768558951964
2.5554690265486726,0.26661918458443684,90.85152838427948
2.535504424778761,0.276121715483466,90.29257641921397
2.495575221238938,0.28680674307956594,89.90393013100436
2.455646017699115,0.29238111826611934,90.09606986899563
2.455646017699115,0.28536025758522726,92.41921397379913
2.4356814159292033,0.2918171538096093,92.11353711790393
2.39575221238938,0.28868379871228195,94.61572052401746
2.39575221238938,0.2922094419074338,95.8296943231441
2.375787610619469,0.2935045860603258,95.89082969432314
2.3558230088495575,0.3006086414206817,94.64628820960698
2.335858407079646,0.3087033187674602,93.30131004366811
2.295929203539823,0.3150887866127104,93.5414847161572
2.256,0.3176379184985503,96.9650655021834
2.2360353982300882,0.31776341339120323,98.81659388646288
2.2160707964601767,0.32417828317965885,101.17467248908297
2.2160707964601767,0.3303311808950438,100.96069868995633
2.2160707964601767,0.3319610311761835,99.40174672489083
2.096283185840708,0.3340113559067749,98.8122270742358
2.0763185840707963,0.33778157538050907,100.62445414847161
2.0363893805309736,0.3432276940243577,104.51965065502183
2.0363893805309736,0.3487153573909618,106.44978165938865
2.016424778761062,0.35288303348418837,107.3406113537118
1.9565309734513272,0.3575295965579888,107.43231441048034
1.9565309734513272,0.35559306610196006,108.44978165938865
1.9166017699115043,0.3524117741768496,111.69868995633188
1.9166017699115043,0.35689224389143187,113.71615720524018
1.8966371681415928,0.3617038812785016,115.3406113537118
1.8766725663716814,0.36662106643276937,116.2532751091703
1.8766725663716814,0.36726256441617483,115.89519650655022
1.8367433628318584,0.36714130845849124,116.66812227074236
1.8167787610619468,0.37467153953128757,116.76855895196506
1.7768495575221237,0.37865694386550236,118.80786026200873
1.7568849557522124,0.3665528845006465,122.4585152838428
1.7369203539823008,0.38898442940105277,121.52838427947597
1.7169557522123893,0.39578361881439894,120.95633187772927
1.7169557522123893,0.40107183576925937,118.66812227074237
1.6770265486725662,0.40557731394302493,119.6768558951965
1.637097345132743,0.41112695511428116,121.18340611353713
1.5971681415929202,0.41441738316639726,122.37991266375545
1.5971681415929202,0.41286294563252207,124.20960698689956
1.5572389380530973,0.41917664392159665,126.82096069868994
1.5572389380530973,0.4221626974904498,127.41484716157204
1.5572389380530973,0.42596214921369213,127.08733624454148
1.5173097345132742,0.43910069421868236,125.75545851528383
1.4773805309734511,0.44689043014375057,126.1048034934498
1.4773805309734511,0.44634134338076753,126.8995633187773
1.4374513274336282,0.4495671456336658,126.27510917030567
1.4174867256637167,0.44440258582963393,129.2707423580786
1.3775575221238936,0.445539261332712,129.72052401746726
1.3575929203539823,0.4539524469610534,133.79039301310044
1.3575929203539823,0.4572632547445883,134.25764192139738
1.3176637168141592,0.45819401816559735,134.5065502183406
1.2777345132743363,0.45839739862170326,136.35807860262008
1.2777345132743363,0.45793328927203664,136.8296943231441
1.2777345132743363,0.47088266317383576,135.51528384279476
1.2378053097345132,0.4792695105404911,133.33624454148472
1.19787610619469,0.47486167825072995,136.17903930131004
1.19787610619469,0.4822259362380124,136.44978165938866
1.1379823008849557,0.4873211338595369,135.93886462882097
1.1180176991150441,0.4883881009163568,137.353711790393
1.0980530973451328,0.4889679831402275,138.3711790393013
1.0780884955752212,0.4870479368318683,140.46724890829694
1.0581238938053097,0.48956003456102126,140.80786026200872
1.0381592920353981,0.4946435448167615,141.6768558951965
1.0381592920353981,0.4924881287030511,141.55021834061134
0.998230088495575,0.49601004858856207,141.27510917030568
0.9782654867256636,0.5032559021070425,138.85152838427948
0.9183716814159292,0.5100534479116107,140.0873362445415
1.157946902654867,0.5052146504852522,140.89082969432314
1.157946902654867,0.5024782317359395,140.58515283842794
1.1180176991150441,0.5057902577351091,140.18777292576416
1.0980530973451328,0.5092727086353227,141.2183406113537
1.0780884955752212,0.5127097811653205,142.52838427947597
1.0581238938053097,0.5072353982413695,145.6419213973799
1.0581238938053097,0.5076928812406972,145.82969432314408
1.0181946902654868,0.5169704213239166,143.0829694323144
0.998230088495575,0.5204092856472704,142.51528384279476
0.9782654867256636,0.5191417666800494,143.00873362445415
0.9782654867256636,0.5197969189243744,142.80786026200875
0.9583008849557522,0.5239616443898123,142.51965065502182
0.9183716814159292,0.5268786457634222,141.19650655021834
0.9183716814159292,0.5210185285452308,142.46288209606988
0.8984070796460176,0.5028594918172785,140.9868995633188
0.8984070796460176,0.4982912532399077,139.2183406113537
0.8185486725663715,0.2898094547558132,137.18340611353713
0.7985840707964601,0.24374257252173112,137.83406113537117
0.7985840707964601,0.21736885482661733,138.73799126637556
0.7985840707964601,0.2126662294290833,138.34497816593887
0.7786194690265487,0.2362523453784145,131.2183406113537
0.7386902654867256,0.24808726187987482,126.92576419213974
0.7386902654867256,0.2464506319163441,125.87772925764192
0.6987610619469027,0.21853778402914098,125.96943231441048
0.6987610619469027,0.20873251331976228,123.39737991266375
0.6787964601769911,0.18655805187455712,120.3406113537118
0.6388672566371681,0.13190353627945584,118.85589519650655
0.6388672566371681,0.11893690627373746,117.93886462882097
0.6189026548672566,0.11316406753878641,116.90393013100437
0.598938053097345,0.1100337263073067,113.4235807860262
