7.938697183098592,0.18841891832339883,12.617647058823529
7.938697183098592,0.1992461891602774,13.022058823529411
7.938697183098592,0.21782113456517987,13.838235294117647
7.938697183098592,0.24712495852075717,13.757352941176471
7.938697183098592,0.26544012106822024,14.025735294117647
7.938697183098592,0.2720812387517562,13.966911764705882
7.938697183098592,0.33947766744116264,14.209558823529411
7.819542253521126,0.33703830249538486,14.849264705882353
7.774859154929577,0.33859437591976616,15.676470588235293
7.774859154929577,0.3293425869788262,16.643382352941178
7.685492957746478,0.33702947833279046,17.308823529411764
7.685492957746478,0.3350591214430941,18.481617647058822
7.685492957746478,0.3355178591932025,19.1875
7.685492957746478,0.2896340244770997,19.647058823529413
7.685492957746478,0.29955522947626917,20.628676470588236
7.685492957746478,0.3236950312989043,21.669117647058822
7.685492957746478,0.3099241902362467,23.43014705882353
7.685492957746478,0.308204178428566,23.889705882352942
7.685492957746478,0.3091855062982176,24.816176470588236
7.685492957746478,0.3294355915350408,24.665441176470587
7.685492957746478,0.34236981864265587,24.801470588235293
7.685492957746478,0.34331896501157233,24.31985294117647
7.685492957746478,0.3444012805788179,24.889705882352942
7.55144366197183,0.3393225126158019,26.147058823529413
7.55144366197183,0.29356505139151046,27.485294117647058
7.55144366197183,0.30986636511780813,28.34926470588235
7.55144366197183,0.33425501283563447,29.404411764705884
7.55144366197183,0.36638154653778715,29.72426470588235
7.55144366197183,0.37841933119099147,30.044117647058822
7.506760563380281,0.3837361623829566,29.628676470588236
7.506760563380281,0.3591339649955491,30.496323529411764
7.506760563380281,0.3494191777960677,30.709558823529413
7.462077464788732,0.3471567880937592,31.121323529411764
7.342922535211267,0.33965676733075084,31.125
7.342922535211267,0.35382191495987614,33.2610294117647
7.342922535211267,0.35976366837909285,35.56985294117647
7.342922535211267,0.3604743897449719,36.463235294117645
7.342922535211267,0.37435490625224827,37.213235294117645
7.342922535211267,0.37484218179898027,38.099264705882355
7.342922535211267,0.3664395013072296,38.463235294117645
7.342922535211267,0.3769195949046363,39.12132352941177
7.342922535211267,0.3768376551240391,38.8014705882353
7.342922535211267,0.38023378840995353,39.216911764705884
7.342922535211267,0.3829467408739814,38.6875
7.342922535211267,0.3836863220796739,38.658088235294116
7.298239436619718,0.35857947669348056,37.661764705882355
7.193978873239436,0.3592836907810498,38.18014705882353
7.179084507042253,0.36650052937885,39.80514705882353
7.179084507042253,0.37335564439991564,41.07720588235294
7.179084507042253,0.3676457198947254,41.43382352941177
7.179084507042253,0.3671055618357308,42.481617647058826
7.179084507042253,0.3699082636970143,42.77205882352941
7.179084507042253,0.3779100466611088,43.0514705882353
7.149295774647887,0.38356677090297125,42.73529411764706
7.149295774647887,0.42787441854583924,43.279411764705884
7.149295774647887,0.42169301025077643,43.01470588235294
7.149295774647887,0.40691846617548744,42.919117647058826
7.149295774647887,0.39317470162959056,41.70955882352941
7.045035211267606,0.3884384605271869,41.875
7.045035211267606,0.38141870986951054,41.73529411764706
7.045035211267606,0.3827703491200499,42.99632352941177
6.92588028169014,0.388333341386225,43.14705882352941
6.92588028169014,0.387962699646492,46.60294117647059
6.92588028169014,0.36966450243098775,48.279411764705884
6.92588028169014,0.3708172638968446,49.9264705882353
6.92588028169014,0.34703514370911126,50.856617647058826
6.92588028169014,0.3450804762686186,51.38235294117647
6.92588028169014,0.32799427849437646,50.625
6.92588028169014,0.33539053927101303,50.268382352941174
6.896091549295774,0.368014040959215,48.341911764705884
6.896091549295774,0.3775643871493426,48.4264705882353
6.896091549295774,0.37712798294165706,47.0514705882353
6.791830985915492,0.3692207461924131,46.06617647058823
6.791830985915492,0.35147440684852127,46.716911764705884
6.791830985915492,0.3542227848933243,47.154411764705884
6.747147887323943,0.3625968214517666,46.72794117647059
6.747147887323943,0.3675358925832213,47.33455882352941
6.747147887323943,0.37403693264541693,46.91544117647059
6.73225352112676,0.3850084559683845,46.849264705882355
6.73225352112676,0.3834532915183073,46.05514705882353
6.672676056338028,0.38599812723318955,46.23529411764706
6.672676056338028,0.34560587524040004,46.08455882352941
6.657781690140844,0.34929741361313293,45.974264705882355
6.657781690140844,0.36332602931276203,45.05882352941177
6.657781690140844,0.3642154614961003,45.161764705882355
6.657781690140844,0.3618409849068153,44.283088235294116
6.657781690140844,0.36328094274813,43.794117647058826
6.657781690140844,0.3626265358006246,42.4264705882353
6.5237323943661965,0.35041454180080445,41.98529411764706
6.5237323943661965,0.3511030357351592,43.404411764705884
6.5237323943661965,0.34273607312296056,44.0110294117647
6.5237323943661965,0.3289432568206619,43.8639705882353
6.508838028169014,0.3292286189403029,44.18014705882353
6.4641549295774645,0.3360411104593491,44.5110294117647
6.4641549295774645,0.3319314647061899,45.05514705882353
6.4641549295774645,0.3330800593031878,44.1985294117647
6.4641549295774645,0.3202923681517814,44.4375
6.4641549295774645,0.31512612282099417,44.36764705882353
6.4641549295774645,0.3097061900800378,43.6875
6.4641549295774645,0.32493075474052036,41.8014705882353
6.389683098591548,0.332235732779222,42.2610294117647
6.389683098591548,0.34275803378829245,42.0625
6.315211267605633,0.35580390388018424,43.36029411764706
6.30031690140845,0.3558399717527933,44.669117647058826
6.30031690140845,0.358111157340837,45.783088235294116
6.30031690140845,0.34805856787110323,46.536764705882355
6.30031690140845,0.3403319052511439,46.81617647058823
6.30031690140845,0.3331410302271121,46.54044117647059
6.30031690140845,0.3069734912894229,45.64705882352941
6.30031690140845,0.3115141902254404,43.55514705882353
6.196056338028169,0.32593299007987603,44.9264705882353
6.196056338028169,0.31304156458094323,45.50367647058823
6.196056338028169,0.3022522268999118,46.330882352941174
6.196056338028169,0.3074495919692912,46.54779411764706
6.181161971830986,0.3237963955327674,47.4485294117647
6.181161971830986,0.347801938352556,47.92279411764706
6.181161971830986,0.35723902042536976,47.830882352941174
6.181161971830986,0.3626355641696389,47.125
6.181161971830986,0.3674647097574506,46.338235294117645
6.076901408450704,0.34419900238925266,47.61764705882353
6.076901408450704,0.3284576894714482,49.12132352941177
6.076901408450704,0.3273931603707505,49.419117647058826
5.9875352112676055,0.33348015616571,49.54044117647059
5.9875352112676055,0.33257361355633785,51.24632352941177
5.9875352112676055,0.3295677752664799,53.39705882352941
5.957746478873239,0.30364246239203085,54.529411764705884
5.942852112676055,0.2981925963165439,56.231617647058826
5.942852112676055,0.29251393382316004,56.85294117647059
5.942852112676055,0.2981706310420843,57.36764705882353
5.942852112676055,0.29676991829857713,56.49632352941177
5.942852112676055,0.2868426259118134,56.14705882352941
5.942852112676055,0.2867456134737377,55.3014705882353
5.91306338028169,0.30725421398583813,54.5625
5.898169014084507,0.32706248924162645,53.73529411764706
5.898169014084507,0.36030742261499143,51.75735294117647
5.898169014084507,0.3646782076074411,49.85294117647059
5.838591549295774,0.3703753309604867,49.00367647058823
5.823697183098591,0.36390175513726036,47.963235294117645
5.793908450704225,0.36535158988960265,48.356617647058826
5.704542253521127,0.35624780974065307,50.31617647058823
5.6747535211267595,0.33664592333326576,53.76470588235294
5.6747535211267595,0.3136910512457316,55.56985294117647
5.6747535211267595,0.3136536257488056,56.43382352941177
5.6747535211267595,0.3135269586022331,57.080882352941174
5.6747535211267595,0.309884300646472,57.893382352941174
5.659859154929577,0.2937430693677823,58.029411764705884
5.659859154929577,0.2920649898047252,58.169117647058826
5.659859154929577,0.30225791784587785,57.5625
5.659859154929577,0.30050203167290573,56.70220588235294
5.555598591549296,0.2975222279442861,57.231617647058826
5.555598591549296,0.30229140401851634,58.94117647058823
5.540704225352112,0.3026281892181848,60.2389705882353
5.540704225352112,0.2981932622691583,60.8235294117647
5.540704225352112,0.3002442654250991,60.20955882352941
5.496021126760563,0.31865806774456523,60.30514705882353
5.48112676056338,0.3011991067147034,60.338235294117645
5.48112676056338,0.2984156847141389,60.224264705882355
5.48112676056338,0.3030376737167186,58.93014705882353
5.436443661971831,0.30702225964922797,59.61029411764706
5.436443661971831,0.3072475418373433,58.455882352941174
5.436443661971831,0.3073667556878013,58.17279411764706
5.421549295774648,0.3157577785173762,56.19117647058823
5.361971830985915,0.31335394023086677,55.76470588235294
5.317288732394365,0.3037216098430431,57.463235294117645
5.302394366197182,0.30587409903379853,59.43014705882353
5.302394366197182,0.302543331030746,60.841911764705884
5.302394366197182,0.3120508958196939,61.02205882352941
5.302394366197182,0.309215075480078,60.05882352941177
5.257711267605633,0.2772427446776172,59.49632352941177
5.2428169014084505,0.2790251209770127,59.893382352941174
5.2428169014084505,0.2897730160551014,59.63235294117647
5.183239436619718,0.29502088955534145,58.8014705882353
5.183239436619718,0.29535720656805475,60.25735294117647
5.153450704225352,0.2863809560489564,61.47794117647059
5.1385563380281685,0.2801786963680233,63.830882352941174
5.1385563380281685,0.2781265535179535,64.01470588235294
5.1385563380281685,0.27759011004500583,64.56617647058823
5.1385563380281685,0.27931942416750055,63.411764705882355
5.064084507042254,0.28777929055192,61.77205882352941
5.064084507042254,0.28949202683304726,62.00367647058823
5.064084507042254,0.279402013568447,62.81985294117647
5.064084507042254,0.2803299550251491,62.779411764705884
5.064084507042254,0.2801691397757964,61.974264705882355
5.019401408450704,0.30634848918607277,61.8639705882353
4.989612676056338,0.29699839665066446,62.67279411764706
4.989612676056338,0.2807563242034704,63.161764705882355
4.989612676056338,0.2704824562053797,63.2610294117647
4.989612676056338,0.263723821658969,62.224264705882355
4.930035211267605,0.2695055047264716,62.158088235294116
4.8704577464788725,0.28091910474429976,62.70955882352941
4.8704577464788725,0.28020128252957277,65.69117647058823
4.8704577464788725,0.28203028159677435,67.08823529411765
4.8704577464788725,0.28091292519465183,68.4154411764706
4.8704577464788725,0.2736519190017983,68.69117647058823
4.8704577464788725,0.26779914825722906,68.09926470588235
4.8704577464788725,0.265645609729356,67.3345588235294
4.8704577464788725,0.2790685603097387,65.0220588235294
4.766197183098591,0.2750365699560795,67.20588235294117
4.766197183098591,0.2575696610797425,69.23529411764706
4.766197183098591,0.2513340939453529,70.04779411764706
4.766197183098591,0.2534612761290977,70.73897058823529
4.766197183098591,0.2561018603818473,70.20220588235294
4.751302816901408,0.2725168017901312,67.98529411764706
4.721514084507042,0.25054180364143147,67.60661764705883
4.676830985915492,0.2500648493604523,69.4154411764706
4.676830985915492,0.24929986677632168,69.69485294117646
4.676830985915492,0.251094991819876,70.0404411764706
4.676830985915492,0.24978382036340033,69.1470588235294
4.661936619718309,0.2615713289681515,69.1470588235294
4.661936619718309,0.2742067837905589,66.45588235294117
4.647042253521127,0.28023293526020476,66.05514705882354
4.587464788732394,0.2788183879592443,65.93382352941177
4.587464788732394,0.2677118596413761,66.90441176470588
4.572570422535211,0.27062464727895735,66.63602941176471
4.572570422535211,0.2797747948033967,65.80147058823529
4.512992957746478,0.28009101156351857,66.82720588235294
4.483204225352112,0.26919500791225626,68.26470588235294
4.483204225352112,0.24964831263349024,70.46323529411765
4.468309859154929,0.2557245422277224,71.58823529411765
4.4385211267605635,0.25898668121722934,72.3345588235294
4.4385211267605635,0.2533431033869847,75.23897058823529
4.4385211267605635,0.24336316332887517,76.54779411764706
4.4385211267605635,0.23625735665372374,77.82352941176471
4.4385211267605635,0.23399773959836356,76.64338235294117
4.42362676056338,0.25101698332936584,76.2279411764706
4.42362676056338,0.2527368330564617,74.98897058823529
4.364049295774648,0.2454288093235912,73.49264705882354
4.319366197183098,0.24431377995904607,73.01470588235294
4.319366197183098,0.24852537883312878,74.88235294117646
4.319366197183098,0.252764987641421,74.61029411764706
4.289577464788732,0.24701653147887617,74.05147058823529
4.27468309859155,0.23559278074261789,74.42647058823529
4.27468309859155,0.2337617290362653,74.65808823529412
4.27468309859155,0.22895853569693994,73.50367647058823
4.259788732394366,0.23537994432209572,73.31617647058823
4.244894366197182,0.24070738562107674,72.47058823529412
4.244894366197182,0.24404157697876802,71.04779411764706
4.18531690140845,0.25795692715507995,70.15808823529412
4.18531690140845,0.257765451819124,71.37132352941177
4.18531690140845,0.24140805693763304,71.07352941176471
4.18531690140845,0.23848177610253385,69.90441176470588
4.1257394366197175,0.2335336206667244,71.11764705882354
4.1257394366197175,0.2285961848135282,72.1654411764706
4.110845070422535,0.22308967213361391,72.11397058823529
4.081056338028169,0.22307068881536513,72.7720588235294
4.081056338028169,0.22653041978403007,72.81617647058823
4.066161971830986,0.22369251835042553,72.90441176470588
4.066161971830986,0.22348622462525466,72.19852941176471
4.036373239436619,0.22878823786963443,71.9779411764706
4.021478873239436,0.23674729427959484,71.41911764705883
4.021478873239436,0.23843921018389538,71.26102941176471
3.9916901408450705,0.2306184845287435,70.06985294117646
3.976795774647887,0.22615523843499508,70.80514705882354
3.932112676056338,0.22718465296979795,73.23161764705883
3.9172183098591544,0.22147212010163755,75.51838235294117
3.9172183098591544,0.21364532307286288,76.84926470588235
3.9172183098591544,0.21144986024145548,76.95588235294117
3.9172183098591544,0.21059939999480604,76.30882352941177
3.9172183098591544,0.211457533835807,75.32352941176471
3.9172183098591544,0.21481509057719472,73.18382352941177
3.842746478873239,0.21511254264854643,71.30147058823529
3.842746478873239,0.21636777550080621,72.88602941176471
3.827852112676056,0.22132021442789013,72.78676470588235
3.827852112676056,0.2232300190300306,72.26470588235294
3.827852112676056,0.22234498041961542,72.42279411764706
3.7682746478873232,0.21273343227372263,72.26470588235294
3.7533802816901405,0.212593921313812,73.08823529411765
3.7533802816901405,0.21911121500584227,73.98529411764706
3.7384859154929577,0.22093713094846792,73.3345588235294
3.7384859154929577,0.22578188178357467,73.22058823529412
3.6938028169014085,0.22280947977537874,70.83823529411765
3.678908450704225,0.22218847096729358,72.25735294117646
3.6342253521126757,0.2116508984952893,77.10661764705883
3.6342253521126757,0.20814158325702878,79.13235294117646
3.6342253521126757,0.20564890398052027,80.5220588235294
3.6342253521126757,0.20779115263406558,81.01470588235294
3.6342253521126757,0.20346264565046787,81.55514705882354
3.6342253521126757,0.20010680573190348,81.36029411764706
3.619330985915493,0.2014814946883447,80.7279411764706
3.5895422535211265,0.2018464420634577,81.0
3.5746478873239433,0.21747754696116783,82.38970588235294
3.5746478873239433,0.21940067892181292,81.8345588235294
3.5746478873239433,0.21384943415143837,81.09558823529412
3.529964788732394,0.21323890186641353,81.47426470588235
3.485281690140845,0.20807861379072093,82.54411764705883
3.485281690140845,0.20973954013917684,85.81617647058823
3.470387323943662,0.2138688554658074,88.34558823529412
3.470387323943662,0.20997574610528036,89.53676470588235
3.470387323943662,0.20656008477142365,90.8529411764706
3.470387323943662,0.19431652202818878,91.31985294117646
3.470387323943662,0.18790708262890504,91.65808823529412
3.470387323943662,0.18698017992049867,90.90441176470588
3.4405985915492954,0.19154078342531441,90.4779411764706
3.4405985915492954,0.20357172626584438,89.99632352941177
3.4257042253521126,0.1989116442357361,90.22058823529412
3.4108098591549294,0.2023615002536632,89.5845588235294
3.4108098591549294,0.206552861212497,89.58823529411765
3.4108098591549294,0.21515178013175104,87.50735294117646
3.395915492957746,0.21957673163004449,84.79779411764706
3.3214436619718306,0.20735781707477485,87.50735294117646
3.306549295774648,0.19912604923276017,90.90441176470588
3.306549295774648,0.1935371329026046,92.69117647058823
3.306549295774648,0.19619868145068325,93.9779411764706
3.2916549295774646,0.2011148192588174,93.53308823529412
3.2916549295774646,0.19978098139592743,94.37867647058823
3.2916549295774646,0.18761235086495404,93.28308823529412
3.2767605633802814,0.1904931467643339,92.25367647058823
3.2618661971830982,0.19765255766611944,91.28308823529412
3.217183098591549,0.20229099172023896,89.50367647058823
3.217183098591549,0.20636847357373658,90.9154411764706
3.2022887323943663,0.2050836672297386,91.99264705882354
3.1873943661971826,0.20484247905778022,92.97058823529412
3.1873943661971826,0.2069808686412477,93.48161764705883
3.1725,0.19660387527531328,93.1875
3.1129225352112675,0.1927260369624378,94.6875
3.1129225352112675,0.19590960248145073,99.07720588235294
3.1129225352112675,0.19404190751362063,101.48897058823529
3.0980281690140843,0.19428344664944902,103.72058823529412
3.0980281690140843,0.1959051374591853,103.19117647058823
3.0980281690140843,0.19312759497410867,101.99632352941177
3.083133802816901,0.1920288380147966,100.70588235294117
3.023556338028169,0.19423659151483194,101.76838235294117
3.023556338028169,0.19828618522773422,103.48897058823529
3.023556338028169,0.19669872979795952,104.11029411764706
3.023556338028169,0.1970322368106476,103.45220588235294
2.9788732394366195,0.19111344315047799,103.90808823529412
2.9490845070422536,0.18724970224731993,106.31617647058823
2.9490845070422536,0.1879737745133665,107.3529411764706
2.9490845070422536,0.18908510978066917,107.11029411764706
2.9341901408450703,0.19101684909351518,107.5845588235294
2.904401408450704,0.19427778263925932,107.19485294117646
2.904401408450704,0.19916535350992667,107.14338235294117
2.904401408450704,0.20182528884977993,104.38970588235294
2.844823943661972,0.1896907540388009,107.24632352941177
2.844823943661972,0.18805701358773094,109.5
2.844823943661972,0.19598571057643183,110.77941176470588
2.8299295774647883,0.195098889521335,110.88602941176471
2.8150352112676056,0.19016350453984418,109.27573529411765
2.755457746478873,0.1830312736369383,116.2279411764706
2.755457746478873,0.18113949988862266,118.74632352941177
2.74056338028169,0.18106104581751992,121.48161764705883
2.74056338028169,0.17631346866976902,121.18014705882354
2.74056338028169,0.17738994356217463,119.62132352941177
2.725669014084507,0.1810476335173394,116.8529411764706
2.710774647887324,0.1860352294766522,116.90073529411765
2.6958802816901404,0.18929934017743727,114.61397058823529
2.666091549295775,0.1871569299516842,115.16911764705883
2.6363028169014084,0.18733830283327435,118.34926470588235
2.6214084507042252,0.18194231995166874,121.96691176470588
2.6214084507042252,0.176512281016068,124.84191176470588
2.606514084507042,0.17541716566302126,126.1875
2.606514084507042,0.17453243288784334,126.12867647058823
2.576725352112676,0.16989142388274273,126.57352941176471
2.576725352112676,0.16573530985413723,127.01102941176471
2.576725352112676,0.17062028854166045,124.9375
2.5469366197183096,0.17714191412035377,121.63235294117646
2.5469366197183096,0.18530647148511603,117.82352941176471
2.5171478873239432,0.18627995738958802,116.5
2.5022535211267605,0.1831638230389721,118.63235294117646
2.472464788732394,0.18228326323882618,119.78676470588235
2.442676056338028,0.17753336017531157,123.625
2.442676056338028,0.17384923768970836,128.26470588235293
2.442676056338028,0.1697278554982335,130.28676470588235
2.442676056338028,0.16722875232926046,130.74264705882354
2.442676056338028,0.16806622749996922,127.23529411764706
2.3830985915492957,0.1697408312843378,128.17279411764707
2.3830985915492957,0.17378649490428516,130.44485294117646
2.3682042253521125,0.16949665523869878,130.4375
2.3682042253521125,0.16481579795870357,128.7683823529412
2.30862676056338,0.1683732591537787,126.7720588235294
2.30862676056338,0.17492345658314307,130.44485294117646
2.293732394366197,0.1771931852148611,132.23529411764707
2.293732394366197,0.17210273995105163,132.8125
2.278838028169014,0.16871385525256025,131.81617647058823
2.2192605633802818,0.16309106269657575,138.21323529411765
2.2192605633802818,0.1587864839608119,141.59558823529412
2.2192605633802818,0.15409696848325746,145.77573529411765
2.2192605633802818,0.15991156409950916,145.6139705882353
2.2192605633802818,0.16295108856079102,142.95955882352942
2.1894718309859154,0.16482012058129605,138.24632352941177
2.144788732394366,0.16382229133799608,137.8014705882353
2.144788732394366,0.16147970705974535,139.9264705882353
2.144788732394366,0.16429542163082975,138.05514705882354
2.1001056338028166,0.16704694755381852,140.3125
2.1001056338028166,0.1637672064168693,143.03308823529412
2.1001056338028166,0.1623424742454419,142.32720588235293
2.0703169014084506,0.16241360866309623,139.97058823529412
2.0405281690140846,0.16068017318555747,146.1139705882353
2.025633802816901,0.15716351294446304,149.25735294117646
2.025633802816901,0.15062368213197946,153.59191176470588
2.025633802816901,0.14927075924146052,154.6066176470588
2.010739436619718,0.15013956683415444,153.0625
2.010739436619718,0.15471711232967733,148.3566176470588
1.966056338028169,0.1630300895645414,147.1066176470588
1.9511619718309856,0.16355285582020096,146.65073529411765
1.9362676056338028,0.16221034096079157,144.6985294117647
1.9064788732394364,0.15750588915233854,146.83455882352942
1.8915845070422534,0.15337116237845153,150.56985294117646
1.8766901408450702,0.1523478541724767,150.625
1.8766901408450702,0.1556927266943351,149.69117647058823
1.8469014084507043,0.16207325431794065,144.27573529411765
1.832007042253521,0.16148917865631834,145.0110294117647
1.8171126760563379,0.16247159762264238,142.7389705882353
1.8022183098591549,0.1618250323611213,143.24264705882354
1.7873239436619717,0.15712930703405412,146.76470588235293
1.7724295774647885,0.15328632244812643,149.16544117647058
1.7575352112676057,0.16062274389706283,145.7389705882353
1.7426408450704225,0.15837699332384172,144.29779411764707
1.7277464788732393,0.16168757712302737,139.9191176470588
1.697957746478873,0.18365779393900392,139.76470588235293
1.68306338028169,0.19121102439699267,139.26470588235293
1.668169014084507,0.19364568913223937,138.125
1.653274647887324,0.20094811311968402,134.1691176470588
1.6234859154929577,0.1979298366175377,134.3308823529412
1.6085915492957745,0.19048451829116034,138.84558823529412
1.5936971830985913,0.18896505018288234,141.1360294117647
1.5936971830985913,0.1942499046067672,143.0
1.5788028169014083,0.1971666884934384,141.80514705882354
1.5639084507042254,0.20137551417473498,139.25367647058823
1.5490140845070421,0.22597452967414774,134.99264705882354
1.5341197183098592,0.2386688155651257,129.1433823529412
1.4894366197183098,0.24618234436805136,125.61764705882354
1.4894366197183098,0.2665925700093829,124.87132352941177
1.4745422535211268,0.27104353165019013,121.875
1.4298591549295774,0.2666250919989172,120.50735294117646
1.4298591549295774,0.2642254579804965,120.76470588235294
1.4149647887323942,0.2654563572163506,121.54779411764706
1.4000704225352112,0.2686628850023847,121.51470588235294
1.4000704225352112,0.2709370298632722,118.7279411764706
1.3404929577464788,0.26936469161213183,120.82352941176471
1.3404929577464788,0.27782560162161674,121.66176470588235
1.3404929577464788,0.27926687574789255,122.76470588235294
1.3404929577464788,0.2786782950015461,122.61764705882354
1.3404929577464788,0.276521679207678,123.4779411764706
1.3404929577464788,0.2766600162191826,121.8529411764706
1.3404929577464788,0.2791419608366877,119.31985294117646
1.2809154929577464,0.29088458529743777,114.20588235294117
1.2809154929577464,0.2948323612066941,115.64338235294117
1.2660211267605634,0.30434935268100893,116.90441176470588
1.2660211267605634,0.3092880345928177,117.94485294117646
1.2511267605633802,0.3072859928549796,118.40073529411765
1.2511267605633802,0.3060701913853917,118.70220588235294
1.221338028169014,0.30271556557353846,116.6470588235294
1.2064436619718308,0.30442535167979135,117.33088235294117
1.1915492957746479,0.30359666370573274,119.82720588235294
1.1915492957746479,0.3102072758652174,118.39338235294117
1.1766549295774649,0.3129493637745176,113.70588235294117
1.1766549295774649,0.31756450964014016,109.90441176470588
1.102183098591549,0.31847405788585936,110.76102941176471
1.102183098591549,0.3139174528007064,114.60661764705883
1.0872887323943663,0.3032888775090523,115.63602941176471
1.0574999999999999,0.2983189328574476,119.6875
1.0574999999999999,0.3025974235544779,121.51102941176471
1.042605633802817,0.3084742382158122,122.8125
1.042605633802817,0.3236535416107559,123.03676470588235
1.042605633802817,0.3284309457736387,119.29779411764706
1.042605633802817,0.329966373290466,116.43014705882354
0.9830281690140845,0.33519403454999014,104.95220588235294
0.9681338028169014,0.33457484264875237,107.71323529411765
0.9681338028169014,0.34952496949759054,107.88602941176471
0.9532394366197182,0.34670851091166,107.98897058823529
0.9383450704225351,0.35254957082698235,107.88235294117646
0.9234507042253521,0.3506494367790453,108.13970588235294
0.9085563380281689,0.3398895617201136,110.1029411764706
0.9085563380281689,0.3383282443605704,107.61029411764706
0.8787676056338029,0.34905883954044764,103.04411764705883
0.8340845070422535,0.3567701352486174,103.46323529411765
0.8340845070422535,0.35380715726226786,106.88602941176471
0.8191901408450704,0.35142001118011906,108.75
0.8042957746478873,0.3532169980462319,111.30514705882354
0.7894014084507042,0.35830892884223875,111.24264705882354
0.7745070422535211,0.36891190384428263,109.26838235294117
0.7447183098591549,0.37595013682478373,104.22426470588235
0.7149295774647887,0.37598433374522067,106.87867647058823
0.7000352112676056,0.3695321051788193,110.1470588235294
0.7000352112676056,0.36317789420276897,113.58088235294117
0.6851408450704225,0.3556901334811265,114.58823529411765
0.6851408450704225,0.3535484400823609,114.52573529411765
0.6702464788732394,0.3443051588848264,115.38602941176471
0.6702464788732394,0.33438519704567093,113.88602941176471
0.6404577464788732,0.1534275136860462,107.07352941176471
0.6404577464788732,0.14320890532909242,106.74264705882354
0.6255633802816901,0.13167898944435202,105.0625
0.610669014084507,0.16492443580969512,101.68014705882354
0.610669014084507,0.17209100389251838,100.77941176470588
0.5957746478873239,0.1647520676900949,101.75
0.5808802816901408,0.15535427983758576,103.3125
0.5659859154929577,0.14971594893448792,105.61029411764706
0.5659859154929577,0.14380699738241556,107.13235294117646
0.5659859154929577,0.14278441202925474,108.19485294117646
0.5659859154929577,0.1483503324012172,107.375
0.5510915492957745,0.15219072923535634,105.90073529411765
0.5510915492957745,0.14501959479080534,105.67279411764706
0.5510915492957745,0.14850529803037116,100.84558823529412
0.5213028169014085,0.14096083668093512,98.76838235294117
0.5213028169014085,0.13170142701136173,99.76838235294117
0.5213028169014085,0.12710109565189412,99.95220588235294
0.5213028169014085,0.12750963670694487,99.81617647058823
0.5064084507042252,0.12584051776096514,99.10661764705883
0.5064084507042252,0.12428230915720881,99.37867647058823
0.5064084507042252,0.12403807323900062,99.03676470588235
0.5213028169014085,0.12399694137203215,98.76838235294117
0.5213028169014085,0.12445342300449069,99.01838235294117
0.5213028169014085,0.12448261125662459,98.92279411764706
0.5213028169014085,0.12415632058793431,98.99632352941177
0.5213028169014085,0.12420752934458877,98.82352941176471
0.5213028169014085,0.12419330607782393,98.82352941176471
0.5213028169014085,0.12400754335237274,98.86764705882354
0.5213028169014085,0.12379814092127422,98.88970588235294
0.5213028169014085,0.12425713274469942,98.79779411764706
0.5213028169014085,0.1242662623390737,98.76470588235294
0.5213028169014085,0.12414009746767925,98.76470588235294
0.5213028169014085,0.12468851416152839,98.76838235294117
0.5213028169014085,0.12504021844494223,98.7279411764706
0.5213028169014085,0.12565150851783527,98.78308823529412
0.5064084507042252,0.1259696802797496,98.65808823529412
0.5064084507042252,0.12570008251379605,98.68382352941177
0.5064084507042252,0.12565299735610053,98.66176470588235
0.5213028169014085,0.12608706520003968,98.62132352941177
0.5213028169014085,0.12594587878694408,98.60661764705883
0.5213028169014085,0.12593693393284128,98.60661764705883
