8.730960854092526,0.562462322711433,1.3203463203463208
8.710889679715303,0.4301824745989997,1.0173160173160163
8.690818505338077,0.5158291814946606,1.2813852813852833
8.690818505338077,0.4541253077207607,1.2640692640692635
9.654234875444839,0.10710778418619885,1.1515151515151487
8.730960854092526,0.6877314059915023,1.2770562770562783
8.690818505338077,0.3957214493691368,1.5324675324675319
8.690818505338077,0.2648193417553715,1.2943722943722946
8.730960854092526,0.5386530365408324,1.2770562770562783
8.730960854092526,0.553689524988395,1.471861471861473
8.690818505338077,0.7365878590953631,1.0779220779220786
8.690818505338077,0.25589069139123277,1.2727272727272734
8.751032028469751,0.5636636861791752,1.354978354978357
8.771103202846975,0.2602238625841626,1.3722943722943732
8.751032028469751,0.43535373186594734,1.6233766233766254
8.730960854092526,0.5770416682961156,1.3290043290043307
10.75814946619217,0.2145842453107848,4.675324675324674
10.738078291814947,0.25655978123744755,4.714285714285715
10.637722419928826,0.21270898209198533,5.155844155844154
10.6176512455516,0.20484327771872352,5.471861471861473
10.6176512455516,0.2176544950445239,5.532467532467532
10.557437722419929,0.34580232053279975,5.532467532467532
10.557437722419929,0.3549862223512571,5.571428571428573
10.376797153024912,0.4055879729087101,5.463203463203463
10.356725978647686,0.4241079498793022,5.432900432900432
10.356725978647686,0.41766959403970166,5.779220779220779
10.356725978647686,0.3797005227400434,6.09090909090909
10.376797153024912,0.458218729596381,6.632034632034632
10.356725978647686,0.4192645314353493,6.419913419913421
10.27644128113879,0.4210419286650788,6.99134199134199
10.27644128113879,0.4061316960031564,7.21645021645022
10.27644128113879,0.43014321673465855,7.458874458874462
10.27644128113879,0.42567983262289266,7.307359307359306
10.256370106761565,0.44019931370148574,7.212121212121215
10.256370106761565,0.42892363550827517,7.597402597402596
10.0355871886121,0.42798654726056884,7.835497835497833
10.0355871886121,0.4244703457460668,8.177489177489178
10.0355871886121,0.35950961370264495,9.034632034632033
10.015516014234876,0.41573609491962177,9.419913419913424
10.015516014234876,0.41156293955155066,9.835497835497836
10.015516014234876,0.40043837597682547,10.203463203463205
10.015516014234876,0.3584095734360083,10.303030303030301
10.015516014234876,0.3692031761203776,10.593073593073594
10.015516014234876,0.38551098629141384,9.995670995670995
9.975373665480427,0.4203176486094632,9.991341991341994
9.89508896797153,0.4652048197705177,9.978354978354979
9.814804270462632,0.434228642441469,10.467532467532465
9.814804270462632,0.435412170520427,10.961038961038959
9.814804270462632,0.43274994529884486,11.41125541125541
9.814804270462632,0.43378485625468494,11.476190476190474
9.814804270462632,0.39993352269761956,11.545454545454547
9.814804270462632,0.3886663564101194,11.523809523809526
9.814804270462632,0.4016213483900518,11.532467532467535
9.674306049822064,0.414160948444245,12.372294372294373
9.654234875444839,0.41945544283418296,12.37229437229437
9.654234875444839,0.4097317468356553,12.268398268398265
9.654234875444839,0.4207200454148682,12.8008658008658
9.654234875444839,0.4201525283421739,13.1991341991342
9.654234875444839,0.4214291325261464,13.826839826839823
9.493665480427047,0.4556239738433148,13.41125541125541
9.493665480427047,0.3944765586726439,14.268398268398265
9.493665480427047,0.3716961426295027,14.61904761904762
9.493665480427047,0.3767313823726573,15.077922077922075
9.493665480427047,0.38463565071777484,15.112554112554108
9.47359430604982,0.3915350262476368,15.186147186147185
9.47359430604982,0.39227920668737665,15.056277056277057
9.47359430604982,0.4708555959063627,15.233766233766236
9.373238434163701,0.46994151147001034,14.935064935064933
9.373238434163701,0.48356530823097177,14.658008658008658
9.152455516014236,0.475942051903116,15.497835497835496
9.152455516014236,0.46657947459181603,16.567099567099568
9.152455516014236,0.41235315431899094,19.138528138528137
9.152455516014236,0.3926241888288082,19.61038961038961
9.152455516014236,0.3971128558138385,20.97835497835498
9.152455516014236,0.3737645682364982,21.5974025974026
9.152455516014236,0.3739396943080856,22.125541125541126
9.13238434163701,0.34276606149033034,22.519480519480517
9.13238434163701,0.34162008915901587,23.874458874458874
9.13238434163701,0.335277834527993,23.948051948051948
9.13238434163701,0.3505380350299861,23.549783549783548
9.13238434163701,0.38229891226155177,22.701298701298697
8.971814946619217,0.4114794349558821,22.242424242424242
8.971814946619217,0.42754973344391245,23.18614718614719
8.911601423487545,0.4301025694730102,23.896103896103895
8.911601423487545,0.4368132531907046,25.480519480519476
8.911601423487545,0.43118738523525135,26.238095238095234
8.911601423487545,0.43882186430323755,26.56277056277056
8.911601423487545,0.4446075633418846,26.489177489177486
8.891530249110321,0.4249165422849086,26.956709956709958
8.811245551601424,0.4248671546502045,26.809523809523814
8.7911743772242,0.41943856731675566,27.411255411255414
8.7911743772242,0.4202761767544654,28.043290043290046
8.7911743772242,0.44030738007799636,28.575757575757574
8.771103202846975,0.4467355218367286,28.632034632034635
8.670747330960854,0.44248807026506326,28.93073593073593
8.65067615658363,0.43107661268912617,29.991341991341994
8.65067615658363,0.454085664089688,30.995670995670995
8.65067615658363,0.43353741440035665,31.264069264069267
8.65067615658363,0.4292733481570621,31.761904761904763
8.65067615658363,0.4337846354295227,31.402597402597404
8.65067615658363,0.4486257712691063,31.463203463203467
8.530249110320286,0.44836492177641807,32.41991341991343
8.530249110320286,0.41513918925249443,33.14285714285714
8.530249110320286,0.40931078818896394,33.038961038961034
8.530249110320286,0.42931892637666647,33.19913419913421
8.429893238434163,0.44464858784713035,33.45454545454545
8.429893238434163,0.4511626017367788,34.21212121212122
8.429893238434163,0.4474253858820545,34.6969696969697
8.429893238434163,0.4331261399737043,34.66666666666667
8.349608540925265,0.4421041318182425,35.25108225108225
8.349608540925265,0.4424192107379422,36.086580086580085
8.349608540925265,0.43815042498485945,35.961038961038966
8.289395017793595,0.4334308631909759,36.727272727272734
8.269323843416371,0.4342206291135223,37.20779220779221
8.249252669039144,0.43712477479484896,37.688311688311686
8.249252669039144,0.4448933524444598,38.069264069264065
8.148896797153025,0.44294075873537947,39.099567099567096
8.148896797153025,0.43532096264646286,40.5930735930736
8.148896797153025,0.43582602523825054,41.03463203463204
8.148896797153025,0.43287474800417236,41.168831168831176
8.1288256227758,0.4318131309433245,41.870129870129865
8.1288256227758,0.42678387985933836,41.19480519480519
8.02846975088968,0.4310617627067389,42.385281385281374
8.02846975088968,0.4201833972610339,42.861471861471856
8.02846975088968,0.4195823772948557,43.75324675324674
8.008398576512455,0.42814108959561753,43.930735930735935
8.008398576512455,0.4186065671773507,44.87445887445888
7.948185053380783,0.4210115247240156,45.52813852813853
7.948185053380783,0.420284462479495,45.88744588744588
7.928113879003559,0.42432521215439356,45.90909090909091
7.928113879003559,0.42864345346814386,45.98268398268398
7.847829181494661,0.42564142221400575,46.52380952380952
7.847829181494661,0.42378630379373067,47.4069264069264
7.847829181494661,0.4240417029391128,47.41125541125541
7.78761565836299,0.42078532895238324,49.35930735930736
7.78761565836299,0.42384252202268147,49.8008658008658
7.78761565836299,0.4192730121705953,50.20346320346321
7.78761565836299,0.427365627955669,49.731601731601735
7.767544483985764,0.4498397296822373,48.831168831168824
7.647117437722421,0.42836842530693425,50.53679653679653
7.647117437722421,0.4246613892769842,51.6103896103896
7.647117437722421,0.4266684526843502,52.341991341991346
7.647117437722421,0.4196719018032099,52.99134199134198
7.647117437722421,0.433885705813215,51.96103896103895
7.526690391459075,0.4405994105442496,52.42857142857143
7.526690391459075,0.4235854888365191,53.705627705627705
7.486548042704626,0.41822104655889686,56.1948051948052
7.486548042704626,0.4168830537533861,56.502164502164504
7.486548042704626,0.4206067761696504,57.09090909090909
7.486548042704626,0.4237017893320106,56.63203463203463
7.426334519572953,0.42335924672023656,56.79220779220779
7.36612099644128,0.4181079815273066,57.04761904761905
7.325978647686833,0.4160250427440021,58.926406926406926
7.305907473309608,0.4080213530933947,60.722943722943725
7.305907473309608,0.4059867228171714,61.87012987012987
7.285836298932384,0.4086222024524553,62.26406926406926
7.285836298932384,0.41118347382020976,62.69696969696969
7.285836298932384,0.41730943731673864,62.086580086580085
7.205551601423488,0.4221813243701558,61.37229437229436
7.185480427046262,0.41726036019615076,62.08225108225109
7.165409252669039,0.4063723056897063,63.83982683982684
7.165409252669039,0.40551839018651104,64.03896103896103
7.165409252669039,0.4128383302438746,64.11255411255411
7.165409252669039,0.4252480451982229,63.02597402597402
7.065053380782919,0.4244582756077207,63.7012987012987
7.0449822064056935,0.4125664711782767,64.83982683982683
7.0449822064056935,0.4124806015408467,65.16450216450215
7.004839857651246,0.410930780611901,65.7056277056277
6.904483985765125,0.40703276263692,66.14285714285714
6.904483985765125,0.4011027133005434,68.00432900432901
6.904483985765125,0.3924449828083038,70.70995670995671
6.904483985765125,0.38866818019981414,71.2987012987013
6.8844128113879,0.3930907970357175,72.54112554112554
6.8844128113879,0.4010527510057144,72.49350649350649
6.8844128113879,0.40368880086570075,71.29004329004329
6.824199288256228,0.4059212414216133,70.7965367965368
6.8041281138790035,0.4028717519226738,70.87012987012987
6.763985765124556,0.3937122190006494,71.20779220779221
6.683701067615658,0.3960881984026076,71.96536796536796
6.683701067615658,0.4075963019765991,74.45021645021644
6.683701067615658,0.4111679765566874,75.67099567099567
6.683701067615658,0.4048179419629312,75.83549783549783
6.64355871886121,0.3970710240600458,76.12121212121212
6.603416370106761,0.399353557853994,76.55411255411255
6.523131672597865,0.38972073746708524,78.72727272727273
6.50306049822064,0.38437412341060784,81.00865800865802
6.50306049822064,0.3802338383480962,82.30735930735932
6.482989323843416,0.37837880613381164,84.35497835497836
6.482989323843416,0.37526255063972547,85.06926406926408
6.4629181494661925,0.3710452008747662,85.18181818181819
6.442846975088967,0.371730319485941,85.58874458874459
6.402704626334519,0.37537676432076383,86.74025974025973
6.402704626334519,0.3836888247852511,87.08225108225108
6.382633451957295,0.3786525705264706,86.12554112554113
6.362562277580071,0.3835517741186422,85.0909090909091
6.282277580071175,0.3851942120409242,85.38528138528139
6.2622064056939495,0.3821956572404704,86.85714285714286
6.201992882562277,0.37782552926794677,88.4978354978355
6.201992882562277,0.3760033168482473,91.00865800865802
6.201992882562277,0.36610388915868625,92.55844155844156
6.201992882562277,0.36140942515251595,93.39826839826841
6.201992882562277,0.36466249321511823,93.46753246753246
6.181921708185053,0.3723889879026183,92.6969696969697
6.141779359430604,0.3829910302566031,89.77056277056278
6.061494661921708,0.37664229443581504,92.5021645021645
6.061494661921708,0.3733636180464624,92.86147186147186
6.061494661921708,0.36730407039514024,93.57142857142857
6.041423487544484,0.3678543197902869,93.52813852813853
5.981209964412812,0.37420160274448755,95.27272727272728
5.961138790035586,0.36715840740562633,96.32467532467533
5.961138790035586,0.35372014170857896,97.2987012987013
5.9209964412811384,0.3492506048015435,99.36363636363637
5.9209964412811384,0.355325862181537,100.47619047619048
5.9209964412811384,0.3604274793391526,100.58441558441558
5.900925266903914,0.36387233417966613,100.45887445887446
5.880854092526691,0.36595121789240487,99.95238095238095
5.880854092526691,0.3688078985574643,99.84415584415585
5.880854092526691,0.36801013419783385,98.74458874458875
5.840711743772242,0.3646791499702646,96.80086580086581
5.780498220640569,0.36730939228628195,97.02164502164503
5.720284697508897,0.36856614206766164,99.61038961038962
5.700213523131672,0.36911281594505235,102.08658008658008
5.700213523131672,0.3591542455601226,103.51515151515153
5.6801423487544485,0.35652700925474534,104.05627705627705
5.6801423487544485,0.3501491850499674,104.0
5.619928825622776,0.35383877951376397,105.32900432900433
5.599857651245552,0.3536783384116318,105.62770562770562
5.559715302491103,0.3490226840389249,106.56277056277057
5.519572953736654,0.3549914134580313,108.32034632034632
5.519572953736654,0.35436511888507094,109.34632034632034
5.479430604982206,0.34793271788096786,110.3073593073593
5.479430604982206,0.348378256942806,111.06493506493506
5.459359430604982,0.34668618854726646,110.98701298701299
5.439288256227758,0.349865987193676,111.14718614718615
5.439288256227758,0.3489514518373197,110.45021645021643
5.359003558718862,0.3498534601882344,110.9090909090909
5.359003558718862,0.35013581422403894,112.66233766233768
5.318861209964413,0.34438789714576207,114.03030303030303
5.298790035587189,0.3389644538206911,115.09090909090908
5.25864768683274,0.34074523189206035,116.16883116883116
5.238576512455516,0.3283655557412322,117.73593073593074
5.238576512455516,0.33692597300455884,118.22510822510822
5.198434163701068,0.3339003514271522,118.83549783549782
5.198434163701068,0.33614934353080156,119.43722943722943
5.158291814946619,0.33722992132269153,121.0779220779221
5.0980782918149465,0.3379739900923118,121.44155844155846
5.078007117437722,0.3350545751197205,124.20779220779221
5.078007117437722,0.33426110438013584,126.22510822510822
5.078007117437722,0.3300712722461572,125.45887445887445
4.9977224199288255,0.33387657865525494,123.83549783549785
4.9977224199288255,0.33108258396085066,126.17316017316017
4.977651245551601,0.3252168311389639,127.97402597402598
4.937508896797153,0.32149209277244944,129.56709956709958
4.917437722419928,0.32240900085669255,132.021645021645
4.917437722419928,0.3210733568043079,133.1125541125541
4.877295373665481,0.3234015115673783,132.74891774891776
4.877295373665481,0.31963485917920254,133.5064935064935
4.877295373665481,0.3209964874821276,132.19913419913422
4.797010676156583,0.31977154339907576,135.3160173160173
4.797010676156583,0.3225377465115958,137.63203463203462
4.7568683274021355,0.3158258268234838,137.88311688311688
4.716725978647687,0.30850786278936954,140.64935064935065
4.716725978647687,0.30461637204027675,142.12987012987014
4.716725978647687,0.30923843537793766,142.8917748917749
4.716725978647687,0.3569267933484808,141.96969696969697
4.6565124555160144,0.3566277935990303,140.25541125541125
4.63644128113879,0.3527769079825052,141.69264069264068
4.63644128113879,0.3500768957292823,142.12121212121212
4.495943060498221,0.3388123339002348,148.1298701298701
4.495943060498221,0.329674456051166,156.26406926406926
4.495943060498221,0.32362106305529814,161.1991341991342
4.495943060498221,0.3173653478833683,164.06060606060606
4.475871886120996,0.307641276503598,166.55844155844156
4.475871886120996,0.3013107902971684,167.43290043290042
4.435729537366548,0.2982065802919896,168.42424242424244
4.435729537366548,0.29623026711390726,168.71428571428572
4.355444839857651,0.29864049457207664,166.90043290043292
4.355444839857651,0.3160197688741143,169.5021645021645
4.355444839857651,0.3266557325608906,167.0995670995671
4.355444839857651,0.33255294840018373,164.73160173160173
4.275160142348755,0.334087157918621,166.14718614718615
4.275160142348755,0.3311602177179321,165.1818181818182
4.275160142348755,0.32988411964684294,162.61038961038963
4.2149466192170815,0.327950600540301,158.6839826839827
4.194875444839858,0.32647802942324367,158.14285714285714
4.134661921708186,0.3281096560885274,156.12987012987014
4.11459074733096,0.32440477147897945,156.56709956709955
4.0744483985765125,0.3159087462242562,161.58441558441558
4.0744483985765125,0.307800922059347,164.71861471861473
4.0744483985765125,0.301768045047172,167.09523809523807
4.0744483985765125,0.30021574738678153,165.56709956709955
4.01423487544484,0.29505807368168907,165.4978354978355
3.9941637010676154,0.29655914640634407,168.4848484848485
3.9941637010676154,0.29738211606413184,169.6926406926407
3.9540213523131675,0.3003812060622018,167.64069264069263
3.893807829181495,0.2967349639387581,171.60173160173161
3.893807829181495,0.29317081705880604,174.16883116883116
3.87373665480427,0.2900253975956556,175.32900432900433
3.853665480427046,0.28707841081336455,175.87878787878788
3.8135231316725973,0.28782071516852914,177.4805194805195
3.8135231316725973,0.28970558133239394,178.84415584415584
3.7934519572953738,0.29048244082219,179.6103896103896
3.7533096085409254,0.29280739793499866,180.0952380952381
3.7533096085409254,0.2922836644344609,180.16017316017317
3.7131672597864767,0.2948067265375334,181.25541125541125
3.6930960854092527,0.29382591022504934,182.36796536796538
3.6730249110320283,0.29302669208950965,183.75324675324674
3.63288256227758,0.29498552676691164,185.46753246753246
3.6128113879003556,0.2920331611518342,186.3290043290043
3.5726690391459073,0.2920274192011693,188.21212121212122
3.5525978647686833,0.28766624340410135,190.7835497835498
3.5325266903914594,0.29176879009299134,192.13419913419915
3.4923843416370106,0.289057970489671,193.64069264069263
3.4723131672597867,0.2876575108723599,196.3160173160173
3.4723131672597867,0.2921069590978658,196.37229437229436
3.432170818505338,0.29641819884448395,196.32034632034632
3.3920284697508896,0.2911333333407377,198.6709956709957
3.3920284697508896,0.2924937827652053,198.2987012987013
3.3518861209964412,0.300979557527611,197.58008658008657
3.3117437722419925,0.3102571863844098,200.7099567099567
3.291672597864769,0.3142006371365691,203.41991341991343
3.291672597864769,0.3230997634426458,202.95670995670997
3.25153024911032,0.32661873821443577,202.46320346320346
3.2314590747330962,0.33188108086932583,200.25541125541127
3.1913167259786475,0.3284712349949567,204.3030303030303
3.151174377224199,0.3334895632627926,205.74891774891773
3.151174377224199,0.3369710556074632,208.06493506493507
3.1311032028469747,0.34527887248889877,208.91341991341992
3.0909608540925264,0.3362510834145762,211.85714285714286
3.0909608540925264,0.3342842803296951,211.4978354978355
3.0508185053380785,0.3452442915960966,210.012987012987
3.030747330960854,0.3500989020728426,213.3896103896104
2.990604982206406,0.35809706237465194,214.30303030303028
2.9705338078291814,0.3660272255602792,215.12554112554113
2.950462633451957,0.37849202773040075,216.56277056277057
2.930391459074733,0.385402196727318,217.2900432900433
2.9103202846975087,0.39696106530278424,214.69264069264068
2.8701779359430604,0.3947541059384608,215.00865800865802
2.830035587188612,0.40085964479074027,217.25974025974025
2.809964412811388,0.4020366929743886,217.72727272727272
2.7698220640569398,0.4017980386928881,220.27272727272728
2.7698220640569398,0.4067949944856833,220.34199134199133
2.729679715302491,0.40552587880770025,223.83116883116884
2.709608540925267,0.4085602082999356,223.7012987012987
2.6694661921708183,0.4094013690257177,223.69264069264068
2.6694661921708183,0.4151606433833104,225.2207792207792
2.62932384341637,0.4267506887604734,224.75324675324674
2.6092526690391455,0.43733935608045865,225.19047619047618
2.5691103202846977,0.4368023833144129,226.57575757575756
2.5691103202846977,0.43635886782838346,226.5151515151515
2.5289679715302493,0.44059711290584636,225.93506493506493
2.508896797153025,0.44916443465934647,226.14285714285714
2.4687544483985766,0.45814833002258654,227.30735930735932
2.428612099644128,0.45785888280038367,226.87445887445887
2.3884697508896795,0.45252152568871906,228.12121212121212
2.3884697508896795,0.4526328911934803,229.71428571428572
2.368398576512455,0.45933088375038844,229.41558441558442
2.348327402135231,0.46519283645082904,229.45454545454544
2.3282562277580072,0.4695767217323348,229.004329004329
2.3282562277580072,0.47665684456694996,228.5021645021645
2.2680427046263345,0.4818590634365265,229.46320346320346
2.2479715302491106,0.4782655798531984,230.5974025974026
2.227900355871886,0.47651050475921164,230.75324675324677
2.227900355871886,0.4842552073552524,230.3939393939394
2.187758007117438,0.49980914790107955,230.1038961038961
2.1676868327402135,0.5068512861308536,229.23809523809524
2.1074733096085407,0.5135037051946508,229.38095238095238
2.0874021352313163,0.5174707805762814,229.67099567099567
2.0874021352313163,0.5162094196356464,229.77922077922076
2.0472597864768685,0.5277592503728539,230.76190476190476
2.027188612099644,0.5363720355344318,230.85281385281385
1.926832740213523,0.5388117021000092,230.26839826839827
1.9067615658362986,0.5460325759783177,231.034632034632
1.886690391459075,0.553431870299241,231.82251082251082
1.886690391459075,0.5642572501406964,232.22943722943722
1.886690391459075,0.5926476468798368,232.15584415584416
1.8666192170818505,0.6065789991986303,232.39826839826839
1.8666192170818505,0.6267768965861266,232.11688311688312
1.8666192170818505,0.6265127360049203,231.92640692640694
1.7261209964412811,0.6349917197061972,231.8181818181818
1.7261209964412811,0.6341994504848216,232.63203463203462
1.706049822064057,0.6435602413126219,232.86580086580088
1.6859786476868326,0.646058102971971,232.93939393939394
1.6659074733096084,0.6476894287114522,233.13852813852813
1.6659074733096084,0.6474436266580395,233.2077922077922
1.5856227758007118,0.6605113443506079,233.42857142857144
1.5454804270462632,0.6562899631201303,233.86580086580088
1.5254092526690393,0.6765276328851123,234.06493506493507
1.5254092526690393,0.6764407649290209,234.37229437229436
1.5053380782918149,0.6784516456743673,234.24242424242425
1.4852669039145907,0.6770201159891942,234.63203463203465
1.404982206405694,0.6715062097248033,235.5800865800866
1.3849110320284699,0.668845074586038,236.27272727272728
1.3849110320284699,0.6739551209993337,236.45021645021646
1.3648398576512455,0.6725908539499897,236.43290043290042
1.3246975088967972,0.6759647717943276,236.54978354978357
1.2644839857651247,0.6767854695025934,236.9264069264069
1.224341637010676,0.6799816517130007,238.60173160173161
1.204270462633452,0.6658035659762006,239.26839826839827
1.1841992882562276,0.6689849945326496,239.6277056277056
1.1841992882562276,0.6579150039599194,239.73593073593074
1.0637722419928826,0.6749201506885057,241.12554112554113
1.0637722419928826,0.666663411011171,242.6103896103896
1.0236298932384342,0.6575117678954997,243.75757575757575
1.0236298932384342,0.6504326350949845,244.7012987012987
1.0236298932384342,0.6518866858327738,245.08225108225108
1.0236298932384342,0.6567013734436337,245.2380952380952
0.9834875444839857,0.6523192361788214,245.44588744588745
0.8831316725978648,0.64336995474137,247.16017316017317
0.8831316725978648,0.6338757207098974,249.3852813852814
0.8630604982206406,0.6256541450872398,250.19047619047618
0.8630604982206406,0.6313779061696181,250.77489177489178
0.8630604982206406,0.6239726780830392,250.92207792207793
0.7827758007117437,0.6238389199021669,250.87878787878788
0.7827758007117437,0.6199989575193103,252.00865800865802
0.7827758007117437,0.6146447930252993,252.0
0.7827758007117437,0.5999395356289364,252.16883116883116
0.7827758007117437,0.5798937337075031,251.53246753246754
0.7827758007117437,0.5723664110471378,251.95670995670997
0.7827758007117437,0.5634851467309785,251.74025974025975
0.7827758007117437,0.5494607404149618,251.80519480519482
0.7827758007117437,0.509339410476414,251.55411255411255
0.7827758007117437,0.4586744730954959,251.84415584415586
0.7827758007117437,0.4043523763318975,252.3896103896104
0.7627046263345196,0.29918315706663157,252.0952380952381
0.7627046263345196,0.28422599836763207,251.46753246753246
0.7426334519572954,0.27480826405087805,249.95238095238093
0.7225622775800711,0.27086134691790703,248.98701298701297
0.702491103202847,0.2613323690026504,246.64935064935065
0.6623487544483986,0.23999843399010518,246.16017316017314
0.6422775800711744,0.20919071924340737,245.2900432900433
0.6222064056939501,0.17212495966757205,242.56709956709958
0.602135231316726,0.1330869079019489,237.07792207792207
0.5820640569395018,0.12037207658607008,236.2121212121212
0.5619928825622776,0.10910498877720994,233.8095238095238
