4.885748502994012,0.08443113772455217,0.009999999999999787
5.955209580838323,0.08251485896481651,0.6633333333333331
5.9664670658682635,0.08504078200637966,1.2366666666666664
5.955209580838323,0.08948504950882515,1.6533333333333333
5.955209580838323,0.0941696217759382,1.5999999999999996
5.955209580838323,0.1108627176639454,1.9933333333333332
5.955209580838323,0.22324718196300342,2.3166666666666664
5.943952095808383,0.22369784241041726,2.3133333333333335
5.831377245508982,0.22443392395644898,2.5266666666666664
5.831377245508982,0.22182149215083324,2.76
5.831377245508982,0.22085282955216318,3.126666666666667
5.786347305389222,0.27299195016560285,3.2300000000000004
5.786347305389222,0.27282624751412843,3.74
5.718802395209581,0.20870691170613098,4.566666666666666
5.7075449101796405,0.2159041117542632,5.633333333333333
5.6962874251497,0.21039435414884552,6.710000000000001
5.6737724550898205,0.18700342454028465,8.31
5.6737724550898205,0.1748679311610685,9.72
5.6737724550898205,0.176688137804883,10.793333333333333
5.6737724550898205,0.2003657239021552,11.873333333333335
5.6737724550898205,0.22634597021137862,13.123333333333335
5.6737724550898205,0.2367774559138419,13.573333333333334
5.6737724550898205,0.24924645130495576,14.116666666666667
5.561197604790419,0.2579916530575208,15.083333333333332
5.561197604790419,0.2892531229648609,17.973333333333333
5.561197604790419,0.2964050241762464,18.466666666666665
5.549940119760479,0.30540664000510137,19.10333333333333
5.527425149700599,0.3102959537803836,19.24
5.527425149700599,0.3258309210931722,20.19
5.448622754491018,0.30408418837148143,21.253333333333334
5.437365269461078,0.3240697576276023,22.61
5.437365269461078,0.32223365665185344,24.68
5.426107784431138,0.33730564038151645,25.97
5.426107784431138,0.3441632077757806,26.633333333333333
5.426107784431138,0.3674747326156936,27.166666666666664
5.3022754491017965,0.3669828858314932,27.403333333333336
5.3022754491017965,0.38018453194602914,29.28333333333333
5.3022754491017965,0.3660280592277257,30.136666666666663
5.3022754491017965,0.36685703863041097,30.85333333333333
5.3022754491017965,0.37930222917313866,30.89
5.3022754491017965,0.38746481679381345,32.38333333333333
5.178443113772455,0.385608498402072,32.72
5.178443113772455,0.37720525720154197,35.13333333333333
5.155928143712575,0.36522408657361394,37.04666666666667
5.155928143712575,0.3621871479793207,38.656666666666666
5.155928143712575,0.351562437969006,39.82333333333333
5.155928143712575,0.351071963541618,40.74333333333333
5.155928143712575,0.3598289388439778,40.93666666666667
5.144670658682634,0.3883650048835387,41.79666666666667
5.144670658682634,0.394365579979402,41.836666666666666
5.0771257485029935,0.3896495919195764,42.46
5.0771257485029935,0.39436579457150567,43.75333333333333
5.0771257485029935,0.3932880325929435,43.92333333333333
5.020838323353293,0.37969824803466296,44.82
5.020838323353293,0.38617666795921773,45.513333333333335
5.009580838323353,0.3957487351207469,45.71333333333333
5.009580838323353,0.41736774176402197,45.88333333333333
4.998323353293413,0.42752759347734076,46.61
4.9307784431137724,0.42053574179218517,47.166666666666664
4.9307784431137724,0.41078306274651116,47.54666666666667
4.9307784431137724,0.4127476080765248,47.77333333333333
4.863233532934132,0.41549369416628307,49.263333333333335
4.77317365269461,0.41546264583677756,50.05
4.77317365269461,0.3982620821280114,52.64666666666667
4.761916167664671,0.40154298515214326,54.82666666666667
4.761916167664671,0.40287300787832486,56.303333333333335
4.750658682634731,0.40096445880130716,57.57666666666667
4.750658682634731,0.37809848400930296,59.44
4.750658682634731,0.38516506035835874,60.00666666666666
4.750658682634731,0.37416753551353027,60.63333333333334
4.750658682634731,0.37910785483450526,60.38666666666667
4.750658682634731,0.39706904347696736,60.09
4.728143712574851,0.4091962030888961,59.43000000000001
4.69437125748503,0.42266627884159724,58.87
4.69437125748503,0.4278743751578699,58.21333333333333
4.615568862275449,0.41893653227791583,59.19666666666667
4.593053892215569,0.42767776151759573,59.376666666666665
4.581796407185629,0.43198662490969025,60.06666666666666
4.581796407185629,0.435191799935154,60.099999999999994
4.480479041916168,0.4355104362501082,61.25
4.480479041916168,0.4262099392434095,63.21666666666667
4.480479041916168,0.4149826172539756,64.25333333333333
4.480479041916168,0.4223262149227733,64.89
4.435449101796407,0.42146885274612383,66.40666666666667
4.435449101796407,0.41731553013376255,66.76666666666667
4.435449101796407,0.40401220318461334,67.91
4.435449101796407,0.40748717852453636,68.10666666666667
4.390419161676647,0.40524320231390354,68.89666666666666
4.390419161676647,0.4036679438899136,68.84
4.390419161676647,0.3968616005522968,69.30666666666667
4.390419161676647,0.38760305080542923,69.08333333333333
4.390419161676647,0.39168649743486195,68.55666666666667
4.277844311377246,0.3993332054521159,69.17333333333333
4.277844311377246,0.40564698023308216,70.46333333333334
4.277844311377246,0.40843801935647367,70.61333333333333
4.255329341317365,0.40627981067502017,71.07666666666667
4.255329341317365,0.41166162550079616,70.50333333333333
4.199041916167665,0.42381100412914174,71.11
4.187784431137724,0.42427671287408264,71.36
4.131497005988024,0.39990194773540017,71.42666666666666
4.131497005988024,0.39828725454238106,72.05666666666667
4.1202395209580835,0.40527875877765973,72.85666666666667
4.1202395209580835,0.41086017463530966,73.24666666666667
4.1202395209580835,0.4095749894619942,73.01666666666667
4.030179640718563,0.40404122955701405,73.19
4.030179640718563,0.4073489024027204,73.79666666666667
4.030179640718563,0.39791752973030536,75.23
4.0076646706586825,0.40108776132805807,75.53
4.0076646706586825,0.40214175587960127,75.63666666666667
4.0076646706586825,0.395239569188478,75.22
3.940119760479042,0.3955200852539636,75.81333333333333
3.9288622754491014,0.3998731257057539,75.89
3.9288622754491014,0.39782769692645287,76.19
3.8500598802395207,0.39164128279729166,75.95333333333333
3.8500598802395207,0.38212910389975946,77.51666666666667
3.8500598802395207,0.3878235160184244,77.78333333333333
3.8050299401197605,0.38725128098443434,77.94333333333333
3.8050299401197605,0.39244763145933803,78.68
3.7937724550898206,0.3832898180185066,79.17333333333333
3.7937724550898206,0.3817745366285403,78.72333333333333
3.7937724550898206,0.3817211666344059,78.77333333333333
3.7937724550898206,0.38440317875578894,78.17333333333333
3.6924550898203594,0.38503151509636513,77.80333333333333
3.6811976047904196,0.37969484687638755,78.87333333333333
3.6811976047904196,0.3746729177219119,79.46666666666667
3.6811976047904196,0.3846092800347429,78.68
3.602395209580838,0.3912309647945487,79.70333333333333
3.602395209580838,0.3787551843949395,82.75333333333333
3.602395209580838,0.3744634688192074,83.74333333333334
3.591137724550898,0.36608133900802375,83.36666666666666
3.591137724550898,0.36110059663529054,83.13
3.591137724550898,0.3579645282554377,82.38666666666667
3.5798802395209584,0.35883135760875856,80.56666666666666
3.467305389221557,0.3613136405396857,82.49
3.467305389221557,0.3653450321029333,83.61
3.467305389221557,0.3624233051547595,83.47666666666667
3.467305389221557,0.3609610104052515,83.72666666666667
3.4447904191616763,0.361250240063235,83.16333333333333
3.4447904191616763,0.36345320379336055,83.14333333333333
3.4222754491017966,0.3572348173455784,82.36666666666666
3.4110179640718563,0.3362818805230879,81.86
3.4110179640718563,0.335295071401412,80.28
3.309700598802395,0.33333512001992155,83.2
3.309700598802395,0.33907787275031515,84.13
3.287185628742515,0.3403003070663523,84.69333333333333
3.287185628742515,0.3409443462111665,84.64666666666666
3.287185628742515,0.34578929691750926,83.92
3.264670658682635,0.3458893115489608,82.35666666666667
3.2421556886227543,0.34434499852230305,80.72
3.2196407185628746,0.33829578128630283,79.51666666666667
3.197125748502994,0.3346636612378462,79.7
3.1408383233532935,0.33183749805751167,80.55333333333333
3.129580838323353,0.33023262868661096,81.98333333333333
3.107065868263473,0.32685488011825353,83.05
3.084550898203593,0.32487917169936786,83.98666666666666
3.062035928143713,0.32372023670200567,84.48666666666666
3.062035928143713,0.3213840125012808,85.21333333333334
3.0395209580838323,0.30893922366117443,84.4
3.0395209580838323,0.3018332433632528,83.97
2.9719760479041915,0.30837475609641657,83.17
2.9494610778443113,0.31548788752453366,84.48333333333333
2.9494610778443113,0.314927026220538,85.84333333333333
2.9494610778443113,0.31347789136521864,86.11333333333333
2.926946107784431,0.3125341492480977,85.29333333333334
2.904431137724551,0.3185274663756385,84.89
2.904431137724551,0.31858967772643243,83.98
2.8368862275449103,0.3106032310263377,84.80666666666667
2.8368862275449103,0.3060957809012911,85.60333333333334
2.8256287425149704,0.3050153903456747,84.92666666666666
2.7693413173652695,0.30437182253501144,86.19666666666667
2.7693413173652695,0.30054200106306966,87.17666666666666
2.7468263473053893,0.2935715719991601,88.91666666666667
2.7468263473053893,0.2854963144840215,90.88
2.7468263473053893,0.28061566273813415,91.06333333333333
2.7468263473053893,0.2786563249302819,91.26666666666667
2.724311377245509,0.28520366027093874,89.73333333333333
2.724311377245509,0.2900329164351506,88.22
2.6567664670658684,0.28912632222168166,86.30666666666667
2.6567664670658684,0.28256341913067473,87.25666666666666
2.5892215568862276,0.2782928944110504,90.13
2.5892215568862276,0.2740088595638563,92.78333333333333
2.5892215568862276,0.27480775357019704,93.49666666666667
2.5779640718562873,0.27564321961210553,94.00666666666666
2.5667065868263474,0.27199396350275,94.3
2.5667065868263474,0.27097015249937634,94.24666666666667
2.5667065868263474,0.26949842760428044,91.63333333333334
2.5667065868263474,0.2742931527476484,86.99
2.454131736526946,0.27280110705313176,86.4
2.442874251497006,0.267469934200179,89.68666666666667
2.442874251497006,0.26821566135815966,91.70666666666666
2.442874251497006,0.2702910897068093,92.82333333333334
2.431616766467066,0.26228134240512485,92.52
2.431616766467066,0.259468993592192,90.52
2.3753293413173653,0.25744778095971144,91.49
2.3753293413173653,0.2573982068790063,91.93666666666667
2.3640718562874254,0.26102922121734207,91.21333333333334
2.3190419161676648,0.26827212417351026,91.74
2.3190419161676648,0.2586326000937714,91.21333333333334
2.274011976047904,0.24788264426531142,92.35333333333334
2.2064670658682637,0.249291175755878,94.03333333333333
2.2064670658682637,0.2398960830538793,96.57
2.2064670658682637,0.2426904358264012,96.89666666666666
2.1952095808383234,0.24099170975104114,95.83
2.183952095808383,0.23889886190910609,94.53
2.138922155688623,0.24454346187064077,94.59666666666666
2.1164071856287423,0.2463822428865906,93.30666666666667
2.082634730538922,0.2458416747508868,92.57
2.0150898203592815,0.22663008603348841,100.15333333333334
2.0150898203592815,0.22456469516164418,101.18666666666667
2.0150898203592815,0.22834310081666678,100.19333333333333
1.9588023952095808,0.2184057789278182,102.21333333333334
1.9588023952095808,0.21951506488397377,100.18666666666667
1.9137724550898203,0.22628899574523031,96.98
1.8687425149700598,0.2220319033955271,100.97666666666667
1.8687425149700598,0.21743511834308119,100.75
1.8237125748502996,0.21544656444323415,98.58333333333333
1.8124550898203593,0.21027963276571135,99.59666666666666
1.778682634730539,0.20240717514508727,101.4
1.7561676646706585,0.202174856317594,101.46
1.7561676646706585,0.20188509104962388,99.05666666666667
1.7336526946107784,0.20222906199041857,96.80666666666667
1.6661077844311378,0.20388058339981227,94.42666666666666
1.6661077844311378,0.20186633932774764,96.42
1.6548502994011975,0.20335826818978164,92.92333333333333
1.6098203592814373,0.20074997545416134,92.3
1.598562874251497,0.18901219224071816,96.86666666666666
1.5760479041916169,0.17904966781990425,99.59666666666666
1.5535329341317365,0.17436793935135345,102.66333333333333
1.5310179640718564,0.1754034467221784,102.64333333333333
1.5310179640718564,0.17249663600771845,100.34666666666666
1.4859880239520957,0.1756039822807373,97.74
1.4747305389221557,0.17265157142711324,99.27333333333333
1.4634730538922156,0.17802165341682966,95.29333333333334
1.4071856287425148,0.18101063231427872,92.67666666666666
1.395928143712575,0.17469056613419737,96.23666666666666
1.3846706586826347,0.17468832656547775,94.98
1.3396407185628743,0.16113903926588122,100.94666666666667
1.3283832335329342,0.1564010064731292,104.67666666666666
1.3171257485029941,0.15997155999186402,102.24333333333334
1.2833532934131737,0.15837724668548586,96.12666666666667
1.2608383233532934,0.1579894679833786,97.52
1.2383233532934133,0.16568830598646514,93.71333333333334
1.227065868263473,0.16264007760592059,92.33333333333333
1.1820359281437127,0.14682342591666814,97.75666666666666
1.1707784431137724,0.15548839614657797,96.62666666666667
1.1707784431137724,0.16232513023225112,88.91333333333333
1.114491017964072,0.15516256075694204,93.51666666666667
1.0919760479041916,0.15670305091994702,95.46
1.0694610778443114,0.1484350229994521,92.67
1.035688622754491,0.14149571353254062,99.01333333333334
1.024431137724551,0.13722212099049808,100.09
1.0131736526946107,0.142493589186562,96.74333333333334
0.9794011976047904,0.15910547570623632,88.65333333333334
0.9456287425149702,0.15857249008144417,93.30666666666667
0.9343712574850299,0.15097827094455138,93.32333333333334
0.9005988023952095,0.16037835898817687,90.05666666666667
0.8780838323353293,0.1765610485350936,88.36333333333333
0.844311377245509,0.181194153423501,85.90333333333334
0.8217964071856287,0.17224607170458034,91.37666666666667
0.8105389221556886,0.17337232027102079,93.34333333333333
0.7880239520958084,0.17877820295292648,93.28333333333333
0.7655089820359282,0.17974527250555544,93.51333333333334
0.7542514970059879,0.20113910208084598,92.1
0.7317365269461078,0.20718471714366332,91.63666666666667
0.7092215568862276,0.20951242889918176,91.12
0.6641916167664671,0.20757262109806052,97.21666666666667
0.6529341317365269,0.21027044534737654,98.61
0.6529341317365269,0.21486736962165012,95.67333333333333
0.6416766467065869,0.22083048377288517,92.16
0.5853892215568862,0.2262591679225488,91.52
0.5741317365269462,0.2346083765393163,92.87333333333333
0.562874251497006,0.24608264417155837,93.78
0.5291017964071856,0.2527814613022566,95.41333333333333
0.5178443113772455,0.2526701551658018,95.14333333333333
0.4953293413173653,0.26086909481336124,92.25
0.4728143712574851,0.2568033726361355,91.91
0.45029940119760475,0.23431946981332288,90.94333333333333
0.4277844311377246,0.2029852703057221,89.79
0.4052694610778443,0.1760458398176929,90.28
0.3940119760479042,0.15227827552475323,88.9
0.3602395209580838,0.13352838926208094,85.17333333333333
0.32646706586826346,0.10478212479747424,85.53666666666666
0.31520958083832334,0.08729354703177415,87.97666666666667
0.3039520958083832,0.07434473239836917,85.53666666666666
0.2926946107784431,0.0667136573534035,79.43
0.5741317365269462,0.11250784145993724,4.98
0.5741317365269462,0.11305621666047867,5.08
0.5741317365269462,0.11484098600227902,5.076666666666666
0.6529341317365269,0.11497372650103851,5.199999999999999
0.6529341317365269,0.11447241332482665,5.293333333333333
0.6529341317365269,0.11487231777803272,5.376666666666667
0.6529341317365269,0.11537692079290018,5.390000000000001
0.5741317365269462,0.11711490328869063,5.443333333333333
0.5741317365269462,0.11666600832405503,5.586666666666666
0.5741317365269462,0.11726927602575404,5.5600000000000005
0.5741317365269462,0.1167000068827862,5.529999999999999
0.5741317365269462,0.11648886939602913,5.51
0.5741317365269462,0.11839132014811272,5.573333333333334
0.6529341317365269,0.11657558839422456,5.693333333333333
0.6529341317365269,0.117612532103272,5.786666666666667
0.6529341317365269,0.11722425870468174,5.866666666666667
0.6529341317365269,0.11630439831015374,5.893333333333333
0.6529341317365269,0.11674220447992903,5.98
0.6529341317365269,0.11784588513623341,5.926666666666666
