7.249415292353822,0.12842966503761163,8.970099667774086
7.181769115442278,0.08893926789414244,9.338870431893689
7.2381409295352315,0.12805807171441136,9.800664451827238
7.181769115442278,0.08970438770001639,9.225913621262457
7.136671664167916,0.17642107760740292,9.624584717607974
7.136671664167916,0.12815624834090864,9.355481727574755
7.1479460269865065,0.08732079414838104,9.282392026578073
7.136671664167916,0.07980028838683619,9.17275747508306
7.2381409295352315,0.06691337694301414,10.392026578073086
7.1930434782608685,0.12675376662207752,9.687707641196013
7.181769115442278,0.07185340900293595,9.727574750830563
7.181769115442278,0.0874624441718332,9.57142857142857
7.181769115442278,0.09220705615078231,9.601328903654483
7.181769115442278,0.06914142928535665,9.066445182724252
7.1479460269865065,0.08844247965875832,9.242524916943523
7.1479460269865065,0.07916863898577964,9.448504983388702
7.1479460269865065,0.07136691513398194,9.441860465116278
6.956281859070464,0.18010777815380608,10.501661129568113
6.945007496251873,0.22007556221889032,10.438538205980066
6.877361319340329,0.23070516689707135,10.544850498338874
6.877361319340329,0.2310512557043116,10.764119601328908
6.832263868065967,0.2723536461500075,11.0
6.832263868065967,0.2836649953674846,11.179401993355484
6.820989505247376,0.2923833587021213,11.45182724252492
6.820989505247376,0.3074836162257729,11.312292358803987
6.820989505247376,0.3109327627013738,11.946843853820603
6.719520239880059,0.39286410931904914,12.295681063122927
6.708245877061469,0.37837808368542963,12.641196013289033
6.708245877061469,0.4204451112227608,13.312292358803987
6.708245877061469,0.42044323657569305,13.558139534883722
6.674422788605697,0.3943681392574511,13.774086378737543
6.674422788605697,0.38496335074221055,13.578073089701
6.6631484257871065,0.44232889045342244,14.039867109634557
6.516581709145427,0.45266672479895204,13.780730897009967
6.516581709145427,0.41078119154465076,14.903654485049834
6.516581709145427,0.3817225551770696,16.521594684385384
6.516581709145427,0.37461796968267963,16.478405315614616
6.482758620689655,0.38160043666560967,16.36212624584718
6.482758620689655,0.39073977060747295,17.18936877076412
6.482758620689655,0.33876534054953905,16.910299003322258
6.482758620689655,0.39021008976031546,17.42524916943522
6.41511244377811,0.4056562373126179,17.049833887043192
6.41511244377811,0.4108163061326478,17.455149501661133
6.41511244377811,0.41932660270977223,17.083056478405318
6.41511244377811,0.42333523305152815,17.10631229235881
6.313643178410794,0.42758503016718463,17.504983388704318
6.200899550224888,0.4454441978563747,18.345514950166113
6.200899550224888,0.43960132031495697,19.358803986710967
6.178350824587706,0.4100766959177751,20.112956810631225
6.167076461769115,0.45702428504560044,21.205980066445186
6.155802098950524,0.4424027737859104,21.744186046511622
6.155802098950524,0.43278302526156226,22.946843853820596
6.144527736131933,0.41000725969511764,23.245847176079735
6.08815592203898,0.4132371154576162,23.87375415282392
6.08815592203898,0.38575354225787073,24.863787375415285
5.986686656671663,0.39606704353551697,26.61461794019933
5.975412293853073,0.3872780307138356,28.099667774086377
5.975412293853073,0.39000523325560815,29.225913621262457
5.975412293853073,0.413003425495368,29.50830564784053
5.975412293853073,0.4742504537205085,30.25581395348837
5.9641379310344815,0.49835193208752365,29.990033222591357
5.9641379310344815,0.5020063875595279,29.39867109634551
5.8513943028485755,0.49158557926786434,29.903654485049834
5.8513943028485755,0.4795484872636242,30.840531561461795
5.716101949025487,0.48190049511464633,30.707641196013288
5.704827586206896,0.4873628591899267,32.770764119601324
5.693553223388306,0.47189234331352775,34.12292358803987
5.693553223388306,0.469133756855435,36.0531561461794
5.693553223388306,0.46331736554446296,36.395348837209305
5.693553223388306,0.44875665102264406,37.421926910299
5.693553223388306,0.4531773563297991,37.43853820598007
5.580809595202399,0.4448579066852007,38.40531561461794
5.580809595202399,0.44182712750173203,39.12624584717607
5.546986506746626,0.4609515160709194,40.08637873754152
5.546986506746626,0.46622097239668414,40.79734219269103
5.4567916041979005,0.46064967928321954,42.60132890365449
5.4567916041979005,0.47152830610724344,43.245847176079735
5.4567916041979005,0.47233274449287094,44.55813953488372
5.321499250374812,0.4809786173548464,44.98006644518273
5.321499250374812,0.4816183701290605,45.93023255813954
5.321499250374812,0.485988972832599,47.49169435215947
5.321499250374812,0.48458330040683617,49.10963455149502
5.310224887556221,0.488742408694188,49.833887043189364
5.197481259370314,0.4744073910544419,50.74418604651163
5.186206896551723,0.4710104518869488,52.415282392026576
5.186206896551723,0.47507617833494864,54.906976744186046
5.1749325337331324,0.46685560801513515,56.009966777408636
5.1749325337331324,0.45824884114234243,56.990033222591364
5.096011994002998,0.46743453370659765,57.90365448504983
5.096011994002998,0.4711508800929157,59.345514950166105
5.096011994002998,0.4761838730689229,60.152823920265774
5.0396401799100445,0.4669902369296811,61.58139534883721
5.028365817091453,0.46534585270158463,62.25249169435215
5.017091454272863,0.4775391659105715,63.5548172757475
5.017091454272863,0.48031311454077336,63.46843853820598
4.949445277361319,0.4877919241061234,64.70431893687707
4.949445277361319,0.48624722817636784,65.01328903654485
4.881799100449775,0.47156856971503963,66.5514950166113
4.791604197901049,0.47679936014630736,68.78073089700997
4.780329835082458,0.460562038661453,72.71428571428571
4.769055472263868,0.4669512773480877,74.74750830564784
4.769055472263868,0.46624534839862253,77.56478405315616
4.769055472263868,0.45908353596966395,78.58471760797343
4.769055472263868,0.4689129404654456,78.48837209302326
4.746506746626687,0.4606886726518483,78.07308970099668
4.746506746626687,0.47547799993641066,76.83388704318936
4.633763118440779,0.4820886972636496,77.49501661129568
4.633763118440779,0.47594488497036797,78.56810631229236
4.633763118440779,0.4728982850663895,78.56146179401993
4.49847076461769,0.4776379223173249,79.0
4.49847076461769,0.47510178354167226,81.39202657807309
4.49847076461769,0.4816729256958164,83.33887043189368
4.464647676161919,0.4745825744845699,84.15282392026579
4.453373313343328,0.4662466619892958,85.57142857142857
4.453373313343328,0.4638339989263789,86.94019933554817
4.408275862068965,0.4582869446239434,87.72093023255813
4.408275862068965,0.45618342772076825,88.3455149501661
4.408275862068965,0.4508084317714484,88.71760797342192
4.408275862068965,0.4533928915381176,88.50830564784053
4.408275862068965,0.45499039032944205,87.54152823920265
4.295532233883058,0.44639203346084366,88.78073089700996
4.284257871064468,0.4556092473453471,89.7375415282392
4.272983508245877,0.46763897361194484,90.09634551495017
4.272983508245877,0.47268638004388686,89.5016611295681
4.2053373313343325,0.4758569847529994,90.05980066445181
4.148965517241379,0.4680723676276964,90.88372093023256
4.148965517241379,0.4602273824919602,92.0265780730897
4.148965517241379,0.4591075090693836,91.88372093023256
4.137691154422789,0.46113226242005995,91.57807308970101
4.047496251874063,0.4636944420450641,92.75747508305648
4.047496251874063,0.45684242983774453,93.05647840531562
4.024947526236881,0.45037400571992464,93.65448504983388
4.024947526236881,0.4516602859284646,94.3687707641196
4.024947526236881,0.4486063351940194,93.87043189368771
3.946026986506746,0.4412687936205554,94.15282392026577
3.9347526236881554,0.43662892254825164,94.36212624584718
3.867106446776611,0.4310461018896707,94.3953488372093
3.867106446776611,0.43109464957701665,95.10631229235881
3.867106446776611,0.42205182541411873,96.30564784053156
3.867106446776611,0.42090461280211333,96.25913621262458
3.867106446776611,0.4320002096596177,95.96345514950166
3.822008995502249,0.4310490015373994,95.8405315614618
3.822008995502249,0.42669151234293684,96.11960132890366
3.822008995502249,0.4252321699149052,95.66112956810632
3.8107346326836584,0.4222061614015643,95.71428571428572
3.799460269865067,0.4103060566003658,94.74086378737542
3.799460269865067,0.4112130313807265,93.80730897009967
3.709265367316341,0.4145297522054801,92.77408637873754
3.6979910044977506,0.41443919627609965,93.22259136212624
3.6979910044977506,0.4212417739152426,93.21594684385381
3.6190704647676157,0.4304223565001747,92.78073089700996
3.6190704647676157,0.4246268387350453,93.52159468438538
3.6190704647676157,0.4146791093688822,95.53488372093024
3.6190704647676157,0.4070593685233141,96.96345514950166
3.6190704647676157,0.40712138155425004,96.03654485049834
3.6077961019490252,0.40228271299750984,94.4717607973422
3.6077961019490252,0.3940616961788819,92.421926910299
3.483778110944528,0.40012689882650326,92.33554817275747
3.483778110944528,0.3957875547288355,93.16611295681064
3.483778110944528,0.39680444990817915,93.0
3.461229385307346,0.3912834504650668,92.36212624584718
3.4386806596701645,0.3879129671912805,91.69435215946844
3.4386806596701645,0.3874615850856853,91.45847176079734
3.427406296851574,0.37189263344078116,89.47840531561462
3.3259370314842576,0.3714189930749647,89.75083056478405
3.3259370314842576,0.3657311928875421,91.12624584717608
3.303388305847076,0.3572973652384522,92.64784053156146
3.303388305847076,0.3590448553036103,92.63455149501661
3.303388305847076,0.3647673639876006,91.6046511627907
3.269565217391304,0.3570860990425176,89.52159468438538
3.2582908545727136,0.35560739817423254,86.77076411960132
3.2131934032983502,0.3562625337469113,86.14950166112956
3.1455472263868063,0.3501521685202485,87.23920265780731
3.1455472263868063,0.3495950890994691,87.87375415282392
3.122998500749625,0.3478246795034651,88.82724252491694
3.122998500749625,0.34148833144474927,89.28239202657808
3.100449775112444,0.3395465532073192,89.39867109634551
3.077901049475262,0.33964772746789246,89.52159468438538
3.0666266866566714,0.33643572243940206,89.99003322259136
3.0553523238380804,0.32613536922447506,89.29568106312293
3.0328035982008994,0.3241704067123254,88.43521594684385
3.010254872563718,0.32788620265955215,87.67774086378738
2.965157421289355,0.32982253807100925,89.45182724252491
2.965157421289355,0.326235018887149,88.64119601328903
2.931334332833583,0.3357213014909993,87.09966777408638
2.9200599700149925,0.33606854324895025,86.19933554817275
2.852413793103448,0.32969757817282147,85.21594684385381
2.852413793103448,0.31910755480177744,86.38538205980066
2.8298650674662666,0.3165689919928963,86.22591362126246
2.7622188905547227,0.3073145050953364,88.46511627906976
2.7622188905547227,0.29770407109341734,90.70431893687707
2.7622188905547227,0.28816345026774737,91.04651162790698
2.739670164917541,0.2906788171223746,90.96013289036544
2.739670164917541,0.2980507474400939,89.32558139534883
2.683298350824588,0.2992368011565351,88.07308970099668
2.6720239880059964,0.29230636794703413,88.48504983388705
2.604377811094453,0.28470891206848586,92.2126245847176
2.604377811094453,0.283352337582518,94.22259136212625
2.604377811094453,0.28235681837932886,93.55813953488372
2.581829085457271,0.27820285152535545,93.46511627906976
2.581829085457271,0.2762404760431416,92.50498338870432
2.581829085457271,0.27797130940137915,89.62126245847176
2.469085457271364,0.28314751027297325,85.78405315614619
2.4578110944527736,0.2714419472429128,90.32225913621262
2.4578110944527736,0.2705819221920053,92.41196013289037
2.4578110944527736,0.2674323453139717,92.12292358803987
2.446536731634183,0.2671164429800749,90.77076411960132
2.390164917541229,0.25931586740972096,91.46511627906976
2.390164917541229,0.25798856080777205,91.90697674418605
2.3788905547226387,0.26157991233547767,90.45182724252491
2.3337931034482757,0.26837419857975425,89.20598006644518
2.3112443778110943,0.26247582639473277,89.16279069767442
2.288695652173913,0.24991011591495593,90.75415282392026
2.24359820089955,0.24949486882270988,91.9734219269103
2.221049475262369,0.2493049127569752,93.36212624584718
2.221049475262369,0.2437803283445362,94.81395348837209
2.221049475262369,0.24409303026894058,94.53488372093024
2.209775112443778,0.24245521936369144,93.98671096345515
2.1534032983508244,0.2420848182044021,92.0
2.1534032983508244,0.2378712752384434,92.88704318936877
2.142128935532234,0.2432018240827478,91.26910299003322
2.142128935532234,0.2438455596063448,89.90697674418605
2.0406596701649176,0.23203894483585832,94.67441860465117
2.0406596701649176,0.22103633934582712,98.19269102990033
2.0406596701649176,0.21875927054093525,99.90697674418605
2.0293853073463266,0.22117923863453687,99.46511627906976
2.0181109445277357,0.2234687138317001,97.36544850498339
1.973013493253373,0.21257785044650576,99.70764119601328
1.973013493253373,0.21028674910454817,98.11295681063123
1.9053673163418292,0.2207183747698078,94.85382059800665
1.894092953523238,0.2140757379159741,98.265780730897
1.8828185907046475,0.2077377327831606,98.2358803986711
1.8377211394302848,0.20887300320487912,97.87375415282392
1.826446776611694,0.2032512351646332,98.57142857142857
1.7926236881559219,0.1982695447880001,99.8172757475083
1.7926236881559219,0.1975183163549391,101.9202657807309
1.7926236881559219,0.1952327108329036,101.3687707641196
1.7700749625187404,0.19361040214738504,99.64451827242524
1.7475262368815592,0.1974135798521527,96.53488372093024
1.7249775112443777,0.19822969592020542,92.76744186046511
1.6798800599700148,0.19459663682858397,96.44186046511628
1.6686056971514243,0.19658859467019726,95.68106312292359
1.6122338830584706,0.18907597481073105,97.03986710963456
1.6122338830584706,0.18303457861304756,100.88372093023256
1.5896851574212894,0.17625739826531414,104.70431893687707
1.5671364317841077,0.17199427799503428,105.4485049833887
1.5558620689655172,0.17379793170770882,105.2126245847176
1.5445877061469264,0.17221097260500717,102.99003322259136
1.4994902548725635,0.1733688745822691,101.46511627906976
1.4882158920539728,0.1706625642358601,103.96677740863787
1.4656671664167915,0.17851520664044276,96.41528239202658
1.4205697151424288,0.17316513765052974,100.48837209302326
1.4092953523238378,0.17110762535833748,104.00332225913621
1.3980209895052473,0.16755426238147247,104.7109634551495
1.3641979010494751,0.16486985978511062,104.11627906976744
1.341649175412294,0.15885630686632968,110.36212624584718
1.330374812593703,0.16213063416859003,108.07308970099668
1.3078260869565217,0.1563859638978061,104.81395348837209
1.2740029985007495,0.15847951506482366,106.08637873754152
1.251454272863568,0.168803388294938,103.29235880398672
1.2289055472263868,0.1619203387024602,101.4983388704319
1.1950824587706146,0.1508819016823048,106.5016611295681
1.1950824587706146,0.15230513322637626,108.5016611295681
1.1612593703148424,0.1653359481359529,98.87043189368771
1.1274362818590704,0.16037787023412117,101.34883720930233
1.104887556221889,0.16598789784941284,102.15946843853821
1.0823388305847075,0.15443713154901342,102.25249169435216
1.0485157421289353,0.14597137391684473,107.4983388704319
1.0372413793103448,0.14410528540881956,109.08305647840531
1.0372413793103448,0.14357706530719516,107.68770764119601
1.0034182908545726,0.16008756063128013,101.68770764119601
0.9808695652173912,0.16149350488977574,98.89036544850498
0.9695952023988005,0.16678923251476419,97.79069767441861
0.947046476761619,0.1639701725871138,100.9734219269103
0.9019490254872563,0.17819520019316915,94.15946843853821
0.8906746626686657,0.18465729042105347,91.77408637873754
0.8794002998500748,0.18635604931539437,89.8172757475083
0.8343028485757121,0.18272897940572702,93.29235880398672
0.8230284857571214,0.18140548718460434,94.4983388704319
0.8004797601199399,0.18796705494607321,95.3156146179402
0.7779310344827586,0.19563954761608834,93.00664451827242
0.7666566716641678,0.20557519600084348,95.07308970099668
0.7441079460269864,0.20752865347466073,94.48504983388705
0.7328335832083958,0.21219293355833654,91.07641196013289
0.6877361319340328,0.21608062844198817,93.6578073089701
0.6651874062968515,0.21685824387283112,96.6312292358804
0.6651874062968515,0.2234954765668233,94.88039867109634
0.6539130434782608,0.23131350487712718,90.2624584717608
0.6200899550224886,0.2352013218632209,88.3953488372093
0.5975412293853073,0.2466220801080435,88.79734219269103
0.5749925037481259,0.25128212976228903,89.04318936877077
0.5749925037481259,0.25171974196591035,89.5813953488372
0.5524437781109445,0.2511071087622366,89.40863787375416
0.5298950524737631,0.26437631663128636,86.32890365448505
0.5073463268365817,0.2735316041106144,85.0299003322259
0.4735232383808095,0.26127965799756453,84.68770764119601
0.46224887556221883,0.24651457351822997,86.04318936877077
0.45097451274362815,0.2262753039398144,85.79734219269103
0.4397001499250374,0.20407149881366377,80.53488372093022
0.40587706146926533,0.17054563596707886,79.19933554817277
0.3946026986506746,0.14946098700308794,77.38870431893687
0.3720539730134932,0.1360228936399867,75.4485049833887
0.3269565217391304,0.12116487477020124,75.47840531561462
0.3269565217391304,0.09976656248439898,75.56810631229236
0.30440779610194896,0.08278086964972402,64.77408637873755
