4.849450222882615,0.1736608789922314,0.5241379310344829
4.301931649331352,0.13790391282813305,0.5137931034482759
3.787934621099554,0.20031662839389447,0.5206896551724136
5.028231797919761,0.08252020094813518,0.5310344827586206
5.028231797919761,0.17002214127033263,0.44482758620689644
3.821456166419019,0.13330096275673317,0.41034482758620694
4.905319465081724,0.13482632935827524,0.4034482758620692
4.871797919762257,0.08616325098480346,0.3999999999999999
3.754413075780089,0.1361509904804418,0.386206896551724
3.810282317979197,0.13984207939631424,0.3999999999999999
4.301931649331352,0.17212630480653243,0.41034482758620694
4.402496285289747,0.07030976217734747,0.4275862068965517
4.849450222882615,0.17063508573315384,0.4137931034482758
2.804635958395245,0.0822814264487371,0.772413793103448
3.8773254086181272,0.22729960115742512,0.36551724137931063
5.028231797919761,0.07852407931848308,0.40689655172413763
5.028231797919761,0.12440823747746474,0.375862068965517
2.804635958395245,0.07854619850162195,0.6517241379310343
4.436017830609212,0.1877038658593998,0.5379310344827586
3.754413075780089,0.12919762258543832,0.4655172413793105
3.754413075780089,0.13900566175220136,0.37241379310344813
3.754413075780089,0.05700886355739866,0.6206896551724137
4.301931649331352,0.0722188559335661,0.510344827586207
3.5421099554234767,0.09293690550706689,0.6310344827586205
3.575631500742942,0.0772591806410528,0.48275862068965525
3.575631500742942,0.08596222677021147,0.9068965517241376
3.575631500742942,0.07496365427316923,0.8206896551724139
3.586805349182763,0.16786910316901713,0.8620689655172413
3.475066864784546,0.23088309706437496,1.1379310344827587
3.475066864784546,0.17541792083270688,1.1724137931034482
3.475066864784546,0.11915979263619096,1.3620689655172413
3.4303714710252597,0.1108601027007043,1.6551724137931032
3.4303714710252597,0.14817946282468455,1.979310344827586
3.3968499257057942,0.1166317554086381,2.3793103448275863
3.3968499257057942,0.13156588818995948,2.4310344827586206
3.3968499257057942,0.15559563676265406,2.231034482758621
3.363328380386329,0.15422545457543105,2.5620689655172413
3.3186329866270428,0.1405582024530398,2.751724137931035
3.307459138187221,0.13396888526004402,3.5137931034482763
3.2962852897473995,0.13334960136722712,3.4379310344827587
3.2962852897473995,0.11891274871798821,3.8275862068965516
3.2962852897473995,0.1302517036327802,3.8758620689655174
3.2515898959881127,0.1391611049496645,4.110344827586207
3.2515898959881127,0.13828387525014477,4.213793103448276
3.229242199108469,0.14967864660723146,4.582758620689655
3.2180683506686476,0.1511731632558819,4.575862068965518
3.1733729569093607,0.14173621492276736,5.089655172413793
3.1621991084695393,0.15214672326393547,5.458620689655173
3.151025260029717,0.1379807235944774,6.120689655172414
3.1398514115898957,0.14428740728263698,6.510344827586207
3.1398514115898957,0.1383944755505161,6.779310344827586
3.0839821693907874,0.13931248637420626,6.617241379310344
3.0839821693907874,0.13667670616090288,8.017241379310345
3.0728083209509656,0.14297247527559523,8.49655172413793
3.0728083209509656,0.15366686472888555,8.841379310344827
3.0392867756315005,0.13621484685971424,9.655172413793103
3.016939078751857,0.13091817113708723,11.906896551724138
3.016939078751857,0.12832802766546983,11.913793103448276
3.0057652303120355,0.1340534963877895,12.39310344827586
3.0057652303120355,0.13377009375656987,12.696551724137931
2.9722436849925704,0.13275538497718167,13.927586206896551
2.9722436849925704,0.133858222405817,14.206896551724137
2.9610698365527486,0.1379671056002462,14.962068965517242
2.949895988112927,0.136423943442857,14.179310344827586
2.9387221396731054,0.13667013022376598,13.955172413793104
2.8940267459138185,0.14860260303717757,14.051724137931036
2.8940267459138185,0.15550511169530504,14.351724137931035
2.8269836552748884,0.15204009584377362,14.520689655172415
2.8158098068350665,0.12129548010449182,18.71034482758621
2.8158098068350665,0.11769199206595989,20.644827586206898
2.804635958395245,0.09649934563927429,23.09655172413793
2.804635958395245,0.10925009159785389,24.47586206896552
2.804635958395245,0.11770044707319689,23.06896551724138
2.793462109955423,0.1281404348143345,21.16896551724138
2.7375928677563146,0.13202896337078643,21.948275862068964
2.7375928677563146,0.11985925197946151,23.875862068965517
2.7375928677563146,0.12230303759015607,24.137931034482758
2.726419019316493,0.11399666039207022,23.303448275862067
2.7040713224368496,0.12608442099704367,23.26551724137931
2.692897473997028,0.11682240608869829,23.582758620689656
2.6593759286775627,0.13020375271316548,23.517241379310345
2.6370282317979195,0.1278911232887807,24.04137931034483
2.6370282317979195,0.11739980727623309,24.248275862068965
2.6258543833580976,0.11287289733839657,25.00344827586207
2.6146805349182762,0.1288502183553073,25.19655172413793
2.5588112927191675,0.12360548272182949,29.47586206896552
2.5588112927191675,0.10682336195077577,34.13448275862069
2.5588112927191675,0.0916906614961633,36.57241379310345
2.5476374442793457,0.085660170752071,38.289655172413795
2.5476374442793457,0.08642735374576814,37.748275862068965
2.5364635958395243,0.08620085871793248,33.66206896551724
2.5252897473997025,0.09588676817475326,31.02758620689655
2.5141158989598806,0.1081049762994973,30.93103448275862
2.5029420505200592,0.11832987767639284,29.6
2.4582466567607724,0.12030367447941882,28.093103448275862
2.4247251114413073,0.10422151477721049,34.07931034482758
2.4247251114413073,0.08287885755942256,46.49310344827586
2.4023774145616636,0.08247920407383488,57.182758620689654
2.4023774145616636,0.08419488527136541,58.34827586206897
2.3912035661218423,0.08634575423579276,58.96551724137931
2.3800297176820204,0.08840876488177121,56.07241379310345
2.346508172362556,0.11454502664427357,46.765517241379314
2.3018127786032685,0.10139233205149405,56.41034482758621
2.3018127786032685,0.08762232703823383,66.57241379310345
2.2794650817236253,0.0791828563523579,71.67241379310344
2.2682912332838034,0.0830474469670151,76.69310344827586
2.2682912332838034,0.08852908473270285,77.27241379310345
2.2459435364041602,0.09179423998524205,73.07931034482759
2.234769687964339,0.0848318816549553,86.14827586206897
2.212421991084695,0.08451885311105886,85.57931034482759
2.2012481426448733,0.08508144487924488,87.35172413793103
2.17890044576523,0.0956238121148922,83.1896551724138
2.17890044576523,0.09404183266344585,81.72413793103448
2.145378900445765,0.09212358386936018,84.53793103448275
2.1342050520059432,0.06968196095741927,111.71034482758621
2.123031203566122,0.0726234056900842,118.88620689655173
2.100683506686478,0.07339621139243252,116.72413793103448
2.089509658246657,0.0756392738817097,114.32758620689656
2.0783358098068345,0.08062026106903358,110.47586206896551
2.04481426448737,0.08494618552901077,114.12758620689655
2.011292719167905,0.07837204599046954,133.0344827586207
2.000118870728083,0.06553339002978423,159.9551724137931
2.000118870728083,0.06767614568511404,158.20344827586206
1.9889450222882614,0.07961163374302963,151.44827586206895
1.9777711738484398,0.09136539825884035,139.17586206896553
1.9442496285289743,0.07974421862089032,150.79655172413794
1.9330757800891527,0.07087316438800598,160.43793103448274
1.921901931649331,0.07577430268522363,151.70689655172413
1.888380386329866,0.08803465154838958,139.62758620689655
1.888380386329866,0.08966354171677438,149.2655172413793
1.8660326894502226,0.08163586080726228,173.59655172413792
1.8660326894502226,0.07453055121306558,184.0241379310345
1.854858841010401,0.07514104013260156,197.76206896551724
1.854858841010401,0.07849737139780685,196.18275862068967
1.8325111441307576,0.08254220549671905,181.62413793103448
1.821337295690936,0.08253484898541863,186.0344827586207
1.810163447251114,0.08179955844454823,187.27241379310345
1.810163447251114,0.08380184630637882,185.1689655172414
1.787815750371471,0.08339468327260703,189.29310344827587
1.787815750371471,0.08205565973794748,193.0103448275862
1.787815750371471,0.08237231386407977,191.5344827586207
1.7766419019316493,0.08188665357471328,194.13103448275862
1.7654680534918274,0.08346364235266503,181.10689655172413
1.7319465081723624,0.08335631280199851,179.39655172413794
1.7207726597325408,0.07490975526794016,195.77586206896552
1.6984249628528971,0.08286952601667326,191.5241379310345
1.6649034175334323,0.0748312150630525,212.54827586206898
1.6649034175334323,0.06915401527335356,216.79310344827587
1.631381872213967,0.08772496280041092,170.9896551724138
1.5978603268945022,0.0821325265008131,187.6793103448276
1.5866864784546804,0.07976173590279655,219.04827586206898
1.5755126300148585,0.07872703384502934,226.4551724137931
1.5531649331352153,0.08317473498832917,230.65862068965518
1.5419910846953937,0.08359975053026203,227.13103448275862
1.5196433878157503,0.0805384600200875,223.75862068965517
1.5084695393759284,0.08030228819520223,221.1793103448276
1.4972956909361068,0.08736028087968895,208.04827586206898
1.4749479940564636,0.08506737164889008,212.59655172413792
1.4637741456166418,0.07824455923752507,222.6206896551724
1.45260029717682,0.0765253129434501,216.4
1.4302526002971767,0.08528734277885461,204.6103448275862
1.4079049034175333,0.08203981516390185,214.04827586206898
1.3967310549777114,0.0775655108150205,225.57241379310344
1.3855572065378898,0.07704853473503388,229.66551724137932
1.3855572065378898,0.08001971413729173,232.48620689655172
1.3743833580980682,0.08108317396535898,231.40344827586208
1.3632095096582466,0.08289959603691703,229.34827586206896
1.340861812778603,0.07797136734609471,227.75862068965517
1.3296879643387813,0.07493313471274268,221.80344827586208
1.3073402674591381,0.08314072772917613,233.3551724137931
1.2849925705794947,0.08555681489687628,232.3793103448276
1.2626448736998512,0.08032428691966212,234.25172413793103
1.2514710252600296,0.07220807835797662,231.46896551724137
1.2291233283803862,0.07927002310139841,229.11724137931034
1.2179494799405644,0.08051251157832755,230.19655172413792
1.1956017830609211,0.08306567714990114,225.14137931034483
1.1844279346210995,0.07535651981231446,226.36896551724138
1.173254086181278,0.07141950375084992,218.8206896551724
1.162080237741456,0.0800430036904241,208.17241379310346
1.128558692421991,0.07204439118145253,222.04137931034484
1.1173848439821694,0.07234005557481422,225.24137931034483
1.1062109955423476,0.07486061518010467,223.50344827586207
1.0838632986627041,0.0763825129074071,217.5758620689655
1.0726894502228825,0.07413105275852055,212.67241379310346
1.050341753343239,0.07434395193175618,219.8655172413793
1.0391679049034173,0.07169535061956205,227.30344827586208
1.0279940564635957,0.07468390923565521,223.3448275862069
1.0056463595839524,0.07536968458270249,210.38275862068966
0.9832986627043089,0.06495797904115383,213.81034482758622
0.9721248142644872,0.060692689564273934,216.06896551724137
0.9497771173848439,0.06748230326274574,195.66551724137932
0.9386032689450222,0.07047386784246401,188.1
0.9162555720653788,0.07240900006818808,190.80344827586208
0.905081723625557,0.06859714170952173,186.51724137931035
0.8827340267459137,0.06632277561965816,180.91724137931035
0.871560178306092,0.06665034073529622,174.95862068965516
0.8492124814264486,0.0779797748452077,164.9
0.8156909361069835,0.0701237022475128,171.2206896551724
0.8045170876671619,0.06888687935296359,171.91379310344828
0.7933432392273402,0.07231259154693581,169.82413793103447
0.7821693907875185,0.07317923720075813,170.47931034482758
0.7598216939078751,0.06612752490964424,170.50689655172414
0.7598216939078751,0.06925591762471074,156.1344827586207
0.72630014858841,0.08726978992244602,141.5448275862069
0.7151263001485884,0.09392509576974717,133.77241379310345
0.7151263001485884,0.1017632548789265,125.17241379310346
0.6927786032689449,0.09526321414005419,120.42413793103448
0.6704309063893015,0.08527651729442945,128.81379310344826
0.6592570579494799,0.07533903395065202,142.93793103448274
0.6480832095096583,0.0627677601877525,155.12413793103448
0.6369093610698364,0.06722126465163278,121.82413793103449
0.6033878157503714,0.07163217442135753,100.61724137931034
0.6033878157503714,0.0659999857810134,106.77931034482759
0.581040118870728,0.06362279747783564,109.88620689655173
0.5698662704309063,0.060000703876474853,113.66896551724138
0.5586924219910847,0.05639723380026714,117.40344827586208
0.5363447251114413,0.058204569281036615,102.68275862068965
0.5251708766716195,0.0707284462705842,87.89310344827587
0.5028231797919762,0.06741081197967413,93.21034482758621
0.49164933135215444,0.05882740945301125,123.85862068965517
0.4693016344725111,0.060435049280804065,126.49655172413793
0.4134323922734026,0.061247350544708125,90.49655172413793
0.39108469539375923,0.06252559561575494,86.19655172413793
0.37991084695393756,0.06707902578757309,77.1
4.301931649331352,0.2551042401697541,0.38620689655172424
4.301931649331352,0.2469841692392341,0.49310344827586206
5.028231797919761,0.1573627992108547,0.5413793103448272
4.301931649331352,0.2464325619365646,0.47931034482758617
4.916493313521545,0.3602296366337972,0.44482758620689644
4.301931649331352,0.24580958625847923,0.7000000000000002
4.35780089153046,0.17330892881264404,0.38275862068965516
4.301931649331352,0.21808408926388098,0.49310344827586206
4.301931649331352,0.11853043148908912,0.4413793103448276
4.391322436849925,0.43571806964274185,0.4517241379310344
