8.483777403035413,0.23469548238217738,4.053511705685619
8.483777403035413,0.23697680827616338,4.214046822742475
8.483777403035413,0.24149383978416877,4.030100334448161
8.483777403035413,0.23591743861027045,4.030100334448161
8.483777403035413,0.23712702618990275,4.153846153846154
8.42671163575042,0.22931823026856468,3.9732441471571907
8.483777403035413,0.24431217705179545,4.070234113712375
8.483777403035413,0.23817921229791297,4.240802675585284
8.42671163575042,0.24489897926524476,3.9464882943143813
8.42671163575042,0.24263794637066086,4.224080267558528
8.483777403035413,0.2390738416674395,4.160535117056856
8.42671163575042,0.24135097301429448,3.859531772575251
8.40768971332209,0.24637585556988367,4.073578595317726
8.40768971332209,0.22970286976857257,4.207357859531773
8.42671163575042,0.23480693561637903,4.033444816053512
8.40768971332209,0.23299615664487544,4.3076923076923075
8.40768971332209,0.2341073114050275,4.331103678929765
8.483777403035413,0.23492683077634238,4.150501672240803
8.42671163575042,0.24485807193858758,4.197324414715719
8.40768971332209,0.24619638757390386,4.367892976588629
8.40768971332209,0.22411415493684728,4.5719063545150505
8.42671163575042,0.2117538088088756,5.063545150501672
8.40768971332209,0.22150154636770214,5.290969899665551
8.40768971332209,0.2196238004314472,5.103678929765886
8.40768971332209,0.17001110193920219,5.622073578595318
8.40768971332209,0.16440532129293736,5.759197324414716
8.40768971332209,0.16285354898526527,5.983277591973244
8.40768971332209,0.1578293314034859,6.294314381270903
8.40768971332209,0.15852524298635579,6.672240802675585
8.40768971332209,0.17009394825823923,6.254180602006689
8.40768971332209,0.27583094869699754,6.073578595317726
8.255514333895444,0.2912840210125323,6.280936454849498
8.255514333895444,0.206398196348706,8.050167224080267
8.236492411467117,0.19862063702539304,8.040133779264215
8.236492411467117,0.24208020551924087,8.508361204013378
8.179426644182124,0.25841800612521304,8.842809364548495
8.179426644182124,0.2559859119651361,9.31438127090301
8.160404721753794,0.27267506274628445,9.505016722408026
8.160404721753794,0.2917838110781124,10.157190635451505
8.103338954468802,0.29720602534102614,10.418060200668897
8.08431703204047,0.3074036519446481,11.431438127090301
8.06529510961214,0.3139184799380307,11.749163879598662
8.046273187183811,0.3016192410237093,13.324414715719064
8.046273187183811,0.3124222530841622,13.933110367892976
7.970185497470488,0.3107538125117536,14.54180602006689
7.951163575042157,0.30806171231803603,14.96989966555184
7.951163575042157,0.3166058209429025,15.799331103678929
7.837032040472175,0.29619183156042334,17.60200668896321
7.837032040472175,0.33351546960749817,19.294314381270905
7.837032040472175,0.3566949576759452,19.94648829431438
7.837032040472175,0.3530865650423525,20.11705685618729
7.684856661045529,0.3286846289416625,20.568561872909697
7.646812816188869,0.3234606427084942,23.381270903010034
7.6277908937605385,0.32961454709346777,25.94983277591973
7.6277908937605385,0.3370976013809257,28.036789297658864
7.6277908937605385,0.32691903734024363,28.83277591973244
7.608768971332209,0.3282383633779717,30.331103678929765
7.608768971332209,0.3311163251394208,30.494983277591974
7.608768971332209,0.34166600294110455,30.05016722408027
7.475615514333895,0.360545791252031,29.093645484949832
7.437571669477234,0.3794208742664985,31.933110367892976
7.418549747048902,0.38563724721684695,33.458193979933114
7.418549747048902,0.3697625398149088,33.78260869565217
7.418549747048902,0.3675546858252432,33.44481605351171
7.30441821247892,0.3627946866535223,33.33779264214047
7.266374367622259,0.40086096101148005,34.919732441471574
7.266374367622259,0.4023994946553188,35.40468227424749
7.190286677908937,0.40315417615994176,36.551839464882946
7.190286677908937,0.39994753726132803,37.290969899665555
7.152242833052276,0.3853186750283585,37.83277591973244
7.152242833052276,0.38966917985021216,37.56521739130435
7.076155143338953,0.4021480033192959,37.46153846153846
7.038111298482292,0.40857099637311367,39.020066889632105
7.038111298482292,0.4046161651963884,40.18394648829432
7.000067453625632,0.39546271726838067,40.92307692307692
7.000067453625632,0.39776623069247546,40.81605351170568
6.94300168634064,0.4052457350172863,40.491638795986624
6.866913996627318,0.39729210755070027,41.34448160535117
6.847892074198987,0.3979603473663392,43.19063545150502
6.847892074198987,0.3973408757215337,43.986622073578594
6.7527824620573345,0.4192417546576548,44.37123745819398
6.7527824620573345,0.40155493734337355,44.96321070234114
6.733760539629004,0.39031103774325576,45.48160535117057
6.619629005059021,0.41269182518373576,46.03678929765886
6.600607082630691,0.41774617959775884,48.66555183946488
6.600607082630691,0.3924849037401163,50.34448160535117
6.600607082630691,0.405948322743285,50.50167224080268
6.58158516020236,0.4112982290885709,49.48829431438127
6.467453625632377,0.3980157769937896,50.27759197324415
6.448431703204046,0.3944391208934019,53.09364548494983
6.429409780775717,0.3940215292228832,54.95986622073578
6.429409780775717,0.4048578121932667,54.44481605351171
6.3533220910623935,0.3824788962201635,54.491638795986624
6.3533220910623935,0.39050453596857354,53.96321070234114
6.258212478920742,0.39700122465447407,55.802675585284284
6.258212478920742,0.39478970279983683,56.07357859531773
6.239190556492411,0.4038669011818862,55.36789297658863
6.239190556492411,0.4042021800667269,55.374581939799334
6.125059021922428,0.37624712079170664,58.147157190635454
6.125059021922428,0.3829856764671578,58.15719063545151
6.125059021922428,0.3944139444677908,56.94314381270903
6.029949409780775,0.42313524065279357,53.324414715719065
5.9538617200674535,0.4093070563899429,54.40133779264214
5.9538617200674535,0.3809061237724074,57.07692307692308
5.87777403035413,0.36492001658175427,60.013377926421406
5.87777403035413,0.3390659683462167,61.448160535117054
5.87777403035413,0.3427510216820235,60.54515050167224
5.87777403035413,0.37109836417133857,58.2943143812709
5.744620573355817,0.39734249547535644,53.62876254180602
5.744620573355817,0.3992969801866163,53.41137123745819
5.668532883642495,0.39699625079664935,52.82608695652174
5.668532883642495,0.4101924906951951,53.779264214046826
5.592445193929173,0.34983945998957233,57.869565217391305
5.592445193929173,0.34025008241058835,58.01003344481605
5.5163575042158515,0.34702969292608027,57.4180602006689
5.49733558178752,0.34584897679295873,58.096989966555185
5.49733558178752,0.34857828682435565,58.541806020066886
5.402225969645868,0.35470193265389394,60.62876254180602
5.402225969645868,0.3408935226971414,61.30769230769231
5.364182124789206,0.3356970523454875,60.67224080267559
5.364182124789206,0.33727748938120317,59.48829431438127
5.326138279932546,0.3484521927144451,58.836120401337794
5.250050590219224,0.36009403817726265,58.86622073578595
5.2120067453625625,0.348451596934689,59.86622073578595
5.2120067453625625,0.32904143561172444,59.82274247491639
5.135919055649241,0.3295909404929769,61.2675585284281
5.11689713322091,0.33110156050100015,61.06020066889632
5.059831365935919,0.32521426756604854,62.31772575250836
4.983743676222596,0.3342982571083956,61.96321070234114
4.983743676222596,0.3193683050075049,63.43478260869565
4.907655986509274,0.3274173623057178,62.23076923076923
4.907655986509274,0.3203706156044471,64.08026755852843
4.812546374367622,0.3201763034489131,64.77926421404682
4.812546374367622,0.32290230228398065,64.59531772575251
4.755480607082631,0.3056294923155808,63.73913043478261
4.71743676222597,0.3046342125766269,64.43478260869566
4.6793929173693085,0.2921193435767504,69.09364548494983
4.6793929173693085,0.292514225472444,69.00334448160535
4.6793929173693085,0.2901103400811618,67.8561872909699
4.546239460370995,0.28503077223694445,65.77257525083613
4.546239460370995,0.30410417144702256,65.72909698996655
4.5081956155143335,0.31525856745512587,67.51505016722408
4.489173693086003,0.30393764876491075,66.27090301003345
4.413086003372681,0.2947169503350416,71.01003344481606
4.413086003372681,0.28099987858882397,72.47826086956522
4.39406408094435,0.2773611975783042,72.4247491638796
4.336998313659359,0.26748874560896846,72.49498327759197
4.279932546374368,0.2734165601625711,73.36454849498328
4.260910623946036,0.2784267366156743,72.62207357859532
4.222866779089375,0.27293101988822516,69.18394648829431
4.165801011804384,0.2680005100998539,71.88294314381271
4.146779089376054,0.2732307210798311,71.59197324414716
4.070691399662731,0.2653058522311526,68.93979933110369
4.051669477234401,0.2616985924188911,70.31772575250837
3.9755817875210786,0.2461356954110548,72.68561872909699
3.9755817875210786,0.24319565303308818,73.62207357859532
3.899494097807757,0.25535429732983844,71.50836120401338
3.880472175379426,0.25058928798967967,74.94983277591973
3.8614502529510957,0.25168502153161426,74.36454849498328
3.8424283305227647,0.2502749408504092,74.4113712374582
3.7853625632377734,0.23294332700916706,77.61204013377926
3.7663406408094433,0.2339255288823545,77.5752508361204
3.728296795952782,0.23724437932510684,78.17391304347827
3.614165261382799,0.2458057138058749,75.1438127090301
3.614165261382799,0.2300970608757094,83.54849498327759
3.5951433389544687,0.22651987572192023,83.5886287625418
3.5380775716694766,0.22275424671461774,84.47491638795987
3.5380775716694766,0.21609505756658187,86.09030100334448
3.4239460370994936,0.23068361653906447,82.95317725752508
3.4239460370994936,0.2304042742369029,82.86622073578596
3.385902192242833,0.21246026309932062,89.50501672240803
3.385902192242833,0.20274070616252443,90.17725752508362
3.3478583473861714,0.2223161335656818,86.8428093645485
3.29079258010118,0.2227266417300399,86.1438127090301
3.252748735244519,0.20764101502246993,91.82943143812709
3.1956829679595273,0.20619872869136843,91.7190635451505
3.1956829679595273,0.2046991846475372,92.95986622073579
3.1386172006745356,0.19794430807631716,95.5551839464883
3.1195952782462055,0.20591605277107375,95.49163879598662
3.0244856661045527,0.20306451545979542,96.19732441471572
3.0244856661045527,0.2040356199161791,98.6989966555184
2.967419898819561,0.17936563797088542,105.56187290969899
2.948397976391231,0.19783071965163518,103.24080267558529
2.9293760539629004,0.19633102656593668,103.66889632107024
2.8342664418212475,0.19041026152699958,104.40802675585284
2.815244519392917,0.17963609010637227,112.7324414715719
2.7962225969645864,0.18834494581305178,109.67558528428094
2.7201349072512646,0.1922822577330618,113.06688963210702
2.701112984822934,0.17598376049578815,120.43478260869566
2.663069139966273,0.17970262945352614,116.96321070234114
2.6060033726812812,0.17993421015017172,121.44816053511705
2.5679595278246206,0.18001896599307687,125.3913043478261
2.5299156829679594,0.16699398433670773,131.16053511705687
2.5299156829679594,0.1703265624729176,127.95986622073579
2.4348060708263066,0.1715469540629605,125.06020066889631
2.4348060708263066,0.17094367927922732,126.64214046822742
2.3777403035413154,0.16640334737019377,127.86622073578596
2.3396964586846543,0.16213011397032742,133.2541806020067
2.3396964586846543,0.1637095310690981,133.22408026755852
2.2826306913996626,0.16261351077261296,128.28428093645485
2.2445868465430014,0.16092734126048927,133.55183946488293
2.2065430016863403,0.15909005427357834,134.48494983277592
2.1684991568296796,0.15549921032679645,136.65217391304347
2.130455311973018,0.1594366004096466,131.20066889632108
2.073389544688027,0.15383571159825737,132.58862876254182
2.073389544688027,0.1501791869547788,135.74916387959865
1.9782799325463742,0.1469903332187094,137.43478260869566
1.9782799325463742,0.1461358141368841,142.07692307692307
1.9592580101180437,0.15487910637074645,130.95652173913044
1.9021922428330522,0.1426415631261705,142.1371237458194
1.864148397976391,0.15612053534215078,124.62207357859532
1.8451264755480605,0.1580112098263549,124.05351170568562
1.8070826306913994,0.1484190389737076,132.83277591973246
1.750016863406408,0.14286233899643908,129.98327759197323
1.7119730185497468,0.1410181214973913,131.93311036789297
1.6929510961214165,0.15625973289034173,114.82943143812709
1.6358853288364248,0.15700237615867388,115.35785953177258
1.5978414839797637,0.1647879771277248,110.66555183946488
1.5407757166947722,0.15989266901162175,113.17725752508362
1.5217537942664419,0.15779464878945038,115.05685618729098
1.502731871838111,0.17196427745261533,106.1371237458194
1.4456661045531196,0.19654061551918825,96.22073578595318
1.4076222596964585,0.20002905132087445,96.4448160535117
1.3695784148397976,0.20519131645316654,94.17391304347827
1.2934907251264753,0.21440785503811421,92.37792642140468
1.2934907251264753,0.2109295360631109,93.17056856187291
1.2364249578414839,0.2133209422828311,88.01003344481606
1.2364249578414839,0.22107494308866582,86.78260869565217
1.1983811129848227,0.24215528876809775,84.19732441471572
1.1983811129848227,0.24889537710329163,81.3010033444816
1.1413153456998313,0.2681156553481762,73.65886287625418
1.1222934232715007,0.2682440828861521,74.73913043478261
1.065227655986509,0.27790844417518185,74.08026755852843
1.0462057335581787,0.2679411053628059,76.32107023411372
1.0271838111298481,0.27834634565186567,73.67558528428094
0.9891399662731871,0.2994936802604516,68.5551839464883
0.9510961214165261,0.30999874367453123,71.57859531772576
0.9320741989881955,0.31999232068246847,68.41471571906355
0.8940303541315345,0.3286723207046617,68.89966555183946
0.875008431703204,0.3431048146362699,68.16722408026756
0.6277234401349071,0.3400504527057257,69.67224080267559
0.7608768971332209,0.3589447116328693,66.78595317725753
0.7418549747048903,0.36712149327627724,66.57859531772576
0.6847892074198988,0.10101853961694687,73.01003344481606
0.6467453625632377,0.0968169791757732,71.87290969899665
