5.502680722891566,0.07129326918024005,1.0700280112044815
4.830948795180723,0.10105008426563382,0.8851540616246503
4.812545180722892,0.10666831800887783,1.2408963585434165
4.85855421686747,0.10261259358057803,0.9327731092436977
4.849352409638554,0.10372946330777637,1.1204481792717083
4.849352409638554,0.06488275069976891,0.6974789915966397
4.683719879518073,0.0573066727827758,0.7983193277310932
4.683719879518073,0.06222595740103262,0.9187675070028014
4.830948795180723,0.2511432066293342,0.9663865546218489
5.797138554216867,0.13188173116522148,4.666666666666671
5.75112951807229,0.1378159578027807,5.338935574229691
5.75112951807229,0.17776231886291513,5.120448179271708
5.75112951807229,0.22012301577792245,4.876750700280109
5.677515060240964,0.24542366533919302,5.498599439775912
5.677515060240964,0.2380762576806437,5.9411764705882355
5.640707831325301,0.2698182261075192,6.039215686274513
5.640707831325301,0.25472046225931005,6.400560224089634
5.631506024096385,0.2575677289904962,6.50700280112045
5.631506024096385,0.27198354658945806,7.0532212885154095
5.613102409638554,0.2606873476917368,7.15126050420168
5.539487951807229,0.2708392599714826,7.708683473389353
5.539487951807229,0.2569530320424694,8.322128851540615
5.539487951807229,0.2584760357494477,9.408963585434176
5.539487951807229,0.2810122548553835,9.52941176470588
5.502680722891566,0.25910376098990556,10.249299719887958
5.49347891566265,0.2615295762469536,10.602240896358545
5.4842771084337345,0.2693685563148108,10.647058823529413
5.475075301204819,0.2775289748977358,10.66106442577031
5.438268072289157,0.29224023579698893,10.596638655462186
5.401460843373494,0.3054596505157591,11.07843137254902
5.392259036144578,0.3109580943503325,11.380952380952383
5.337048192771084,0.3058275224672674,12.168067226890756
5.337048192771084,0.295572593735704,12.764705882352942
5.337048192771084,0.2967159503631965,13.498599439775909
5.254231927710843,0.3226598702407099,14.044817927170868
5.254231927710843,0.29903312262206655,15.0
5.254231927710843,0.29602240129348517,15.792717086834735
5.254231927710843,0.29082665728027135,16.80392156862745
5.245030120481927,0.2944464273761713,17.04201680672269
5.15301204819277,0.31024322900649637,17.436974789915965
5.107003012048192,0.2959223501727071,19.94397759103642
5.107003012048192,0.30284737431400977,20.93837535014006
5.107003012048192,0.3003243449418338,21.498599439775912
5.107003012048192,0.28423726052269965,21.406162464985993
5.042590361445783,0.3002009803921576,22.38655462184874
5.042590361445783,0.27611010320659385,23.366946778711483
5.042590361445783,0.27516272852991336,23.95798319327731
5.042590361445783,0.294622012891452,23.672268907563026
5.042590361445783,0.30464397324236675,23.80672268907563
4.950572289156627,0.29863000844790755,24.425770308123248
4.950572289156627,0.3056176449721292,25.288515406162468
4.913765060240964,0.29953180967486104,25.820728291316524
4.886159638554217,0.3037350157091028,28.016806722689076
4.876957831325301,0.29710378558099776,30.470588235294116
4.85855421686747,0.2880762484272273,31.240896358543417
4.85855421686747,0.2919876916630103,31.705882352941174
4.85855421686747,0.2879046023278512,31.3109243697479
4.748132530120482,0.2713001937657173,32.82633053221288
4.748132530120482,0.2771296286621733,35.73669467787114
4.748132530120482,0.26896873451185205,37.882352941176464
4.72972891566265,0.2657319196019663,39.61064425770308
4.720527108433735,0.2663364947646813,40.74789915966386
4.711325301204819,0.2699768131886865,40.661064425770306
4.711325301204819,0.2796563405501731,39.943977591036415
4.637710843373494,0.2898639620683015,38.36694677871149
4.637710843373494,0.2951830839221776,39.42577030812325
4.628509036144578,0.30701795879873595,39.73949579831933
4.6193072289156625,0.3239401871445173,39.63585434173669
4.564096385542168,0.31962673865653335,39.753501400560225
4.554894578313252,0.30934128228456353,41.14005602240896
4.472078313253012,0.30423319687066974,42.23529411764706
4.45367469879518,0.2860170384886402,46.915966386554615
4.45367469879518,0.27761759477508235,48.6078431372549
4.45367469879518,0.2732797921380555,50.36134453781513
4.45367469879518,0.27677310493602536,50.86274509803921
4.435271084337349,0.2826140304770145,51.714285714285715
4.435271084337349,0.28460493942223763,51.778711484593835
4.435271084337349,0.2830446179035275,51.5406162464986
4.324849397590361,0.2821668638909147,49.977591036414566
4.324849397590361,0.27827532216210704,52.88515406162465
4.3064457831325305,0.2832385774176637,55.35574229691877
4.3064457831325305,0.28196207120475614,57.123249299719895
4.3064457831325305,0.27316723867093073,57.55182072829131
4.3064457831325305,0.273196242076496,57.350140056022404
4.3064457831325305,0.27211817972670976,56.00000000000001
4.297243975903615,0.28392138474092804,53.9187675070028
4.214427710843374,0.2985402358452233,55.72268907563025
4.214427710843374,0.28804765965598383,56.495798319327726
4.214427710843374,0.2871855284789469,56.02801120448179
4.214427710843374,0.29552205420394007,54.549019607843135
4.104006024096385,0.2864094435193542,52.82633053221288
4.104006024096385,0.27675012047278064,54.63025210084033
4.067198795180723,0.28573720394826235,54.80952380952381
4.048795180722892,0.2890541632678722,57.3921568627451
4.048795180722892,0.28617318215202603,58.53221288515406
4.039593373493976,0.27798842434936694,59.675070028011206
4.0303915662650605,0.2847157949601084,59.85994397759104
4.011987951807229,0.2775382034952779,60.63305322128852
4.002786144578313,0.2848780275338888,59.70868347338935
4.002786144578313,0.2858607360400772,58.649859943977596
3.9015662650602407,0.2807135262803269,61.63305322128851
3.9015662650602407,0.2761269678955656,64.3921568627451
3.9015662650602407,0.2758426429984193,64.6890756302521
3.892364457831325,0.2782491781551927,64.75910364145658
3.892364457831325,0.2813269028348544,64.00280112044817
3.892364457831325,0.2711481401626548,62.45098039215686
3.8279518072289154,0.2724501805774758,62.77871148459384
3.809548192771084,0.2676956244730441,63.52100840336134
3.791144578313253,0.27459135905132737,63.890756302521005
3.791144578313253,0.27629857005814157,64.05042016806723
3.791144578313253,0.2814648413311783,63.24929971988795
3.791144578313253,0.2815769214652562,60.607843137254896
3.6715210843373494,0.2836397127389245,58.252100840336134
3.6623192771084336,0.2811854747242532,60.582633053221286
3.6623192771084336,0.2791797625851441,61.52100840336135
3.6623192771084336,0.2809005343423473,62.28851540616246
3.6623192771084336,0.27618526946230715,62.4873949579832
3.6439156626506026,0.25938150420911693,62.96638655462185
3.6439156626506026,0.2506678373384547,62.308123249299726
3.5887048192771083,0.24121414228341936,63.99719887955182
3.5703012048192773,0.2506859952254087,64.39495798319328
3.5703012048192773,0.25982699780447227,64.57703081232494
3.5703012048192773,0.2604241074463547,63.212885154061624
3.5703012048192773,0.25925026159889564,61.57142857142857
3.459879518072289,0.2530675478173519,61.50980392156863
3.459879518072289,0.25828892199062015,62.39775910364146
3.4506777108433733,0.2595658236512994,62.74229691876751
3.4506777108433733,0.26047091277822026,62.97478991596638
3.4506777108433733,0.2555646632516698,60.95518207282913
3.4414759036144575,0.25132970562482265,59.719887955182074
3.3494578313253007,0.25152188281679616,56.79551820728291
3.3494578313253007,0.2510277156317733,60.20728291316527
3.3494578313253007,0.25187496646793733,60.17647058823529
3.2942469879518073,0.2504186872247651,61.52380952380952
3.2942469879518073,0.23392747412171375,63.4593837535014
3.2850451807228915,0.23775206946895902,63.82352941176471
3.275843373493976,0.23581421205770556,63.84873949579831
3.275843373493976,0.23615845302999539,63.593837535014
3.248237951807229,0.23133479730171166,62.596638655462186
3.2390361445783133,0.2264470435875723,62.627450980392155
3.1838253012048194,0.23392587506226087,62.661064425770306
3.1838253012048194,0.24075453114636425,64.94117647058823
3.1838253012048194,0.24900470082814222,65.78991596638656
3.1838253012048194,0.2442097629376082,64.9467787114846
3.1746234939759037,0.24062230456333442,63.51820728291317
3.073403614457831,0.23238725678649944,66.87394957983193
3.073403614457831,0.22874539685563822,70.70028011204482
3.073403614457831,0.22778313689446003,71.89915966386555
3.073403614457831,0.2272333294524799,71.95518207282913
3.073403614457831,0.21622121278165404,70.62464985994397
3.073403614457831,0.20880962767154015,69.3529411764706
2.999789156626506,0.2094316934719804,69.43137254901961
2.999789156626506,0.21381414911541502,70.55742296918767
2.999789156626506,0.2120114673598635,71.71988795518207
2.999789156626506,0.220064674005931,71.18207282913166
2.999789156626506,0.23319967066592112,69.26330532212886
2.999789156626506,0.2401216122136771,66.25770308123249
2.9077710843373494,0.23553813098630025,62.120448179271705
2.889367469879518,0.22736296517440358,65.10644257703082
2.8617620481927712,0.22245267784843883,67.21288515406162
2.8617620481927712,0.2244835008108857,68.74229691876751
2.8525602409638555,0.2061545842320422,70.64985994397759
2.8525602409638555,0.20805246747196937,70.41736694677871
2.8525602409638555,0.21452137595281093,69.33613445378151
2.8525602409638555,0.222390466794609,65.74229691876751
2.7605421686746987,0.21503980517956614,70.08403361344538
2.7605421686746987,0.20878383633974387,72.36694677871148
2.7605421686746987,0.20794018739248724,73.1344537815126
2.751340361445783,0.20196308545344832,72.51820728291317
2.7237349397590362,0.19813453942113032,73.1484593837535
2.7237349397590362,0.19868667322593894,72.75630252100841
2.7237349397590362,0.20451959051277652,71.94117647058823
2.6777259036144576,0.2166407400244929,69.0812324929972
2.6777259036144576,0.21993663247902737,68.19887955182072
2.6041114457831323,0.21972250265686935,68.67787114845939
2.5949096385542165,0.21138326486466572,72.44817927170868
2.5949096385542165,0.19894083593400105,73.92997198879551
2.5949096385542165,0.191198193163963,73.9327731092437
2.558102409638554,0.1784937568153864,74.96918767507003
2.558102409638554,0.18085591968209258,74.66386554621849
2.558102409638554,0.19399742954763996,72.4453781512605
2.539698795180723,0.19768667595408496,70.82913165266106
2.484487951807229,0.21263952260540006,62.705882352941174
2.410873493975904,0.2061701005802578,66.41176470588235
2.410873493975904,0.1944002582658667,72.07282913165267
2.410873493975904,0.18493211112653574,74.71428571428571
2.401671686746988,0.1760117781836355,77.55742296918767
2.3924698795180723,0.17052610695493076,77.75070028011204
2.3924698795180723,0.16969525812068362,76.61624649859944
2.3372590361445784,0.18000046182736743,71.96638655462185
2.318855421686747,0.19549647206046045,72.01680672268908
2.318855421686747,0.1961723264637757,71.74789915966386
2.318855421686747,0.1935104541495083,70.86274509803921
2.22683734939759,0.1800199329715432,71.5266106442577
2.22683734939759,0.17373001076712233,75.64425770308124
2.22683734939759,0.1728289093437244,78.56302521008404
2.22683734939759,0.16534177927090796,78.39495798319328
2.2176355421686744,0.1725257739502863,75.52941176470588
2.1624246987951805,0.17311598491254204,75.22128851540617
2.1624246987951805,0.16900506169227558,75.90196078431373
2.1164156626506023,0.16614798978518078,73.38655462184875
2.107213855421687,0.1598476210953722,75.59943977591037
2.0980120481927713,0.16018571955671845,77.0280112044818
2.0980120481927713,0.16558351748069564,76.50420168067227
2.0980120481927713,0.16761548637687862,73.64425770308124
2.042801204819277,0.1648774383421615,71.76190476190476
2.0335993975903617,0.15524962929673264,76.36694677871148
2.024397590361446,0.1547536471074439,77.406162464986
2.0059939759036145,0.1654565825388354,75.21848739495799
1.9783885542168673,0.1604721724013566,74.84593837535014
1.9323795180722891,0.15005362666102534,81.21008403361344
1.9231777108433734,0.12617031262628195,88.52941176470588
1.9231777108433734,0.12834742072412744,91.16806722689076
1.9139759036144577,0.13891160566012103,87.3249299719888
1.9231777108433734,0.17078726320816726,77.36414565826331
1.8495632530120483,0.1645861091620291,75.0672268907563
1.8035542168674699,0.1306532100070433,85.36414565826331
1.7943524096385541,0.12736056545725946,90.0
1.7943524096385541,0.13062292320035268,92.4453781512605
1.7943524096385541,0.13328922422831213,87.69747899159664
1.7483433734939757,0.1408346302003353,81.4593837535014
1.7299397590361445,0.14460247212297034,82.72549019607843
1.711536144578313,0.1388778529876554,79.06162464985995
1.683930722891566,0.13728943745302852,80.55182072829132
1.6747289156626504,0.1363733132517922,81.22408963585434
1.665527108433735,0.14282765766097932,77.43977591036415
1.637921686746988,0.154827727544181,75.6078431372549
1.6287198795180724,0.15640601774722887,71.9859943977591
1.582710843373494,0.1565631705133178,71.19327731092437
1.5735090361445783,0.11799037134602318,88.73669467787114
1.555105421686747,0.1113852916434418,92.28011204481793
1.5459036144578313,0.11131571097046543,92.01680672268908
1.5274999999999999,0.1330184166031216,84.14285714285714
1.5090963855421686,0.15091270749303753,77.01120448179272
1.4630873493975904,0.16092648234214496,73.79551820728291
1.4630873493975904,0.1562572131556643,76.29411764705883
1.4538855421686747,0.13950772026088112,80.16526610644257
1.444683734939759,0.13499316004212433,77.66946778711484
1.417078313253012,0.12812791008164992,78.36694677871148
1.3986746987951808,0.14379436392034392,82.3389355742297
1.3802710843373494,0.15454289582990144,76.77591036414566
1.3434638554216867,0.148286037327869,78.51820728291317
1.334262048192771,0.13643898550481376,86.4201680672269
1.3158584337349397,0.13958665418425595,85.25770308123249
1.306656626506024,0.15505452537062683,80.96358543417367
1.2698493975903615,0.15203667679060553,80.48179271708683
1.2606475903614458,0.1503965352931771,80.4201680672269
1.2422439759036146,0.17443833013614735,76.47899159663865
1.2146385542168674,0.1795433421999688,75.2156862745098
1.2146385542168674,0.19649657255091182,74.31652661064426
1.1594277108433735,0.19637207424692524,66.65546218487395
1.1594277108433735,0.19261566863838878,68.40056022408963
1.1042168674698793,0.19679103648911658,67.59663865546219
1.1042168674698793,0.1773008984185337,75.58543417366947
1.1042168674698793,0.18106523365636543,74.88235294117646
1.1042168674698793,0.19410983411101998,70.82913165266106
1.1042168674698793,0.2047361078394071,66.33333333333333
1.1042168674698793,0.21648903135782838,61.977591036414566
1.03980421686747,0.22633091822442003,60.48179271708683
1.0306024096385542,0.22359070885864682,61.18767507002801
1.0306024096385542,0.2199387592562664,61.68627450980392
1.012198795180723,0.21749715962467878,59.85434173669468
1.012198795180723,0.22695075524637728,58.17927170868347
0.9937951807228915,0.23282349369214964,56.28291316526611
0.9661897590361446,0.23474368008906457,57.12605042016807
0.9385843373493975,0.25466052334032,55.173669467787114
0.9201807228915663,0.2444878738442398,57.62464985994398
0.9201807228915663,0.24007952680502392,59.22969187675071
0.9109789156626507,0.2406759823794949,57.983193277310924
0.7545481927710843,0.2342700485527728,57.41456582633053
0.8465662650602409,0.2544578357974246,55.98879551820728
0.8373644578313252,0.25399549031962104,57.778711484593835
0.818960843373494,0.256385480371455,57.075630252100844
0.7729518072289157,0.2564002160159438,57.96638655462185
0.7545481927710843,0.24827523640836885,60.845938375350144
0.7453463855421686,0.25437349773802104,59.74789915966386
0.7269427710843374,0.2744775595595049,53.78151260504202
0.6809337349397591,0.27437524461567847,50.904761904761905
0.6625301204819277,0.1277375805743984,60.85714285714286
0.653328313253012,0.11669142498263313,62.25210084033614
0.6349246987951808,0.10571535964458173,63.67787114845939
0.625722891566265,0.14604175841079536,61.46778711484593
0.6073192771084337,0.1422296074095884,58.30812324929972
0.5429066265060241,0.12443548992873064,55.84313725490196
0.5337048192771084,0.10642003995359528,55.74229691876751
0.5245030120481928,0.1536977593296443,51.14565826330532
0.49689759036144576,0.14791369516583147,46.46218487394958
0.46929216867469875,0.11195405904834353,51.79831932773109
0.4416867469879518,0.09420820203753637,54.82072829131653
0.4324849397590361,0.08546105815243157,55.476190476190474
0.41408132530120484,0.08680697864751036,50.397759103641455
0.40487951807228917,0.1375251014519695,45.27170868347339
0.37727409638554216,0.12983418766501012,40.84313725490196
0.32206325301204813,0.07929918230419725,48.2436974789916
0.30365963855421685,0.06733904186710551,45.73669467787115
0.2944578313253012,0.06555411749680573,40.48179271708683
4.610105421686747,0.16084056765783675,1.1484593837535026
4.959774096385543,0.07231734773383978,1.0784313725490193
