8.597908937605395,0.10121968419438893,2.1872909698996654
8.597908937605395,0.13357068605353428,2.137123745819398
8.597908937605395,0.10422942992926118,1.9264214046822743
8.597908937605395,0.10199064847462738,2.0936454849498327
8.597908937605395,0.11328103515371582,2.036789297658863
8.597908937605395,0.10608671488517787,1.826086956521739
8.597908937605395,0.10110390241518423,2.0836120401337794
8.597908937605395,0.09860593151930135,2.1237458193979935
8.597908937605395,0.09669477234401312,2.040133779264214
8.597908937605395,0.09736930860033716,1.9632107023411371
8.597908937605395,0.11579821729703595,2.020066889632107
8.597908937605395,0.12707700955593004,2.0869565217391304
8.597908937605395,0.13116759907038142,2.0100334448160537
8.597908937605395,0.12495197595131571,2.0635451505016724
8.597908937605395,0.19074180456979778,1.8729096989966556
8.597908937605395,0.11805299297909137,2.3377926421404682
8.597908937605395,0.12043623070363615,1.959866220735786
8.597908937605395,0.13781835702240447,2.20066889632107
8.597908937605395,0.12187844927062712,2.120401337792642
8.597908937605395,0.16742089078464456,2.678929765886288
8.597908937605395,0.13043603950855276,2.4782608695652173
8.597908937605395,0.12187379071625078,2.6387959866220734
8.597908937605395,0.1390379941654832,3.0033444816053514
8.578887015177065,0.16125133902683486,3.408026755852843
8.578887015177065,0.2328401390036246,3.3979933110367893
8.559865092748735,0.2379904462650068,3.387959866220736
8.40768971332209,0.23893165020476942,4.518394648829432
8.40768971332209,0.16070133734928982,5.959866220735786
8.40768971332209,0.15964362133146162,6.6755852842809364
8.40768971332209,0.2648825070297249,6.806020066889632
8.255514333895444,0.28575518985869636,6.3244147157190636
8.255514333895444,0.24178256125384437,7.722408026755853
8.236492411467117,0.25661364532754477,8.05685618729097
8.160404721753794,0.25246563400054306,8.97324414715719
8.160404721753794,0.28762432323784604,9.545150501672241
8.103338954468802,0.31106201911827663,9.839464882943144
8.046273187183811,0.2927959010230349,12.956521739130435
8.046273187183811,0.30856185305065764,13.782608695652174
7.989207419898819,0.30950291235573185,14.608695652173912
7.951163575042157,0.3020522965090249,15.846153846153847
7.951163575042157,0.3125343565356128,16.28428093645485
7.875075885328835,0.30896960849732497,16.578595317725753
7.837032040472175,0.35857753997134506,18.903010033444815
7.837032040472175,0.3691359749343924,19.48160535117057
7.837032040472175,0.3544020664364669,19.65886287625418
7.646812816188869,0.32070216173873417,22.28428093645485
7.6277908937605385,0.331926933022827,24.839464882943144
7.6277908937605385,0.35227798587486614,27.234113712374583
7.608768971332209,0.3339015179287556,28.91638795986622
7.608768971332209,0.32970843427687435,29.60200668896321
7.608768971332209,0.3388675301013702,29.959866220735787
7.608768971332209,0.3542940866335665,29.183946488294314
7.456593591905564,0.38308069214913476,30.294314381270905
7.437571669477234,0.3893824190886247,32.2675585284281
7.418549747048902,0.38214318725252683,33.51170568561873
7.418549747048902,0.36236750268512685,33.22742474916388
7.30441821247892,0.367774098774229,32.625418060200666
7.30441821247892,0.3718192250795834,33.10033444816054
7.266374367622259,0.39157298784230626,33.52173913043478
7.266374367622259,0.39631331146094295,33.51505016722408
7.190286677908937,0.3914204244128363,35.05685618729097
7.190286677908937,0.38214172202181895,35.07692307692308
7.171264755480606,0.37156589227969655,35.33779264214047
7.152242833052276,0.371479947375196,34.68561872909699
7.114198988195615,0.37734306300781806,34.04013377926422
7.038111298482292,0.40238374436910807,34.936454849498325
7.019089376053962,0.3841016076271965,35.585284280936456
7.000067453625632,0.38262423053617617,35.80936454849498
6.962023608768971,0.38293308582055546,35.2876254180602
6.866913996627318,0.3827593702338244,34.668896321070235
6.847892074198987,0.373576458808743,36.52842809364549
6.847892074198987,0.3616075594956348,37.42809364548495
6.847892074198987,0.3662494217412089,37.60535117056856
6.7527824620573345,0.3833445552855195,36.90635451505017
6.7527824620573345,0.37317584255750375,37.75585284280937
6.733760539629004,0.36222872640781917,37.44481605351171
6.619629005059021,0.37508457671631146,38.69899665551839
6.619629005059021,0.37587051933690285,39.69565217391305
6.600607082630691,0.36456495898238184,41.8494983277592
6.600607082630691,0.36268902928175833,42.103678929765884
6.600607082630691,0.3720908148272504,40.83946488294314
6.467453625632377,0.3665108751666764,40.9933110367893
6.429409780775717,0.34442811404119605,43.331103678929765
6.429409780775717,0.37457315598544616,45.903010033444815
6.429409780775717,0.3714962335718203,45.5819397993311
6.3533220910623935,0.3535118181051849,44.68561872909699
6.3533220910623935,0.3511490205999882,45.44481605351171
6.277234401349071,0.3686598764854228,46.48160535117057
6.258212478920742,0.37904353305248917,47.05685618729097
6.258212478920742,0.36908195131397475,47.561872909699
6.125059021922428,0.3605348861218809,45.96655518394649
6.125059021922428,0.35873730442673507,47.137123745819395
6.125059021922428,0.35192924567504164,47.69230769230769
6.106037099494097,0.369775996073018,46.91638795986622
6.010927487352444,0.3928145123565849,45.07692307692308
6.010927487352444,0.37410911930543445,45.391304347826086
5.9538617200674535,0.3504503191339971,47.47157190635451
5.87777403035413,0.3408869880506992,49.508361204013376
5.87777403035413,0.31319926295566525,51.16722408026756
5.87777403035413,0.3202227142015523,49.82274247491639
5.858752107925801,0.3506680149208156,47.51505016722408
5.744620573355817,0.37213907887297515,43.438127090301
5.744620573355817,0.3719500271771194,44.220735785953174
5.706576728499156,0.37293517026278594,43.15719063545151
5.630489038785834,0.36822561966604156,46.57859531772575
5.592445193929173,0.328280025436229,48.18394648829432
5.592445193929173,0.3042913492484415,49.66220735785953
5.573423271500843,0.32254594779272105,48.59866220735786
5.49733558178752,0.31741819007883093,49.33444816053512
5.47831365935919,0.3293759419881945,49.77591973244147
5.421247892074199,0.3411976783973191,50.635451505016725
5.402225969645868,0.3258125732292207,52.25083612040134
5.402225969645868,0.32023957254075547,51.90969899665552
5.364182124789206,0.3283825576985482,51.60200668896321
5.269072512647554,0.3395906162719825,49.78260869565217
5.250050590219224,0.340308777771278,50.163879598662206
5.2120067453625625,0.32634582378044746,52.03678929765886
5.135919055649241,0.31477311668415414,52.61204013377927
5.135919055649241,0.30856554396274716,53.92307692307692
5.09787521079258,0.31157865972210036,54.83277591973244
5.0788532883642485,0.3048307982083706,55.79933110367893
5.059831365935919,0.3153731418716827,56.240802675585286
4.983743676222596,0.31168837828522095,58.50167224080268
4.983743676222596,0.3226773806203839,57.68896321070234
4.907655986509274,0.31865769372888253,59.759197324414714
4.888634064080944,0.2946328618194642,60.618729096989966
4.812546374367622,0.3116546671279892,61.618729096989966
4.812546374367622,0.31869907915563417,61.46153846153846
4.71743676222597,0.3085969087814529,60.5819397993311
4.71743676222597,0.2989568659455266,64.84615384615384
4.6793929173693085,0.2876915914015405,66.93645484949833
4.6793929173693085,0.2950693624139518,66.51839464882943
4.603305227655985,0.2987880236827761,63.30100334448161
4.584283305227656,0.3008301931923397,63.41137123745819
4.527217537942664,0.3141994016358132,64.54180602006689
4.5081956155143335,0.30862018328486845,65.24414715719064
4.413086003372681,0.2965090833565941,68.23076923076923
4.413086003372681,0.2934015890766915,69.50167224080268
4.39406408094435,0.2786928409249615,71.10367892976589
4.336998313659359,0.27030783438156447,71.52508361204013
4.336998313659359,0.2649348764129721,70.49163879598662
4.260910623946036,0.2723197439515143,71.79264214046823
4.260910623946036,0.2762358776120154,72.51170568561874
4.165801011804384,0.2731506307227204,68.57859531772576
4.165801011804384,0.26916837177565883,71.15050167224081
4.146779089376054,0.27187106566345404,70.19732441471572
4.070691399662731,0.2659740870330937,67.97658862876254
4.051669477234401,0.25668195148123824,70.57190635451505
3.9946037099494096,0.2436240965443697,71.84949832775919
3.9946037099494096,0.24202334292090114,71.99665551839465
3.9565598650927485,0.25646029013499655,71.23076923076923
3.880472175379426,0.25238096984152125,72.75250836120401
3.8424283305227647,0.2540266673256233,72.61204013377926
3.8043844856661044,0.24081630749273586,74.7324414715719
3.7663406408094433,0.23689935561641956,76.81605351170569
3.7663406408094433,0.23423103589083388,76.38461538461539
3.728296795952782,0.24041787377616966,76.90969899665552
3.614165261382799,0.24211654263911714,73.5886287625418
3.614165261382799,0.23214630210606513,83.34448160535118
3.5951433389544687,0.22624350184177422,82.59866220735786
3.5380775716694766,0.21095270361879526,83.9933110367893
3.5380775716694766,0.23122917195924286,83.59531772575251
3.519055649241146,0.23333690244975666,81.3913043478261
3.4239460370994936,0.2128201531435966,91.19397993311037
3.4049241146711635,0.21590428764322947,90.65217391304348
3.385902192242833,0.20310045730687978,90.75585284280936
3.366880269814502,0.2162219533834464,88.19063545150502
3.29079258010118,0.2242330072006435,85.36789297658864
3.252748735244519,0.21035994968174912,90.59197324414716
3.2337268128161885,0.20888142318205394,91.19063545150502
3.1956829679595273,0.20080406707256554,93.63210702341136
3.1386172006745356,0.19928139876331782,93.62541806020067
3.1195952782462055,0.20414198759510577,94.85953177257525
3.100573355817875,0.19838783019301123,96.51839464882943
3.0244856661045527,0.20226005212121584,98.6086956521739
2.967419898819561,0.18691493286107383,103.11705685618729
2.967419898819561,0.18280873585949914,104.16722408026756
2.9293760539629004,0.1953856136488579,103.3913043478261
2.9293760539629004,0.1923994949671174,103.77257525083613
2.8342664418212475,0.18788707902636032,105.08695652173913
2.815244519392917,0.17882295560520828,113.90635451505017
2.815244519392917,0.18050792391715717,111.1638795986622
2.739156829679595,0.19596851988370675,108.87959866220736
2.701112984822934,0.17765630517690956,120.80267558528428
2.701112984822934,0.1757614845125399,118.78929765886288
2.625025295109612,0.17963510053254306,120.4314381270903
2.5869814502529507,0.17854558243331958,122.65551839464882
2.5679595278246206,0.1744168552755834,123.876254180602
2.5299156829679594,0.16416610273183854,129.26755852842808
2.5108937605396284,0.17878504444015597,122.59197324414716
2.4348060708263066,0.1669334695901752,128.4314381270903
2.4348060708263066,0.16704987802389923,126.28428093645485
2.358718381112985,0.1648957423579926,127.8428093645485
2.3396964586846543,0.15549608272161297,133.47826086956522
2.3206745362563233,0.16509069750207478,129.04682274247492
2.2826306913996626,0.16192641564364643,130.12374581939798
2.2445868465430014,0.16122686870800185,132.5953177257525
2.2065430016863403,0.15665963497533342,136.08026755852842
2.18752107925801,0.15437563354846193,136.46822742474916
2.1684991568296796,0.1543288569846679,136.0735785953177
2.130455311973018,0.1607963112280662,132.16387959866222
2.073389544688027,0.14910829415435606,136.64214046822744
2.0353456998313657,0.1520847553371008,132.68896321070235
1.9973018549747048,0.1474601586720078,138.30100334448161
1.9782799325463742,0.153421992582984,132.5685618729097
1.940236087689713,0.15081449158341803,137.53177257525084
1.9021922428330522,0.13769752321620357,144.09030100334448
1.8831703204047217,0.14073286589206624,137.96321070234114
1.8070826306913994,0.15221160692090777,132.47826086956522
1.788060708263069,0.14600293606656548,135.1571906354515
1.750016863406408,0.1392340467851114,136.55183946488293
1.7119730185497468,0.14324005721852887,130.5284280936455
1.7119730185497468,0.14198961817978004,130.97658862876253
1.6358853288364248,0.15579517352358252,114.95317725752508
1.6168634064080942,0.15630091741510277,117.07023411371237
1.5597976391231028,0.16035180473691082,113.31438127090301
1.5597976391231028,0.16040044800933093,113.42809364548495
1.5217537942664419,0.15953465356632376,113.92307692307692
1.4837099494097805,0.17176532281977194,108.14715719063545
1.4456661045531196,0.19473655122228148,98.77926421404682
1.4076222596964585,0.199103103772067,98.24414715719064
1.3695784148397976,0.20256108833519643,96.08361204013377
1.3315345699831365,0.21653136080651258,92.29096989966555
1.312512647554806,0.2121919720215887,93.64548494983278
1.274468802698145,0.2148827372984532,89.2876254180602
1.2554468802698142,0.21659577216149797,88.19063545150502
1.2174030354131533,0.22693684223262037,88.45484949832776
1.1983811129848227,0.24482269666559953,84.50836120401338
1.1793591905564924,0.2702323863503101,76.73913043478261
1.1413153456998313,0.26946495790993,74.08026755852843
1.0842495784148398,0.27803905387893213,74.4648829431438
1.065227655986509,0.2751156797969135,75.21070234113712
1.0462057335581787,0.26825729303583573,76.79933110367892
1.0271838111298481,0.29532924881144934,71.41806020066889
0.9701180438448564,0.30001320678862653,69.66555183946488
0.9510961214165261,0.31591220724146174,70.79598662207358
0.913052276559865,0.32400321955722566,67.13377926421404
0.8940303541315345,0.34091890441840733,68.66889632107024
0.875008431703204,0.34162728655789176,69.37792642140468
0.6277234401349071,0.3387551602351549,71.40802675585284
0.6087015177065767,0.347993361139535,69.48494983277592
0.7228330522765598,0.3634556521487212,66.93979933110369
0.6847892074198988,0.10505403071609692,69.13377926421404
0.6467453625632377,0.09891348692680628,70.52173913043478
