12.368421052631577,0.14312322424452562,32.58787878787879
12.368421052631577,0.15955359077903894,32.27878787878788
12.368421052631577,0.16780889493105378,32.24848484848485
12.368421052631577,0.18475165929131096,30.76969696969697
12.368421052631577,0.18310206971939477,30.72727272727273
12.408,0.1036568410009112,83.32727272727273
12.408,0.1504318888364988,88.67878787878787
12.368421052631577,0.1716964115914662,91.16969696969697
12.368421052631577,0.20898115082412674,95.76363636363637
12.368421052631577,0.24176989262145998,98.01212121212122
12.368421052631577,0.2656496507083039,100.0
12.368421052631577,0.2949813706975734,101.49090909090908
12.368421052631577,0.33033897952428315,101.93333333333332
12.368421052631577,0.403588581695812,101.90909090909092
12.368421052631577,0.474137293007254,100.61212121212121
12.368421052631577,0.5068347217180873,99.81818181818181
12.368421052631577,0.5575321216932979,97.88484848484848
12.368421052631577,0.5886533563131733,95.7090909090909
12.348631578947368,0.5993265241633992,94.76363636363637
12.111157894736841,0.6192990315372485,93.30909090909091
12.111157894736841,0.6640995555555548,94.98181818181817
12.111157894736841,0.7059040798266887,95.70909090909092
12.031999999999998,0.723355142774323,96.21818181818182
12.031999999999998,0.7245065116025163,96.89090909090908
12.031999999999998,0.7330759231483825,97.81212121212121
12.031999999999998,0.755216249088876,97.76969696969698
12.031999999999998,0.7354700556420366,97.9030303030303
11.913263157894736,0.7178958217767761,98.15757575757576
11.814315789473683,0.7146361294952733,99.10909090909091
11.814315789473683,0.6998535363136937,101.66060606060607
11.794526315789472,0.6634172566452635,105.34545454545454
11.794526315789472,0.6634451291813362,107.33333333333334
11.794526315789472,0.669512598618678,109.24242424242425
11.794526315789472,0.732245871526283,109.85454545454544
11.794526315789472,0.7215421242931707,110.52727272727273
11.794526315789472,0.7057841897200788,110.6060606060606
11.794526315789472,0.705271482966475,110.6060606060606
11.616421052631578,0.6963561182441416,112.43636363636362
11.616421052631578,0.686586598347642,115.46666666666665
11.616421052631578,0.6877447478872732,117.76969696969697
11.616421052631578,0.694452196312656,119.22424242424243
11.616421052631578,0.7028699425790609,121.13939393939394
11.616421052631578,0.703616940624446,120.95757575757575
11.596631578947367,0.6930560156321891,120.6969696969697
11.418526315789473,0.6982091135663925,120.39393939393938
11.418526315789473,0.6976599497780979,123.24242424242422
11.398736842105263,0.7068196713626532,125.92121212121211
11.398736842105263,0.7102933679772675,128.0969696969697
11.398736842105263,0.7091619097890198,129.66666666666666
11.398736842105263,0.6966939937602774,130.6
11.398736842105263,0.7043898569096081,130.71515151515152
11.398736842105263,0.7050968913192058,130.67272727272726
11.398736842105263,0.7027350852219444,129.77575757575758
11.398736842105263,0.7065539528708442,128.93333333333334
11.398736842105263,0.7372959552918309,127.4121212121212
11.398736842105263,0.7758144695035865,125.47878787878787
11.398736842105263,0.8046509656059204,123.07272727272726
11.398736842105263,0.828311439821629,118.9030303030303
11.299789473684209,0.8426016983635558,116.64848484848484
11.299789473684209,0.826200422609832,114.66666666666667
11.042526315789472,0.828768741291725,115.77575757575757
11.042526315789472,0.8000265481205089,117.89696969696969
11.042526315789472,0.7859248040326219,119.08484848484848
11.042526315789472,0.8008372793674415,119.92727272727272
11.042526315789472,0.8112329539512133,120.1939393939394
11.042526315789472,0.8311651168086285,120.32121212121213
10.884210526315789,0.8621556244865095,125.33939393939393
10.864421052631577,0.8255468010407213,127.64242424242424
10.864421052631577,0.7995504534742559,129.8242424242424
10.864421052631577,0.7512618857153016,130.33333333333331
10.864421052631577,0.7386766637764977,131.33333333333331
10.864421052631577,0.7450108814974918,131.3272727272727
10.745684210526314,0.7323752413983295,132.55151515151513
10.725894736842104,0.7105868196568033,135.24848484848485
10.725894736842104,0.7047795992489829,136.87272727272727
10.725894736842104,0.7138016733276411,136.84848484848484
10.725894736842104,0.7716438372210815,136.54545454545456
10.686315789473683,0.7695362365802577,135.84848484848484
10.686315789473683,0.7696406399461402,135.56969696969696
10.56757894736842,0.7796892915397984,135.45454545454547
10.56757894736842,0.781058077676823,135.83030303030304
10.56757894736842,0.7820656087785002,135.84242424242424
10.527999999999999,0.7805778098170757,134.64848484848486
10.54778947368421,0.7588630359212054,133.4060606060606
10.54778947368421,0.7623756955987834,130.4
10.270736842105261,0.7594591007956173,133.63030303030303
10.270736842105261,0.7611746418150015,139.13939393939395
10.270736842105261,0.756779948341672,142.10303030303032
10.270736842105261,0.7549008720219491,143.83030303030304
10.250947368421052,0.7388731328899781,144.92121212121214
10.250947368421052,0.713732708005037,145.3090909090909
10.250947368421052,0.725544607018833,144.92727272727274
10.19157894736842,0.7303666494778883,145.65454545454546
10.19157894736842,0.7128637767228296,146.32727272727274
10.19157894736842,0.7086743983888013,146.38181818181818
10.19157894736842,0.6967955952395242,144.6787878787879
10.19157894736842,0.6921144935547199,143.56363636363636
10.19157894736842,0.7183195862127324,142.13939393939395
10.17178947368421,0.7415444713425006,139.8969696969697
10.17178947368421,0.7510383755800211,138.78181818181818
9.973894736842103,0.7616469106118332,138.27272727272728
9.973894736842103,0.7475580248465717,138.55151515151513
9.973894736842103,0.748783612878197,138.7030303030303
9.973894736842103,0.7484872707926636,138.13939393939393
9.874947368421052,0.752969455647755,138.5030303030303
9.874947368421052,0.7526867615474164,139.84242424242424
9.855157894736843,0.7500156016218631,140.58787878787876
9.855157894736843,0.7561770986925505,141.87272727272725
9.855157894736843,0.7376452590984052,142.0242424242424
9.855157894736843,0.729769363894616,141.2121212121212
9.736421052631579,0.7323633792294727,140.9878787878788
9.736421052631579,0.7305603630715511,142.1939393939394
9.736421052631579,0.7087661640024207,142.42424242424244
9.716631578947368,0.713791116989728,143.4787878787879
9.617684210526315,0.7302584553261722,143.72121212121212
9.617684210526315,0.7170746091641378,145.29090909090908
9.617684210526315,0.7108135607400955,145.77575757575755
9.597894736842106,0.6964432346619721,146.93939393939394
9.597894736842106,0.6988713231941021,147.6181818181818
9.597894736842106,0.7063421144070567,147.93939393939394
9.578105263157894,0.7118309738624532,146.9212121212121
9.578105263157894,0.7211208944439012,145.75151515151515
9.578105263157894,0.729604560232434,144.38787878787878
9.578105263157894,0.7245924894839806,141.44242424242424
9.578105263157894,0.7236496494885579,139.53939393939393
9.360421052631578,0.7388483901958836,136.51515151515153
9.360421052631578,0.7124533294271522,140.11515151515152
9.360421052631578,0.6933001075233917,141.5636363636364
9.360421052631578,0.691634870842194,142.4
9.360421052631578,0.7008850536464686,141.82424242424244
9.261473684210527,0.6860607001617002,143.76969696969695
9.261473684210527,0.6749864152602877,144.84848484848484
9.221894736842104,0.6643166510270052,146.39999999999998
9.202105263157893,0.6589566116917864,147.36969696969697
9.202105263157893,0.6455222548132954,148.01212121212123
9.202105263157893,0.6409436171177298,147.9090909090909
9.202105263157893,0.6436846606482766,147.15151515151516
9.142736842105263,0.6598939008397202,145.06060606060606
9.122947368421052,0.6590589829112216,144.4121212121212
9.103157894736842,0.6504621619354886,143.75757575757578
9.103157894736842,0.6572770106859632,143.10303030303032
9.103157894736842,0.6626193924935402,141.61818181818182
9.103157894736842,0.6778969612060637,137.70303030303032
8.865684210526315,0.6721856887770042,136.86060606060607
8.845894736842105,0.6465445357354239,142.8121212121212
8.845894736842105,0.6454570202769039,146.24242424242425
8.845894736842105,0.6419585808475371,148.45454545454544
8.845894736842105,0.6448461373354383,149.0121212121212
8.845894736842105,0.6246634310131978,149.29090909090908
8.826105263157894,0.6152712575791437,149.3151515151515
8.826105263157894,0.6162826935111718,149.0181818181818
8.826105263157894,0.6022614089183579,147.12727272727273
8.826105263157894,0.5936857275345597,144.0969696969697
8.826105263157894,0.5943062340524313,140.1818181818182
8.628210526315788,0.6029664730646068,138.22424242424242
8.628210526315788,0.5964220707644411,139.64242424242425
8.628210526315788,0.5915559138004189,140.44848484848484
8.628210526315788,0.5926954180297312,140.8121212121212
8.628210526315788,0.5943429730961975,140.94545454545454
8.628210526315788,0.5911738973205815,140.38787878787878
8.608421052631577,0.5960953854307305,138.71515151515152
8.568842105263156,0.603712259898759,137.38787878787878
8.549052631578947,0.6004327873307429,135.66666666666666
8.549052631578947,0.5782680462192031,132.45454545454547
8.469894736842104,0.5752508883570094,132.5878787878788
8.450105263157894,0.568710499255499,132.44242424242424
8.450105263157894,0.5794420028008864,131.73333333333332
8.430315789473683,0.5948561580370217,130.56969696969696
8.370947368421053,0.6041269916215797,127.29090909090908
8.351157894736842,0.6011292017169311,126.13939393939393
8.271999999999998,0.5985462953598201,127.19393939393939
8.271999999999998,0.5926840559113813,127.47272727272727
8.271999999999998,0.5960746653437466,126.95151515151514
8.153263157894736,0.5980113459250681,124.83030303030304
8.153263157894736,0.5887927505977557,125.9151515151515
8.153263157894736,0.5841533262699133,126.44242424242424
8.113684210526316,0.5622066612282615,128.4181818181818
8.093894736842104,0.5360665906251699,129.6909090909091
8.014736842105261,0.5369300068766817,129.73939393939395
8.014736842105261,0.5287387985752994,130.86060606060607
8.014736842105261,0.5309538852146205,130.75757575757575
7.994947368421052,0.5306507957410406,131.1090909090909
7.994947368421052,0.5148187366833125,130.46666666666667
7.994947368421052,0.5143526689472835,127.22424242424242
7.876210526315789,0.5151356868079625,125.68484848484849
7.876210526315789,0.5135666352785617,126.36363636363637
7.876210526315789,0.5158670611664639,126.24848484848485
7.876210526315789,0.5077518922547979,124.67878787878789
7.876210526315789,0.5039837832587376,123.84848484848484
7.717894736842106,0.5049882157133176,126.41818181818181
7.717894736842106,0.5087280864597876,128.57575757575756
7.717894736842106,0.504852387297114,129.1939393939394
7.717894736842106,0.5006385752468226,129.83030303030304
7.678315789473684,0.4937495877576119,129.86666666666667
7.678315789473684,0.4980514260179965,127.18181818181819
7.678315789473684,0.49543345562794944,126.81818181818181
7.678315789473684,0.48658169550244307,124.06666666666666
7.480421052631578,0.4973531697115503,121.31515151515151
7.480421052631578,0.4962189086629208,122.89696969696969
7.480421052631578,0.49921652230807395,124.96969696969697
7.480421052631578,0.4949737717011141,125.95757575757577
7.440842105263157,0.49346109571599184,124.8909090909091
7.440842105263157,0.48805303245829545,123.52727272727273
7.440842105263157,0.47647800106326416,122.04242424242425
7.262736842105263,0.47435108040558155,118.98181818181818
7.262736842105263,0.47090729246125934,123.32121212121211
7.262736842105263,0.46708241216555035,126.30909090909091
7.262736842105263,0.4592948082617074,128.64242424242425
7.262736842105263,0.45817175899096085,128.75151515151515
7.262736842105263,0.4541335267750256,127.19999999999999
7.242947368421052,0.4555946500420543,125.55757575757576
7.2231578947368416,0.46124234664930003,123.74545454545455
7.203368421052631,0.46419717758654233,122.49090909090908
7.203368421052631,0.4642296349750628,121.23030303030303
7.203368421052631,0.46209010376201093,118.36969696969697
7.203368421052631,0.4647527335613159,116.68484848484849
7.0450526315789475,0.4830512173661083,112.63636363636364
6.965894736842105,0.47546726488741403,115.68484848484849
6.946105263157894,0.4656842976108958,120.04242424242425
6.9263157894736835,0.46623232415841553,122.93939393939394
6.9263157894736835,0.456409599663595,125.21212121212122
6.9263157894736835,0.42339569666349164,127.70303030303029
6.9263157894736835,0.41464839120175717,128.43636363636364
6.9263157894736835,0.41009261936055613,128.26666666666668
6.906526315789473,0.41063944725003887,125.61818181818182
6.886736842105263,0.4096315253105483,123.42424242424244
6.886736842105263,0.41812236830854443,120.93939393939394
6.768,0.42323895690002106,119.74545454545455
6.768,0.43744254661396925,118.68484848484849
6.768,0.4373276266179952,118.61212121212121
6.728421052631578,0.4538517795107721,115.35151515151514
6.609684210526315,0.4404098111344942,120.41818181818182
6.609684210526315,0.4173455276502644,124.92727272727274
6.589894736842105,0.40731548874542295,128.22424242424242
6.589894736842105,0.4005021808879198,129.85454545454544
6.589894736842105,0.40092771055386367,129.22424242424242
6.589894736842105,0.39851680285393754,129.0969696969697
6.589894736842105,0.4020148956457535,128.25454545454545
6.589894736842105,0.41369529207925604,124.01818181818183
6.570105263157894,0.41221961386838973,120.97575757575757
6.570105263157894,0.418430237395844,118.44848484848485
6.431578947368421,0.4120290570619294,117.83636363636363
6.372210526315789,0.3988040355732179,119.8
6.372210526315789,0.3978916844388526,120.90303030303029
6.372210526315789,0.39916256528081157,121.11515151515151
6.352421052631578,0.4067681147865743,120.03030303030303
6.352421052631578,0.4143539171620512,118.93939393939394
6.293052631578947,0.40993195707686236,117.45454545454545
6.213894736842105,0.39685079429059894,117.43030303030304
6.213894736842105,0.38143126427514107,123.16363636363636
6.174315789473684,0.3748289891461073,126.93939393939394
6.174315789473684,0.3755134750317468,128.5818181818182
6.174315789473684,0.37255922212016224,129.0787878787879
6.174315789473684,0.36365974805355117,128.3212121212121
6.174315789473684,0.3631678692111814,126.73939393939395
6.174315789473684,0.3667188821364595,123.97575757575757
6.134736842105263,0.38213408239919516,119.2969696969697
6.015999999999999,0.38294916724717576,119.44242424242424
6.015999999999999,0.3924636143656454,120.66666666666667
5.976421052631578,0.3966572252132017,122.4
5.976421052631578,0.38784309203577744,123.15757575757576
5.897263157894736,0.37474811421804033,123.9878787878788
5.897263157894736,0.3699646082863691,124.73939393939395
5.897263157894736,0.3636309607745982,125.38181818181818
5.857684210526315,0.35966667339800057,126.45454545454547
5.857684210526315,0.3630765717691749,126.92727272727274
5.837894736842105,0.3646021002731069,126.07272727272726
5.837894736842105,0.364060849614898,124.54545454545453
5.837894736842105,0.3715099061416349,121.7030303030303
5.7389473684210515,0.38328184821744476,119.69090909090909
5.7389473684210515,0.37851928393024553,121.7939393939394
5.7389473684210515,0.38093678112427065,122.07878787878788
5.65978947368421,0.3739902680218162,123.95151515151514
5.65978947368421,0.3567794508744949,127.07878787878789
5.620210526315789,0.33402138800292996,125.78787878787878
5.620210526315789,0.33537345407660624,125.0848484848485
5.600421052631578,0.36193022835428584,119.76969696969697
5.501473684210525,0.36924567176601325,121.02424242424243
5.501473684210525,0.3605644776024908,130.5151515151515
5.501473684210525,0.35404264973980365,131.93939393939394
5.481684210526315,0.3335527713266604,133.4121212121212
5.422315789473684,0.32544215684663497,133.66666666666666
5.422315789473684,0.3209327290769606,135.6787878787879
5.422315789473684,0.3211441241581091,135.5090909090909
5.402526315789474,0.32022507325525024,133.07272727272726
5.402526315789474,0.3265030933609065,131.87272727272727
5.343157894736842,0.3343381504428111,130.28484848484848
5.323368421052631,0.3347858840557415,130.01818181818183
5.263999999999999,0.3319095367130087,129.07272727272726
5.224421052631579,0.33026377764117054,129.56363636363636
5.224421052631579,0.32396296855572343,134.26060606060605
5.204631578947367,0.31391596061059207,136.38787878787878
5.184842105263158,0.3115463873413712,137.0787878787879
5.145263157894736,0.3101606143324765,135.56969696969696
5.125473684210526,0.3044525654478828,137.65454545454546
5.105684210526316,0.3105261004906082,137.52727272727273
5.105684210526316,0.3131016208535819,137.3090909090909
5.105684210526316,0.32991020102925916,128.7030303030303
4.986947368421052,0.3330650863306032,127.8909090909091
4.986947368421052,0.32603597481425395,130.3030303030303
4.967157894736841,0.31252049391314246,136.4848484848485
4.947368421052631,0.30347496561478343,138.4909090909091
4.9275789473684215,0.28932366764221984,138.98181818181817
4.90778947368421,0.2871958647704623,140.94545454545454
4.888,0.290667422586451,142.64848484848486
4.8682105263157895,0.30278466932300935,140.57575757575756
4.8682105263157895,0.31643762438972883,129.36363636363637
4.749473684210526,0.3221568486135047,123.81818181818181
4.729684210526315,0.30463680752951044,134.1757575757576
4.709894736842105,0.291561706578922,140.02424242424243
4.709894736842105,0.28095852163451673,143.8
4.709894736842105,0.27196886954227645,144.9030303030303
4.709894736842105,0.28831736721959317,138.1818181818182
4.709894736842105,0.29795374724142104,133.12727272727273
4.5713684210526315,0.31294444843196234,124.55757575757576
4.551578947368421,0.3020994646496755,135.0909090909091
4.53178947368421,0.29386449979990953,140.1939393939394
4.53178947368421,0.2832821820377546,143.84242424242424
4.53178947368421,0.2773644761385252,144.4121212121212
4.512,0.27522492268212867,142.85454545454544
4.432842105263157,0.27596768490902124,140.3212121212121
4.413052631578947,0.2737224290850662,146.5151515151515
4.413052631578947,0.2729112899384837,148.28484848484848
4.3932631578947365,0.26476964272153125,147.54545454545453
4.3932631578947365,0.2630820912810962,144.79393939393938
4.314105263157894,0.2534135780646131,145.26666666666668
4.314105263157894,0.26479945333560134,144.55757575757576
4.294315789473684,0.2676776652919592,142.86060606060607
4.234947368421052,0.26898742706453016,136.86060606060607
4.2151578947368415,0.26260601953986784,137.1878787878788
4.195368421052631,0.2554845786318166,138.04848484848486
4.175578947368421,0.25590405664510923,137.74545454545455
4.11621052631579,0.2646643872812703,135.8121212121212
4.0964210526315785,0.26178652753853177,136.26060606060605
4.0370526315789474,0.237070106724242,146.46060606060607
4.0370526315789474,0.22560945380147876,153.02424242424243
4.017263157894736,0.2195673660303324,153.75151515151515
4.017263157894736,0.22979981411665348,146.38181818181818
3.997473684210526,0.24997581028854252,137.5151515151515
3.9183157894736835,0.243263608789058,138.27878787878788
3.898526315789473,0.23571600585846458,142.8181818181818
3.8787368421052624,0.22306400077493663,147.55757575757576
3.858947368421053,0.2140696014528142,149.27878787878788
3.839157894736842,0.21618594057658214,147.6060606060606
3.8193684210526317,0.224122198879552,143.22424242424242
3.799578947368421,0.2286331165479077,139.0909090909091
3.740210526315789,0.2266843358722753,137.1757575757576
3.7204210526315786,0.22378759960002,139.4909090909091
3.700631578947368,0.22126795818882988,143.93333333333334
3.6808421052631575,0.22207071536396444,142.15151515151516
3.6412631578947368,0.2163013692460096,141.2
3.6016842105263156,0.2111970577934715,141.3151515151515
3.6016842105263156,0.21489397962070847,140.1818181818182
3.581894736842105,0.23716670627394823,134.13333333333333
3.5225263157894737,0.2520090204934957,125.16969696969696
3.4829473684210526,0.2399262656533426,133.11515151515152
3.4433684210526314,0.21363366032451553,139.86666666666667
3.4433684210526314,0.19436186611789238,146.83636363636364
3.4235789473684206,0.19014963795108294,146.38181818181818
3.4037894736842103,0.20491323829498276,140.9151515151515
3.364210526315789,0.23038004769587275,131.01818181818183
3.324631578947368,0.23270166621859723,127.82424242424241
3.3048421052631576,0.2306171846539217,126.12727272727273
3.285052631578947,0.21937426100078175,130.21818181818182
3.265263157894737,0.21442411917837326,133.38181818181818
3.245473684210526,0.20300240560458832,141.77575757575758
3.2256842105263157,0.2065082923317947,140.93333333333334
3.205894736842105,0.21616488259439604,131.22424242424242
3.1663157894736838,0.20629551911267313,126.9151515151515
3.1465263157894734,0.2136499470151888,126.5090909090909
3.126736842105263,0.23319071065177369,120.30909090909091
3.087157894736842,0.2262713705614879,119.88484848484849
3.0673684210526315,0.21834471182647583,126.04848484848486
3.0475789473684207,0.21912655773611742,126.6060606060606
3.0277894736842104,0.24333656102845336,119.63030303030303
2.988210526315789,0.2545081164717098,113.42424242424242
2.968421052631579,0.24443553776966664,115.35151515151514
2.9288421052631577,0.22447113909750466,122.44848484848485
2.909052631578947,0.21548295724327154,125.24242424242425
2.8892631578947365,0.201521820244135,131.6787878787879
2.8892631578947365,0.2071447052516432,129.76969696969698
2.8694736842105257,0.2247845192817997,122.6
2.829894736842105,0.26695358275546943,110.2909090909091
2.8101052631578947,0.2861653931277366,106.2060606060606
2.7507368421052627,0.2892186568403183,108.81818181818181
2.730947368421053,0.28861678156352666,108.95757575757575
2.730947368421053,0.3044269194660744,105.63636363636364
2.6913684210526316,0.29986116997457796,102.24242424242425
2.6517894736842105,0.2939146425900505,103.5939393939394
2.6319999999999997,0.3012217740208968,102.38787878787879
2.592421052631579,0.30741055277371804,100.18787878787879
2.592421052631579,0.31822847212370553,99.61818181818182
2.533052631578947,0.34799752581324883,87.5878787878788
2.5132631578947366,0.35900914959031704,87.48484848484848
2.493473684210526,0.367335398145897,87.4060606060606
2.4341052631578948,0.36612820963935955,88.72727272727273
2.4341052631578948,0.36119665398679074,91.95757575757575
2.4341052631578948,0.36856290999793584,91.64848484848486
2.414315789473684,0.39689993844733384,82.83636363636364
2.3351578947368417,0.39232868038111457,81.33333333333333
2.295578947368421,0.39332611126661693,80.98181818181818
2.256,0.41018775132914254,80.10303030303031
2.1966315789473683,0.4153924579341156,83.21818181818182
2.1966315789473683,0.41213553099226247,86.25454545454545
2.176842105263158,0.41144595881751894,85.36363636363636
2.176842105263158,0.4220634605381376,81.83030303030303
2.0976842105263156,0.43641121837235636,79.43030303030304
2.0185263157894737,0.46115960236136433,77.4
2.0185263157894737,0.4503310315969977,81.2060606060606
1.998736842105263,0.43841091543487304,83.61212121212121
1.919578947368421,0.42193905033575074,87.95151515151515
1.919578947368421,0.4120432477857277,92.21818181818182
1.919578947368421,0.4257986579197388,92.51515151515152
1.8997894736842105,0.4354330123047982,89.56363636363636
1.8997894736842105,0.44818469046755055,84.38787878787879
1.8008421052631578,0.44696435815263025,85.55757575757576
1.7810526315789472,0.4241672488735344,88.21212121212122
1.919578947368421,0.44786221851647645,85.4060606060606
1.919578947368421,0.4641072355234412,83.92727272727272
1.8997894736842105,0.4865451645321853,80.2060606060606
1.8602105263157893,0.5173711162730704,72.24848484848485
1.8008421052631578,0.49984533211747656,77.41818181818182
1.7810526315789472,0.48992954873388256,80.5939393939394
1.7612631578947369,0.4847453905424422,80.62424242424242
1.7414736842105263,0.49022267970405964,80.89696969696969
1.7216842105263157,0.5028105231538873,79.95757575757575
1.7018947368421051,0.5258453579707787,77.06060606060606
1.6821052631578945,0.5476987651634061,74.72121212121212
1.662315789473684,0.5487998173802628,73.46666666666667
1.3456842105263158,0.5370652928829439,76.23636363636363
1.3258947368421052,0.5291180605008619,78.85454545454546
1.3061052631578947,0.5222066996691692,79.6
1.5039999999999998,0.5227784449256458,78.7939393939394
1.5039999999999998,0.5252470634026277,80.24848484848485
1.5039999999999998,0.5581226419899474,78.6969696969697
1.4842105263157894,0.5728586424871254,73.94545454545455
1.4842105263157894,0.5806169799314985,71.38787878787879
1.088421052631579,0.5848034423846927,70.78181818181818
1.088421052631579,0.578768308789012,73.30909090909091
1.3258947368421052,0.6053081118359477,73.30909090909091
1.3061052631578947,0.6059466117685011,72.56363636363636
1.286315789473684,0.6029095009247558,72.11515151515151
1.286315789473684,0.6020488194121585,71.46060606060605
1.286315789473684,0.6108898176106397,70.04848484848485
1.2665263157894735,0.614124697167849,70.16969696969697
1.2665263157894735,0.6465959057240546,68.83030303030303
1.128,0.6594287412616484,67.0969696969697
1.1082105263157893,0.6649935103096755,68.10909090909091
0.7322105263157894,0.6624954697948089,73.31515151515151
0.712421052631579,0.6545400040642145,75.68484848484849
0.712421052631579,0.6609677357028936,76.43030303030304
0.6728421052631579,0.6749221081533051,71.0060606060606
0.6332631578947368,0.6793430509830316,70.69090909090909
0.5936842105263157,0.6849694372012819,73.30909090909091
0.5541052631578947,0.6794062552831783,72.22424242424242
0.5145263157894737,0.2109209957808983,69.67272727272727
0.9498947368421052,0.3010389247454919,59.44848484848485
0.9498947368421052,0.3423032539331522,57.987878787878785
0.9301052631578947,0.359725423606864,55.93333333333333
0.7519999999999999,0.3596731814291827,57.484848484848484
0.7519999999999999,0.34088139067560896,58.806060606060605
0.7519999999999999,0.32525181852846613,59.345454545454544
0.7717894736842105,0.303031995439051,58.442424242424245
0.7717894736842105,0.27659547992410694,57.515151515151516
0.7519999999999999,0.24764412952997092,55.515151515151516
0.6530526315789473,0.24462508689386853,54.872727272727275
0.6926315789473684,0.19881589099413224,57.42424242424242
0.6728421052631579,0.19491402673154842,58.557575757575755
0.6728421052631579,0.1915904531674144,59.45454545454545
0.6728421052631579,0.18888035909896997,59.56969696969696
0.6728421052631579,0.18899053719244457,60.03636363636363
0.6728421052631579,0.1862967585140761,60.39393939393939
0.6728421052631579,0.18707157571422922,60.460606060606054
0.6728421052631579,0.18844637989205817,60.2969696969697
0.6728421052631579,0.18738794148341317,60.872727272727275
0.6530526315789473,0.18382517391566963,61.539393939393946
0.6530526315789473,0.18482265902328304,61.67272727272727
0.6530526315789473,0.18278413059390444,61.47272727272727
0.6530526315789473,0.18233723964299453,61.47272727272727
0.6530526315789473,0.1806215921754946,61.81212121212121
0.6530526315789473,0.18027517810205249,62.06060606060606
0.6530526315789473,0.180709953360605,61.80606060606061
0.6530526315789473,0.1794523796535765,62.21818181818182
0.6530526315789473,0.17877614849360335,61.95151515151515
0.6530526315789473,0.17833366578349338,62.03636363636363
0.6530526315789473,0.17688890883865946,62.04848484848485
0.6530526315789473,0.1758424790942462,62.38787878787879
0.6530526315789473,0.174314654361259,62.32121212121213
0.6530526315789473,0.17406427081110037,62.272727272727266
0.6530526315789473,0.17424160135561362,62.19393939393939
0.6530526315789473,0.17292543566469645,62.509090909090915
0.6530526315789473,0.17282134534917523,62.46666666666667
0.6530526315789473,0.17258427169772136,62.41818181818182
0.6530526315789473,0.17259512332232443,62.24242424242425
0.6530526315789473,0.17262054188806517,62.2
