6.986322580645161,0.14960824372759832,8.879154078549849
6.986322580645161,0.16997772584869403,9.05438066465257
6.92163440860215,0.23265321278153386,9.993957703927492
6.92163440860215,0.25988970586952304,10.250755287009063
6.8731182795698915,0.3099184313069184,11.32930513595166
6.8731182795698915,0.366425854363148,11.927492447129907
6.8731182795698915,0.3973611587840866,12.36858006042296
6.6790537634408595,0.3889828996689373,14.906344410876132
6.662881720430107,0.38249126152505913,15.613293051359516
6.6305376344086016,0.3944759687802311,16.72205438066465
6.598193548387097,0.38217311590467473,18.28700906344411
6.598193548387097,0.38390797032012525,19.731117824773413
6.549677419354838,0.378654742441119,20.241691842900302
6.484989247311828,0.3672223307517093,21.498489425981873
6.468817204301075,0.3464380775788074,22.98489425981873
6.452645161290322,0.34807911981997036,25.129909365558913
6.452645161290322,0.350257920614484,25.990936555891235
6.387956989247312,0.3569364460811863,26.604229607250755
6.371784946236558,0.3467973449946928,27.09365558912387
6.371784946236558,0.35573154378302835,27.55891238670695
6.371784946236558,0.37611332681655296,26.368580060422964
6.242408602150537,0.3851566666620236,27.090634441087612
6.242408602150537,0.39254990179433463,28.296072507552868
6.242408602150537,0.3810535127810538,28.806646525679756
6.242408602150537,0.3765410634950486,28.643504531722055
6.145376344086022,0.37262886443730814,30.59818731117825
6.145376344086022,0.34527841215822114,31.63746223564955
6.145376344086022,0.3491083892999922,31.915407854984892
6.129204301075268,0.36780331166483204,31.383685800604226
6.08068817204301,0.3598634373706637,31.253776435045317
6.016,0.3574848850658176,32.14199395770393
6.016,0.3540812815677725,33.15407854984895
5.951311827956989,0.3483788618213638,33.422960725075534
5.935139784946236,0.3362375074716134,34.90030211480362
5.935139784946236,0.33818352374060606,36.18429003021148
5.935139784946236,0.34127109869877076,36.16918429003021
5.935139784946236,0.34750181965263033,35.3655589123867
5.83810752688172,0.3393609622293599,36.3655589123867
5.83810752688172,0.34890802514007746,36.75226586102719
5.773419354838709,0.3441708552184075,37.32326283987915
5.773419354838709,0.34341273468270156,38.259818731117825
5.676387096774193,0.3427916710060045,38.37764350453172
5.676387096774193,0.3371462716062172,40.86404833836858
5.676387096774193,0.334530239482583,41.63444108761329
5.660215053763441,0.3395567053890929,42.03323262839879
5.563182795698924,0.3152302195700559,44.996978851963746
5.563182795698924,0.2975104551253842,46.47432024169184
5.563182795698924,0.2851521693645939,47.368580060422964
5.563182795698924,0.32659716898668667,46.63444108761329
5.563182795698924,0.3431632246227746,45.44712990936556
5.547010752688172,0.3614066554977576,43.30513595166163
5.514666666666666,0.3733640710403199,41.88821752265861
5.385290322580645,0.337060968553743,44.92145015105741
5.385290322580645,0.35115799898341327,47.86706948640484
5.304430107526881,0.33506887364810173,49.48640483383686
5.288258064516129,0.3201275052490934,51.933534743202415
5.288258064516129,0.32173841900176686,52.468277945619334
5.288258064516129,0.33175461992274974,53.16616314199396
5.288258064516129,0.3554073785366464,51.96978851963746
5.158881720430108,0.36490156698155507,52.196374622356494
5.094193548387096,0.3497620289557144,59.903323262839876
5.078021505376344,0.33647969906085917,66.68277945619336
5.078021505376344,0.3266325170690391,70.96978851963746
5.045677419354838,0.31561624695613166,73.15407854984893
5.029505376344086,0.3314743251685927,74.06042296072508
5.029505376344086,0.3393114011577778,75.18429003021147
5.013333333333333,0.34741011831229945,74.83081570996978
5.013333333333333,0.35870985829246,74.8489425981873
4.867784946236559,0.3529391415529081,78.82175226586102
4.867784946236559,0.34668650003590845,82.0392749244713
4.867784946236559,0.3495397733914859,83.43202416918429
4.786924731182796,0.3608775598178359,88.63444108761328
4.786924731182796,0.33812594217341324,90.02719033232628
4.786924731182796,0.32604335241856913,90.61631419939577
4.706064516129032,0.33871321338335203,88.89728096676737
4.689892473118279,0.3477616664702834,90.31117824773413
4.689892473118279,0.36071912791172317,91.12688821752266
4.641376344086021,0.36522144189461103,89.72809667673717
4.560516129032258,0.3603457798907012,95.58006042296073
4.560516129032258,0.3578962354813637,99.33232628398791
4.544344086021505,0.3567416985432352,100.82175226586102
4.479655913978495,0.3444411774708395,106.90030211480362
4.479655913978495,0.337450778639783,112.03625377643505
4.479655913978495,0.3376809473558278,113.57099697885197
4.479655913978495,0.3544425555334066,112.97280966767372
4.382623655913978,0.35510798811656413,110.76737160120847
4.350279569892473,0.3452231610626605,112.37462235649546
4.285591397849463,0.3387319924211112,125.55891238670695
4.26941935483871,0.33628178936832737,131.56797583081573
4.26941935483871,0.3349084028166489,133.77341389728096
4.26941935483871,0.31882953867458974,133.9214501510574
4.26941935483871,0.3352431315071491,130.3202416918429
4.188559139784946,0.334397580810814,129.09365558912387
4.188559139784946,0.3470440147789509,127.33534743202418
4.09152688172043,0.3447254757382997,127.18429003021147
4.075354838709678,0.34294928557467086,130.67975830815712
4.075354838709678,0.3468270124491899,133.27794561933536
4.02683870967742,0.3452799214117863,135.1510574018127
3.9944946236559136,0.342276010813934,134.96374622356495
3.929806451612903,0.329630797769504,139.17220543806647
3.91363440860215,0.3206969917923983,146.87009063444108
3.897462365591398,0.3201438462650247,149.39577039274926
3.897462365591398,0.33038213895451074,143.36858006042297
3.8004301075268816,0.32936852988606624,151.9033232628399
3.8004301075268816,0.32779887391192797,158.0453172205438
3.7842580645161283,0.3182234386527871,160.96374622356495
3.719569892473118,0.32615240078241875,156.5619335347432
3.7033978494623656,0.3246809969302556,160.67371601208458
3.6872258064516124,0.3146458163883606,167.3867069486405
3.67105376344086,0.3076738217702625,169.09969788519638
3.606365591397849,0.31015695985431685,170.1631419939577
3.5901935483870964,0.3092598162649438,170.3595166163142
3.5255053763440856,0.30934700223230355,173.72809667673715
3.509333333333333,0.3043213733795145,179.392749244713
3.509333333333333,0.29570793964368214,180.68882175226585
3.4931612903225804,0.3024726581672674,174.52567975830814
3.4123010752688168,0.30390625325983384,179.89425981873111
3.4123010752688168,0.303706519389459,190.49244712990938
3.3961290322580644,0.2832982501946287,195.23867069486406
3.3961290322580644,0.2808027419257704,190.28700906344412
3.3961290322580644,0.29094876301516215,181.02416918429003
3.2829247311827956,0.28588631255526364,189.1631419939577
3.266752688172043,0.2787480167510937,194.5226586102719
3.266752688172043,0.28096443128840176,191.33836858006043
3.266752688172043,0.2929769003222238,181.7190332326284
3.153548387096774,0.277741178175508,197.8489425981873
3.1212043010752684,0.2639345527041438,215.90332326283988
3.1212043010752684,0.2546502767263292,217.14199395770393
3.105032258064516,0.2517387492653634,213.06042296072508
3.0565161290322576,0.27139436591176425,202.25075528700907
3.0241720430107524,0.25924828273047434,213.3081570996979
3.0241720430107524,0.26381214063730524,215.6858006042296
2.959483870967742,0.26082707013005485,212.4652567975831
2.943311827956989,0.2566962482007307,212.5619335347432
2.9271397849462364,0.2519918638802472,214.52567975830814
2.9109677419354836,0.25173819181949464,213.85498489425981
2.8301075268817204,0.2534688057800407,209.6404833836858
2.8139354838709676,0.2536976252657676,212.47432024169186
2.8139354838709676,0.25705530583902725,214.40785498489427
2.7654193548387096,0.2434995935287843,218.33836858006043
2.7330752688172044,0.243955650745852,224.25377643504532
2.716903225806451,0.2396250319341549,223.79456193353474
2.6683870967741936,0.23762249151479992,221.59214501510573
2.6683870967741936,0.23538034047978443,223.9607250755287
2.619870967741935,0.2318659882079844,230.66465256797582
2.603698924731183,0.2313250390761283,231.59214501510573
2.603698924731183,0.2232655996665201,229.12688821752266
2.5551827956989244,0.21759543829430508,227.4773413897281
2.539010752688172,0.2246280562469668,227.6465256797583
2.490494623655914,0.2278895091965765,228.48640483383687
2.458150537634409,0.2177092517183845,231.25981873111783
2.425806451612903,0.21032763447558717,233.58912386706947
2.425806451612903,0.217354987277779,232.96978851963746
2.3772903225806448,0.2199475950414612,233.10876132930514
2.3772903225806448,0.21209661350548015,234.03625377643505
2.328774193548387,0.21286170609102226,230.96978851963746
2.280258064516129,0.21301609848224698,228.61631419939576
2.280258064516129,0.21304108521255988,229.90634441087613
2.215569892473118,0.20657551295709456,235.19335347432025
2.215569892473118,0.20571945787246057,235.83987915407855
2.183225806451613,0.19530217650697254,236.06344410876133
2.16705376344086,0.2020907521194389,235.44712990936557
2.150881720430107,0.20988709825234161,232.5619335347432
2.0861935483870964,0.20651296008162906,234.59214501510573
2.070021505376344,0.19184914635464762,236.9667673716012
2.070021505376344,0.18989267712012495,236.00906344410876
2.005333333333333,0.19570767679368373,236.25679758308158
1.9891612903225806,0.19462885161251,236.49244712990938
1.9891612903225806,0.20253593507577797,236.09063444108762
1.9244731182795698,0.19503100297765202,235.7703927492447
1.8921290322580642,0.194189075956804,235.9154078549849
1.8436129032258062,0.19219779790438288,236.45619335347433
1.8274408602150536,0.19277640368914062,237.62839879154077
1.8112688172043008,0.18948027006938228,237.41691842900303
1.7465806451612902,0.18647765023238888,235.48036253776436
1.7304086021505376,0.18702576215843525,234.85196374622356
1.6980645161290322,0.1857474586024845,235.86404833836858
1.6657204301075268,0.19023752833103494,236.61027190332325
1.6657204301075268,0.19212021260730558,236.93655589123867
1.6333763440860214,0.18741258134853128,235.797583081571
1.552516129032258,0.18425842712906865,237.31117824773415
1.5363440860215054,0.18601975649216873,237.57703927492446
1.4878279569892472,0.18906018590628648,236.19939577039275
1.4393118279569892,0.19349777665211637,236.21450151057402
1.4231397849462364,0.1916275821213046,237.03021148036254
1.4231397849462364,0.1925573107210811,236.94561933534743
1.3746236559139784,0.19027579402379108,237.0060422960725
1.342279569892473,0.19320442032565874,237.25075528700907
1.3099354838709676,0.19628616623450795,237.60422960725074
1.3099354838709676,0.20385638426014296,236.59214501510573
1.245247311827957,0.20649591369731257,236.380664652568
1.2290752688172044,0.2047518767765731,235.82779456193353
1.196731182795699,0.2027975199585277,236.1510574018127
1.1643870967741936,0.2046897281008359,236.5015105740181
1.1643870967741936,0.21092563487153065,236.6918429003021
1.1158709677419354,0.2243863025501779,235.28700906344412
1.08352688172043,0.21937674948715244,236.2235649546828
1.0673548387096774,0.21575381322674547,236.3987915407855
1.035010752688172,0.2029478099605595,237.3534743202417
1.035010752688172,0.20667462520751942,237.05135951661632
0.986494623655914,0.22006228671912142,236.06646525679758
0.986494623655914,0.2332399710284411,234.41691842900303
0.9379784946236558,0.23105046380698394,233.5619335347432
0.9056344086021504,0.2376100586184993,232.98187311178248
0.8894623655913978,0.23986028412159335,230.9939577039275
0.8732903225806451,0.24213433995948452,227.8429003021148
0.8247741935483871,0.24443455547551016,221.01812688821752
0.7924301075268817,0.24920228978207856,224.90030211480362
0.776258064516129,0.25824806112754073,222.6465256797583
0.7600860215053763,0.2525338010804827,216.16012084592145
0.6630537634408601,0.2482844229174508,212.86102719033232
0.6630537634408601,0.2559676435799806,214.89728096676737
0.6630537634408601,0.27965527855687566,209.25679758308158
0.6630537634408601,0.28633931979739363,207.83987915407855
0.6630537634408601,0.28261367685272276,207.4984894259819
0.6468817204301075,0.2830019455227064,209.77945619335347
0.6307096774193548,0.28461269411486695,209.48036253776436
0.6145376344086022,0.29188849454624705,203.9939577039275
0.5821935483870968,0.28910869387180216,196.7190332326284
0.4204731182795699,0.1315734262138869,208.71601208459214
0.4204731182795699,0.1253077678613939,211.190332326284
0.4204731182795699,0.12401102143128022,211.5226586102719
0.4204731182795699,0.12349162079062323,212.10574018126889
0.4204731182795699,0.12340778324343392,212.14501510574019
0.4204731182795699,0.12282414436604489,212.40483383685802
0.4204731182795699,0.1221346753653295,212.41691842900303
0.4204731182795699,0.12164082922444062,212.6586102719033
0.4204731182795699,0.12125921295990615,212.62537764350452
0.4204731182795699,0.12114386165680817,212.5740181268882
0.4204731182795699,0.12098131321111104,212.4380664652568
0.4204731182795699,0.12089949300003135,212.58912386706947
0.4204731182795699,0.12100656365335212,212.54984894259817
0.4204731182795699,0.12122255303983907,212.40785498489427
0.4204731182795699,0.12087725654178509,212.29305135951662
0.4204731182795699,0.12086505792324938,212.47432024169186
0.4204731182795699,0.12081773879135024,212.4592145015106
0.4204731182795699,0.12051805281980296,212.5347432024169
0.4204731182795699,0.12042683353983534,212.38368580060424
0.4204731182795699,0.12001653546847887,212.63746223564954
0.4204731182795699,0.12014003508394512,212.66767371601208
0.4204731182795699,0.1200580941587866,212.76737160120845
0.4204731182795699,0.11975999856274819,212.62537764350452
0.4204731182795699,0.11981321792514842,212.78247734138972
0.4204731182795699,0.11968103654548065,212.6404833836858
0.4204731182795699,0.11969708625155658,212.66465256797582
0.4204731182795699,0.11971655422322114,212.64954682779455
0.4204731182795699,0.11968663748340441,212.7371601208459
0.4204731182795699,0.11981466939912454,212.7311178247734
