19.727167235494882,0.4812368118897287,16.83794466403162
19.374266211604095,0.5130562652496827,15.146245059288537
19.374266211604095,0.49676249771289804,15.316205533596838
19.374266211604095,0.3929897832511619,14.34387351778656
19.162525597269624,0.43596354899324147,15.019762845849803
19.162525597269624,0.3998262856505798,15.26086956521739
19.162525597269624,0.4083729140502475,17.632411067193676
19.162525597269624,0.24820849515198987,19.296442687747035
19.162525597269624,0.2455825774728246,21.130434782608695
19.162525597269624,0.5848283929773074,20.454545454545453
19.162525597269624,0.6067710278529136,19.50197628458498
19.162525597269624,0.6771031449420994,18.470355731225297
18.73904436860068,0.738265660566787,20.446640316205535
18.73904436860068,0.8815215450601469,21.66798418972332
18.73904436860068,0.8910699921161,22.233201581027668
18.73904436860068,0.9046986879983213,23.16205533596838
18.73904436860068,0.9102428666678337,23.138339920948617
18.73904436860068,0.9431112718859046,23.454545454545453
18.421433447098977,0.9298663961031467,26.1897233201581
18.421433447098977,1.2729124022168694,28.490118577075098
18.139112627986346,1.231311226007797,30.8102766798419
18.10382252559727,1.05690603669926,36.683794466403164
18.10382252559727,0.9237444505186202,40.24505928853755
18.10382252559727,0.9058118805185558,43.19367588932806
18.10382252559727,0.8919495328060216,46.130434782608695
18.10382252559727,0.9032133799684272,48.5098814229249
17.85679180887372,0.9060242449414901,52.8102766798419
17.85679180887372,1.0059359661953515,56.569169960474305
17.85679180887372,0.9859496726208623,59.11067193675889
17.85679180887372,0.9875772654988099,62.351778656126484
17.715631399317406,0.999209895764507,65.71146245059289
17.715631399317406,1.6942054453522963,71.08695652173913
17.715631399317406,1.7317210241147831,72.72727272727273
17.715631399317406,1.7803403354265552,73.63636363636364
17.715631399317406,1.8197935795237734,74.97233201581028
17.715631399317406,1.8389986182073474,74.90118577075098
17.43331058020478,1.7841005552674327,74.92885375494072
17.43331058020478,1.7390567141357016,78.8695652173913
17.43331058020478,1.7399946860405209,80.50592885375494
17.43331058020478,1.7297120359070073,81.86561264822134
17.150989761092152,1.743924456289547,83.82608695652173
17.115699658703072,1.6514901417209225,88.3794466403162
17.115699658703072,1.6195010505103253,93.76284584980237
17.115699658703072,1.7011802877358202,95.6798418972332
17.115699658703072,1.7078497926512097,98.7707509881423
16.97453924914676,1.6657369882831017,100.97233201581028
16.97453924914676,1.5531163852101653,105.88142292490119
16.97453924914676,1.5671810101919856,108.0909090909091
16.97453924914676,1.5795883359140015,111.00790513833992
16.727508532423208,1.6494205934643347,114.54545454545455
16.727508532423208,1.6279981254831986,118.4703557312253
16.727508532423208,1.5710412191240506,122.06719367588933
16.727508532423208,1.511286542135072,125.02371541501977
16.727508532423208,1.4554365629042316,127.35177865612648
16.727508532423208,1.4558842982692137,128.7193675889328
16.515767918088738,1.4462095071789822,131.94466403162056
16.515767918088738,1.4318059216130985,134.4584980237154
16.480477815699658,1.404352047209264,137.82608695652175
16.44518771331058,1.3813168223683556,139.6403162055336
16.44518771331058,1.3495517553672283,140.6600790513834
16.44518771331058,1.526438957755772,141.83399209486166
16.304027303754268,1.504571348178165,143.75494071146244
16.304027303754268,1.4717062073058909,145.05533596837944
16.304027303754268,1.4131777697852563,145.82213438735178
16.26873720136519,1.4008840009254093,146.16205533596838
16.26873720136519,1.3703933244463948,146.42687747035572
16.26873720136519,1.3618660534433462,146.07905138339922
16.23344709897611,1.3576235206476654,145.10276679841897
16.162866894197954,1.3809266405244578,144.1699604743083
16.162866894197954,1.5135583264826649,143.17391304347825
16.162866894197954,1.4824094371589052,141.91304347826087
15.809965870307169,1.4258650078518598,142.92094861660078
15.809965870307169,1.4141755196461518,145.01185770750988
15.809965870307169,1.430255995557774,147.1581027667984
15.809965870307169,1.4423867789351805,148.4189723320158
15.809965870307169,1.4549023081283423,147.98418972332016
15.809965870307169,1.557980933050758,148.29644268774703
15.809965870307169,1.5575543972999026,147.68774703557312
15.809965870307169,1.551330904502124,147.300395256917
15.562935153583616,1.539750438039849,147.95256916996047
15.562935153583616,1.5073226219717064,148.8695652173913
15.562935153583616,1.4881522254026898,149.34387351778656
15.562935153583616,1.482838724272405,148.8300395256917
15.562935153583616,1.5782548614064171,148.18577075098815
15.31590443686007,1.549722141395605,149.09486166007906
15.31590443686007,1.4265071212221212,150.24505928853756
15.31590443686007,1.4378530338278595,150.59288537549406
15.31590443686007,1.4262748164935473,150.61660079051384
14.998293515358363,1.4113673575443215,151.48616600790513
14.998293515358363,1.4572763028309899,155.70355731225297
14.998293515358363,1.4502963067748984,156.83794466403162
14.998293515358363,1.4887313762053107,158.0079051383399
14.998293515358363,1.4478357127792425,158.699604743083
14.998293515358363,1.4350823689217909,158.50197628458497
14.998293515358363,1.421571037262241,157.22134387351778
14.998293515358363,1.4287286193102628,156.0079051383399
14.751262798634814,1.4359897929592773,154.7391304347826
14.751262798634814,1.367591599531814,155.77470355731225
14.751262798634814,1.3641639918408857,154.4189723320158
14.751262798634814,1.4233090960106152,153.47826086956522
14.751262798634814,1.477813993867815,153.08300395256916
14.539522184300342,1.4896686019638352,150.6798418972332
14.539522184300342,1.4426087987585803,151.14229249011856
14.539522184300342,1.436917191829738,150.56521739130434
14.504232081911262,1.4368340532308745,150.20158102766797
14.327781569965872,1.4398799683995722,150.25691699604744
14.327781569965872,1.443715475188543,150.27272727272728
14.327781569965872,1.4882531948069775,149.24505928853756
14.327781569965872,1.5148502057508748,148.2687747035573
13.904300341296928,1.4102007991003975,151.3675889328063
13.904300341296928,1.39729731229482,154.87351778656125
13.869010238907851,1.3986567785545194,160.5177865612648
13.869010238907851,1.3997722194520457,162.6679841897233
13.869010238907851,1.3777141449662462,164.68774703557312
13.869010238907851,1.3744479913188392,165.53754940711462
13.869010238907851,1.3653976534883188,165.58498023715416
13.869010238907851,1.3473898280093557,164.12252964426878
13.869010238907851,1.3301479586995433,162.6086956521739
13.869010238907851,1.3502689293795689,159.64822134387353
13.869010238907851,1.3064968244954533,157.47826086956522
13.551399317406144,1.3201082223700182,155.67588932806325
13.516109215017066,1.3149754298714447,156.7826086956522
13.339658703071672,1.3219581058193577,158.57707509881422
13.339658703071672,1.2964308178886286,160.6403162055336
13.339658703071672,1.2993225649666016,161.07905138339922
13.339658703071672,1.325249510434489,162.42292490118578
13.339658703071672,1.3425833289936138,161.94466403162056
13.339658703071672,1.3582083003478573,160.62845849802372
13.233788395904437,1.4183053117389077,158.83399209486166
13.127918088737202,1.3381843372769116,158.41501976284584
13.022047781569967,1.2822491297393503,157.85770750988144
13.022047781569967,1.3194759364282378,156.83399209486166
13.022047781569967,1.3207673905372388,156.399209486166
12.775017064846416,1.3164141907839475,157.901185770751
12.775017064846416,1.2889706112569064,158.87747035573122
12.775017064846416,1.2888875672506093,160.2173913043478
12.775017064846416,1.3203097282437224,160.1897233201581
12.633856655290103,1.32476762222085,158.37549407114625
12.633856655290103,1.271336169054753,159.1185770750988
12.633856655290103,1.235602832547818,158.4189723320158
12.633856655290103,1.2631514617139816,157.29644268774703
12.422116040955633,1.24380453377611,157.74703557312253
12.386825938566554,1.207325744518131,158.94466403162056
12.351535836177474,1.2021488476362894,158.9802371541502
12.351535836177474,1.1620668621122738,158.52173913043478
12.316245733788396,1.1911818869049273,156.72332015810278
12.069215017064847,1.211988879988856,156.7312252964427
12.069215017064847,1.2379314004635469,157.19762845849803
12.069215017064847,1.2221691735218452,158.61660079051384
12.069215017064847,1.2276679941609736,158.3675889328063
12.069215017064847,1.2015021905216996,158.31620553359684
12.069215017064847,1.2362428100169096,156.57707509881422
11.822184300341299,1.214308384572211,156.50197628458497
11.822184300341299,1.2061939466349854,156.92885375494072
11.786894197952218,1.2313815200703921,155.44664031620553
11.575153583617746,1.2346829389510106,154.4584980237154
11.469283276450513,1.1959655759136165,157.6916996047431
11.433993174061433,1.185426465992258,159.50592885375494
11.433993174061433,1.1835612006275493,162.81422924901185
11.433993174061433,1.1936415893700063,163.86561264822134
11.433993174061433,1.1694889788780085,164.75494071146244
11.433993174061433,1.1489688395041933,164.1185770750988
11.433993174061433,1.1889889822459179,161.35177865612647
11.433993174061433,1.2199650389961338,157.07905138339922
11.08109215017065,1.1923087966809385,156.6798418972332
11.08109215017065,1.133336873569516,159.0592885375494
11.08109215017065,1.116139100902162,159.8893280632411
11.08109215017065,1.1324719715304388,160.26482213438734
10.904641638225257,1.1292714336929914,159.58498023715416
10.869351535836177,1.1333508589057464,161.43478260869566
10.869351535836177,1.1687386384604097,162.5494071146245
10.869351535836177,1.179401073214749,162.90513833992094
10.798771331058022,1.0957961486892844,163.22529644268775
10.798771331058022,1.1160817211640028,163.2411067193676
10.657610921501707,1.095782769920249,163.38339920948616
10.58703071672355,1.0851409939379801,165.5494071146245
10.58703071672355,1.0858495242449449,166.92885375494072
10.58703071672355,1.0856123997098248,166.85375494071147
10.58703071672355,1.036694808170056,166.95256916996047
10.516450511945393,1.0396025807028457,166.55731225296444
10.340000000000002,1.0524870042589787,167.64426877470356
10.304709897610921,1.0600912116511942,170.901185770751
10.304709897610921,1.0491466551566297,172.57707509881422
10.304709897610921,0.9915585840341328,173.52964426877472
10.304709897610921,1.0459013534644324,172.70750988142294
10.304709897610921,1.0501778335561107,171.2687747035573
10.163549488054608,1.0422252313839788,171.4505928853755
9.987098976109214,1.032074107268342,171.99604743083003
9.951808873720136,1.0207153271140335,174.87747035573122
9.951808873720136,1.0057805202830803,176.6324110671937
9.951808873720136,0.9931207864637499,176.8695652173913
9.951808873720136,0.9916649896954068,176.08695652173913
9.810648464163823,1.0126451070142333,176.3083003952569
9.810648464163823,1.0303291998812953,176.29249011857706
9.810648464163823,1.0022417774830736,175.29249011857706
9.810648464163823,0.9859340184720137,173.6324110671937
9.598907849829352,0.9775324328869163,175.20158102766797
9.598907849829352,0.9822782613298259,176.1106719367589
9.598907849829352,0.9784844186173342,177.36363636363637
9.563617747440274,0.9717848448213888,176.79841897233203
9.563617747440274,0.9657285462842912,176.38339920948616
9.38716723549488,0.9333229827807585,178.8102766798419
9.38716723549488,0.951411392104667,180.4308300395257
9.38716723549488,0.9685058502902827,180.1897233201581
9.351877133105802,0.9658916396629715,179.56521739130434
9.351877133105802,0.9607780580130053,179.22924901185772
9.351877133105802,0.9661070532594747,177.28458498023716
9.17542662116041,0.9442366240893714,178.57312252964428
9.17542662116041,0.9507206990279902,179.08695652173913
9.17542662116041,0.9528074839648988,178.6086956521739
9.17542662116041,0.9500869146786879,176.85770750988144
9.17542662116041,0.9419339997987803,174.71146245059288
8.998976109215018,0.9415425103231683,174.68379446640316
8.822525597269625,0.9459490932825527,176.01185770750988
8.822525597269625,0.9422430974082946,179.22529644268775
8.822525597269625,0.9286027570114087,181.32806324110672
8.822525597269625,0.919423879414709,181.0316205533597
8.822525597269625,0.9159841726624804,180.65612648221344
8.822525597269625,0.9164081466685225,176.81422924901185
8.610784982935153,0.9139133740246367,173.87747035573122
8.610784982935153,0.9028212134548633,174.72727272727272
8.540204778156998,0.9132506304212404,174.82608695652175
8.540204778156998,0.9116793990295458,175.03557312252966
8.540204778156998,0.896649187302314,175.72727272727272
8.540204778156998,0.8855281558299418,175.47430830039525
8.540204778156998,0.8698315919331006,175.48616600790513
8.540204778156998,0.8642839452130876,175.45454545454547
8.540204778156998,0.8621210166467806,175.3596837944664
8.540204778156998,0.8601819355114887,175.0316205533597
8.540204778156998,0.8605878648413682,175.06324110671937
8.540204778156998,0.859710374599843,175.01581027667984
8.540204778156998,0.8599736975244371,175.02766798418972
8.540204778156998,0.8597689997524836,175.0197628458498
8.540204778156998,0.8597086985428615,174.95652173913044
8.540204778156998,0.8595886643641456,174.97233201581028
8.540204778156998,0.860119535978747,174.98418972332016
8.540204778156998,0.8599745226161868,175.02371541501975
8.540204778156998,0.8601946353483129,175.0513833992095
8.540204778156998,0.8595991731784507,175.0909090909091
8.540204778156998,0.8595910572070251,175.1304347826087
8.540204778156998,0.8590535098062302,175.1106719367589
8.540204778156998,0.8587954689801177,175.2490118577075
8.540204778156998,0.8585585451000199,175.19762845849803
8.540204778156998,0.8593908176534305,175.1897233201581
8.540204778156998,0.8592736723017449,175.20158102766797
8.540204778156998,0.8589076546305534,175.26482213438734
8.540204778156998,0.8588989297913159,175.26482213438734
8.540204778156998,0.8589615975858115,175.27667984189722
8.540204778156998,0.859028352556975,175.2687747035573
8.540204778156998,0.8591551696508545,175.3083003952569
8.540204778156998,0.8591510286665972,175.25691699604744
8.540204778156998,0.8593821647918324,175.35177865612647
8.540204778156998,0.8592031959155523,175.3320158102767
8.540204778156998,0.8593585933880381,175.37154150197628
8.540204778156998,0.8594483981634485,175.28458498023716
8.540204778156998,0.8599031233195745,175.28458498023716
8.540204778156998,0.8607473992669237,174.67588932806325
8.540204778156998,0.8608320926536767,174.65612648221344
8.540204778156998,0.8608652494085138,174.68379446640316
8.540204778156998,0.861010091151768,174.6324110671937
8.540204778156998,0.8608035926453411,174.57707509881422
