19.691877133105802,0.2435000209050092,17.92490118577075
19.727167235494882,0.519138302097624,15.968379446640316
19.374266211604095,0.5021495131092009,15.122529644268775
19.374266211604095,0.4952788243325032,15.32411067193676
19.374266211604095,0.5006192482325683,14.513833992094861
19.162525597269624,0.4076342744417173,15.268774703557312
19.162525597269624,0.39388423753512875,16.616600790513836
19.162525597269624,0.40711638549578355,19.940711462450594
19.162525597269624,0.24735928758664294,20.565217391304348
19.162525597269624,0.2617582440482568,21.675889328063242
19.162525597269624,0.5811788876613514,20.387351778656125
19.162525597269624,0.6283714480915638,19.07114624505929
18.73904436860068,0.6977139163715357,20.49802371541502
18.73904436860068,0.7135150481254506,21.691699604743082
18.73904436860068,0.8890901585174881,21.66403162055336
18.73904436860068,0.6890670752942825,22.438735177865613
18.73904436860068,0.918613758033034,22.363636363636363
18.73904436860068,0.9512193156150818,23.371541501976285
18.421433447098977,0.9468003351947623,24.399209486166008
18.10382252559727,1.2351117257071151,35.284584980237156
18.10382252559727,1.0429461678656435,38.19762845849802
18.10382252559727,0.9266756529900415,41.4901185770751
18.10382252559727,0.9051521370433938,44.00395256916996
18.10382252559727,0.9070410569592888,48.205533596837945
18.10382252559727,0.9040635077881143,50.01185770750988
17.85679180887372,0.9081978738046833,51.92094861660079
17.85679180887372,0.9996087243583021,56.89723320158103
17.85679180887372,1.0014149363975793,58.976284584980235
17.85679180887372,0.9861905419506112,61.57707509881423
17.85679180887372,0.9872218185814515,63.48616600790514
17.85679180887372,0.989846944296402,64.43478260869566
17.715631399317406,0.9788310867242807,67.32806324110672
17.715631399317406,1.7449268918538974,72.56916996047431
17.715631399317406,1.802711667068283,74.1501976284585
17.715631399317406,1.828200590227039,75.39920948616601
17.715631399317406,1.8444570396754172,75.4901185770751
17.43331058020478,1.7427780067673195,77.2094861660079
17.43331058020478,1.7498396310378017,79.09881422924902
17.43331058020478,1.7430587131729218,81.11067193675889
17.43331058020478,1.738034491825211,82.74703557312253
17.150989761092152,1.7391584646719078,85.1304347826087
17.150989761092152,1.7225954360512368,88.0909090909091
17.115699658703072,1.6555278107523113,93.64426877470356
17.115699658703072,1.708739298919227,95.86166007905139
17.115699658703072,1.7201146537851992,98.56521739130434
16.97453924914676,1.6841449014101877,101.6086956521739
16.97453924914676,1.5686602717319804,106.59288537549408
16.97453924914676,1.5555491055197161,109.14229249011858
16.97453924914676,1.6046948239689645,111.04347826086956
16.97453924914676,1.6509231042195263,112.24505928853755
16.727508532423208,1.6462460838684376,117.78260869565217
16.727508532423208,1.5795581480654526,122.51383399209486
16.727508532423208,1.564225532475272,124.55731225296442
16.727508532423208,1.4965018405101285,125.80632411067194
16.727508532423208,1.4830219225959043,128.9328063241107
16.727508532423208,1.478895944423007,129.7312252964427
16.515767918088738,1.6462913023245802,134.35573122529644
16.515767918088738,1.6530168563602037,136.0316205533597
16.515767918088738,1.6458502517389075,137.3596837944664
16.44518771331058,1.6274551319551442,140.19367588932806
16.44518771331058,1.5969046716476656,141.95652173913044
16.4098976109215,1.5821502615057934,143.26482213438734
16.4098976109215,1.5620982605015832,145.23320158102766
16.4098976109215,1.5536570553746483,145.48616600790513
16.26873720136519,1.4920714120304288,148.21343873517787
16.26873720136519,1.4754239692058495,148.71146245059288
16.26873720136519,1.4618862341822378,150.22529644268775
16.26873720136519,1.45171264337161,150.69565217391303
16.26873720136519,1.4610080479966354,151.14624505928853
16.26873720136519,1.6206392425628293,150.46245059288538
16.23344709897611,1.6175298717695479,150.41106719367588
16.162866894197954,1.6043769200818738,149.8300395256917
16.162866894197954,1.6006911855718582,149.58893280632412
16.162866894197954,1.5929100564918592,148.77865612648222
16.02170648464164,1.577742047150729,149.34387351778656
15.845255972696247,1.5180611427103154,149.19762845849803
15.809965870307169,1.7083652701094494,152.9328063241107
15.809965870307169,1.6869104687987149,153.91699604743084
15.809965870307169,1.6682965190023913,154.72727272727272
15.809965870307169,1.6330657480274589,155.27667984189722
15.809965870307169,1.6044553070227507,155.87351778656125
15.809965870307169,1.5942862983503991,155.1581027667984
15.809965870307169,1.585526958632014,154.699604743083
15.809965870307169,1.5768557123149123,153.7193675889328
15.562935153583616,1.5503377806055627,154.54545454545453
15.562935153583616,1.4973837019843679,155.8695652173913
15.562935153583616,1.4961978794622177,155.79841897233203
15.562935153583616,1.4986846509451832,155.85375494071147
15.562935153583616,1.5955149302421117,154.9802371541502
15.31590443686007,1.5794312787393106,154.35177865612647
15.31590443686007,1.4603957981128075,157.37154150197628
15.31590443686007,1.4578686525026634,158.2490118577075
15.31590443686007,1.442498437130403,158.25296442687747
15.31590443686007,1.4008959504091292,158.36363636363637
15.31590443686007,1.4164761311044707,157.42687747035572
14.998293515358363,1.4555031309818118,162.19367588932806
14.998293515358363,1.441921913560712,164.22134387351778
14.998293515358363,1.4773920303076244,164.9683794466403
14.998293515358363,1.4539905962057622,165.4584980237154
14.998293515358363,1.4324871211328813,165.95256916996047
14.998293515358363,1.4148508456026454,165.1106719367589
14.998293515358363,1.3836271386684835,164.31225296442688
14.998293515358363,1.3980072244557382,161.36363636363637
14.751262798634814,1.3536589382344995,161.74308300395256
14.751262798634814,1.3579459076171776,162.31620553359684
14.751262798634814,1.4176219247070072,162.1185770750988
14.751262798634814,1.4282997855952861,161.56126482213438
14.751262798634814,1.4968735815387813,160.20553359683794
14.504232081911262,1.437819880675052,159.4901185770751
14.468941979522185,1.4273138712782285,159.6798418972332
14.468941979522185,1.419199533085256,159.56521739130434
14.327781569965872,1.433889657479509,157.99604743083003
14.327781569965872,1.427466558567582,158.5415019762846
14.327781569965872,1.4570353307500288,158.3320158102767
14.327781569965872,1.442215553531392,156.10276679841897
13.904300341296928,1.3937689295485136,158.92094861660078
13.869010238907851,1.4017882230782046,163.32806324110672
13.869010238907851,1.4115781401280643,165.76284584980237
13.869010238907851,1.3815801921742765,167.79446640316206
13.869010238907851,1.3735040493142,169.699604743083
13.869010238907851,1.3795783545700504,169.72332015810278
13.869010238907851,1.3740182800988345,168.97628458498025
13.869010238907851,1.3416787077133696,167.98814229249012
13.869010238907851,1.3340368059950292,167.32806324110672
13.869010238907851,1.3633425336631309,164.30434782608697
13.869010238907851,1.3422812578896508,161.55335968379447
13.869010238907851,1.310384719107763,158.9328063241107
13.516109215017066,1.3116046168671176,160.7509881422925
13.516109215017066,1.3203320458391858,161.18577075098815
13.339658703071672,1.2877540744030105,162.49802371541503
13.339658703071672,1.281407989283788,164.39525691699606
13.339658703071672,1.2730244891141433,165.27667984189722
13.339658703071672,1.2751966074186833,165.8893280632411
13.339658703071672,1.2888773214226317,164.92490118577075
13.339658703071672,1.3195406344439677,162.7312252964427
13.339658703071672,1.3362768423106683,161.1501976284585
13.339658703071672,1.3074688806447028,158.52964426877472
13.127918088737202,1.225279451038776,157.58893280632412
13.057337883959045,1.2401575575449366,156.8418972332016
13.057337883959045,1.2757801521538616,155.75494071146244
12.775017064846416,1.3002058036109978,156.1185770750988
12.775017064846416,1.2600065467979389,158.22134387351778
12.775017064846416,1.2430699632518813,161.43873517786562
12.775017064846416,1.248250356419762,162.47035573122528
12.775017064846416,1.262478118730731,162.43873517786562
12.633856655290103,1.2779889863826328,161.13438735177866
12.633856655290103,1.218708130576048,161.95256916996047
12.563276450511946,1.2231640764401959,161.9683794466403
12.563276450511946,1.241936566133312,161.75494071146244
12.563276450511946,1.2196688518365926,161.63636363636363
12.386825938566554,1.2139254157629589,161.01581027667984
12.386825938566554,1.2072935089490304,161.7826086956522
12.351535836177474,1.1958146745150762,162.1106719367589
12.316245733788396,1.174583276409677,163.0197628458498
12.316245733788396,1.1737127111489245,162.6086956521739
12.28095563139932,1.1825018098074451,162.18577075098815
12.069215017064847,1.1970554613082969,163.43873517786562
12.069215017064847,1.1948712362101275,164.5494071146245
12.069215017064847,1.19585510056603,164.72332015810278
12.069215017064847,1.2068356313277528,164.55731225296444
12.069215017064847,1.2137093048280299,163.82213438735178
11.822184300341299,1.172508544371452,162.3675889328063
11.822184300341299,1.1822205621948247,163.12648221343875
11.822184300341299,1.177889611828043,162.47430830039525
11.822184300341299,1.1811888395217716,161.11462450592884
11.822184300341299,1.1942944543296428,158.4505928853755
11.504573378839591,1.1589623431488714,162.5810276679842
11.504573378839591,1.1412074634232692,165.21343873517787
11.469283276450513,1.1431447216576223,166.0592885375494
11.433993174061433,1.1667395269446839,166.8498023715415
11.433993174061433,1.1369424539132955,166.9604743083004
11.433993174061433,1.1475220495049037,165.5494071146245
11.363412969283278,1.159494502088639,164.22924901185772
11.328122866894198,1.1838358443174792,161.91699604743084
11.29283276450512,1.1850852474763833,160.68379446640316
11.08109215017065,1.1144488239872705,163.30434782608697
11.08109215017065,1.1097302032008522,164.58498023715416
11.08109215017065,1.1041145742537226,164.59683794466403
11.08109215017065,1.091573890814188,164.23715415019763
10.904641638225257,1.105947268961984,164.62845849802372
10.869351535836177,1.1177143823598426,166.08695652173913
10.869351535836177,1.1226412449116647,166.0395256916996
10.869351535836177,1.1261552104606445,166.01581027667984
10.763481228668942,1.0789682073485551,166.68379446640316
10.622320819112629,1.0866677595962941,166.8814229249012
10.622320819112629,1.0713095897475096,169.29644268774703
10.58703071672355,1.059285636636768,169.86561264822134
10.58703071672355,1.0644288590002782,170.47430830039525
10.58703071672355,1.0370135971408245,170.2094861660079
10.516450511945393,1.0146835526680964,169.43478260869566
10.304709897610921,1.0505136704396738,171.51383399209487
10.304709897610921,1.0446666598584455,174.91304347826087
10.304709897610921,1.0478786373423499,175.9920948616601
10.304709897610921,1.0124953727744748,177.52964426877472
10.304709897610921,1.0063593345978796,178.08300395256916
10.304709897610921,1.0363815362043896,177.32411067193675
10.304709897610921,1.0514630730065273,175.600790513834
10.304709897610921,1.0536228907891165,174.0909090909091
10.12825938566553,1.0490586479636692,174.17391304347825
9.987098976109214,1.0377716596592528,175.67193675889328
9.951808873720136,1.0200671270164983,177.98418972332016
9.951808873720136,1.0068520070328875,179.41501976284584
9.951808873720136,1.002419973043423,179.22134387351778
9.951808873720136,0.9937209663270288,178.43873517786562
9.810648464163823,1.0231240592784006,178.77470355731225
9.810648464163823,1.0345835614294103,178.9407114624506
9.810648464163823,1.0051743325128037,177.83794466403162
9.810648464163823,0.9883236261973112,176.9407114624506
9.598907849829352,0.9878409759160748,175.22924901185772
9.598907849829352,0.9922044690098745,178.23320158102766
9.563617747440274,0.9867276379408424,179.54545454545453
9.563617747440274,0.9726972140343615,179.699604743083
9.563617747440274,0.9688096157789807,179.44664031620553
9.563617747440274,0.9665799241456828,178.91304347826087
9.38716723549488,0.946143570862893,181.27667984189722
9.38716723549488,0.9597809766094596,182.00395256916997
9.38716723549488,0.9668981726856479,181.64822134387353
9.351877133105802,0.9671666199533433,181.28458498023716
9.351877133105802,0.9677422972125305,180.77470355731225
9.316587030716724,0.9577720219852971,180.47826086956522
9.316587030716724,0.955999761394109,179.1501976284585
9.316587030716724,0.9538299505505495,179.04743083003953
9.17542662116041,0.9496866305259064,178.0592885375494
9.17542662116041,0.929882608820879,177.97233201581028
9.17542662116041,0.9439391632142096,177.5494071146245
9.17542662116041,0.9407603086570023,177.13438735177866
9.034266211604097,0.9354941951284221,177.5415019762846
9.034266211604097,0.9025396366065742,177.83794466403162
8.998976109215018,0.9272561380396258,176.9486166007905
8.963686006825938,0.9252804891634558,175.28458498023716
8.822525597269625,0.937202275835938,177.2806324110672
8.822525597269625,0.9274773856100335,179.2806324110672
8.822525597269625,0.9052330075297814,179.95652173913044
8.822525597269625,0.8861445814649347,180.41501976284584
8.822525597269625,0.8750143319935844,180.56126482213438
8.822525597269625,0.8687376085748695,180.6324110671937
8.822525597269625,0.8670143835390399,180.66403162055337
8.822525597269625,0.867179435973652,180.7312252964427
8.822525597269625,0.8662883230611723,180.82608695652175
8.822525597269625,0.8655307141378991,180.86561264822134
8.822525597269625,0.8625705787106333,180.8893280632411
8.822525597269625,0.86333100209334,181.0671936758893
8.822525597269625,0.8594731865079901,180.92094861660078
8.822525597269625,0.8570071999507376,180.93675889328063
8.822525597269625,0.85743439067349,180.85375494071147
8.822525597269625,0.8587295542968603,181.1185770750988
8.822525597269625,0.8582124689028565,180.5494071146245
8.822525597269625,0.8554474212266093,180.6403162055336
8.822525597269625,0.8534313524436836,180.40316205533597
8.822525597269625,0.8521037798026201,180.600790513834
8.822525597269625,0.8509200289334441,180.38735177865613
8.822525597269625,0.850395612022886,180.32806324110672
8.822525597269625,0.8486318951253724,180.36363636363637
8.822525597269625,0.8489306103191226,180.25691699604744
8.822525597269625,0.8490274899604094,180.2687747035573
8.822525597269625,0.849836607373195,180.1818181818182
8.822525597269625,0.8502470293269313,180.11462450592884
8.822525597269625,0.8498087776631441,180.3201581027668
8.822525597269625,0.8504497668421667,180.08695652173913
8.822525597269625,0.8502002847151395,180.14229249011856
8.822525597269625,0.8505419793548147,179.69565217391303
8.822525597269625,0.8510344501107272,179.70750988142294
8.822525597269625,0.8511648517934238,179.70750988142294
8.822525597269625,0.8513128852279213,179.65217391304347
8.822525597269625,0.8515559786240958,179.6324110671937
8.822525597269625,0.8515224155046791,179.75494071146244
8.822525597269625,0.8507210700580703,179.8300395256917
8.822525597269625,0.85059693809546,179.75494071146244
8.822525597269625,0.85048644635666,179.72332015810278
8.822525597269625,0.8512189936846948,179.6403162055336
8.822525597269625,0.8505363531307154,179.62450592885375
8.822525597269625,0.850613803578689,179.60474308300394
8.822525597269625,0.8506544602521746,179.51383399209487
8.822525597269625,0.8509955015817704,179.60474308300394
8.822525597269625,0.8506749711511654,179.70355731225297
8.822525597269625,0.8503966512459593,179.79446640316206
8.822525597269625,0.8502432119426042,179.7509881422925
8.822525597269625,0.8502005178357666,179.80237154150197
8.822525597269625,0.850237277556061,179.80237154150197
8.822525597269625,0.8501764008560391,179.85770750988144
8.822525597269625,0.8502918479300011,179.8300395256917
8.822525597269625,0.8505533547586053,179.79446640316206
8.822525597269625,0.8499188344369556,179.79446640316206
8.822525597269625,0.8499498342236228,179.79446640316206
