12.076467065868263,0.5250714724397346,2.9367816091954024
11.997664670658681,0.5003772106948903,3.155172413793104
11.958263473053892,0.47332740768462994,2.9080459770114944
11.977964071856286,0.2908779366400885,3.373563218390805
11.997664670658681,0.28975180836221337,3.1436781609195403
11.958263473053892,0.27038767141717757,3.4540229885057476
11.958263473053892,0.25649575018760384,3.5114942528735638
11.958263473053892,0.2951625978811613,3.1149425287356323
11.958263473053892,0.5112267357177523,3.0459770114942533
11.958263473053892,0.26265927162069264,3.2586206896551726
11.958263473053892,0.2388410591404593,3.586206896551724
11.958263473053892,0.2798679005625099,3.6149425287356323
11.958263473053892,0.4326630231526728,3.5459770114942533
11.958263473053892,0.4450686656348326,3.3103448275862073
11.958263473053892,0.4491989098725613,3.5804597701149428
11.958263473053892,0.4423652511378704,3.0229885057471266
11.958263473053892,0.4496924145439518,3.6896551724137936
11.958263473053892,0.3012549900199593,3.695402298850575
11.958263473053892,0.4498841660940415,3.7413793103448274
11.958263473053892,0.4184006852604952,4.385057471264369
11.958263473053892,0.27198876657459453,4.637931034482759
11.958263473053892,0.286233236338567,4.609195402298851
11.938562874251495,0.31057047855145825,5.017241379310344
11.938562874251495,0.34633652694610856,5.442528735632185
11.938562874251495,0.37628516516168725,5.683908045977012
11.938562874251495,0.4408270316509857,6.017241379310344
11.938562874251495,0.46734963639155286,5.78735632183908
11.938562874251495,0.485413403961308,6.3275862068965525
11.9188622754491,0.5732794167762019,6.14367816091954
11.938562874251495,0.5858559644755438,6.275862068965517
11.761257485029939,0.644292423218078,7.097701149425287
11.761257485029939,0.668489372469637,6.764367816091955
11.761257485029939,0.6655838476695782,7.114942528735632
11.643053892215567,0.6825076858804738,7.040229885057472
11.524850299401196,0.6950345980052729,7.6609195402298855
11.524850299401196,0.5560209597956745,7.988505747126437
11.386946107784429,0.5594949057109659,8.60344827586207
11.406646706586825,0.6113913975328041,9.344827586206897
11.406646706586825,0.5293452627345471,9.528735632183908
11.406646706586825,0.5587788228455701,9.885057471264368
11.386946107784429,0.5667544722761053,9.839080459770114
11.30814371257485,0.6608023986991053,9.867816091954023
11.30814371257485,0.6910591463792765,9.672413793103448
11.30814371257485,0.6907465144898157,10.25287356321839
11.30814371257485,0.6945190555344171,10.39655172413793
11.288443113772454,0.7403318252384112,10.304597701149426
11.288443113772454,0.7379404654464802,9.695402298850574
11.288443113772454,0.7757731827583395,9.764367816091955
10.914131736526944,0.7869385379992094,9.89655172413793
10.914131736526944,0.8003735127510345,10.522988505747126
10.815628742514969,0.8100285520761765,11.890804597701148
10.815628742514969,0.6747239074482616,12.735632183908045
10.815628742514969,0.673329126061602,13.195402298850574
10.815628742514969,0.6422974638957382,13.75287356321839
10.815628742514969,0.594285277422132,14.827586206896552
10.815628742514969,0.6064596264310452,15.7183908045977
10.579221556886226,0.6070132763253144,16.597701149425287
10.579221556886226,0.5920660656088963,17.99425287356322
10.579221556886226,0.5595392603223304,18.14367816091954
10.559520958083832,0.642297087642897,20.229885057471265
10.559520958083832,0.63706196214129,20.632183908045977
10.559520958083832,0.660305659399432,20.96551724137931
10.559520958083832,0.6757502991351019,21.03448275862069
10.559520958083832,0.6933511297224619,20.919540229885058
10.539820359281435,0.6625204371940991,20.649425287356323
10.264011976047902,0.6596632299311155,21.229885057471265
10.264011976047902,0.6882669363733398,21.948275862068968
10.264011976047902,0.6844133954313598,23.339080459770116
10.264011976047902,0.7087013896189877,23.620689655172413
10.204910179640718,0.7166891420211503,24.270114942528735
10.185209580838324,0.7252779106079676,24.10919540229885
10.185209580838324,0.6928378956372971,25.051724137931032
10.185209580838324,0.7062151147941084,24.98850574712644
9.988203592814369,0.7062651184763866,26.172413793103445
9.988203592814369,0.7186374361369,26.99425287356322
9.988203592814369,0.7172473079100119,27.51724137931034
9.968502994011974,0.702564896923252,28.29310344827586
9.968502994011974,0.7097729150847117,28.76436781609195
9.968502994011974,0.7587805405522888,28.2183908045977
9.751796407185628,0.7554300486706612,29.896551724137932
9.751796407185628,0.6842160016397635,30.78735632183908
9.751796407185628,0.7456201412963546,31.850574712643674
9.732095808383233,0.753849382049074,31.69540229885057
9.61389221556886,0.7668325284975486,33.143678160919535
9.61389221556886,0.7606842050165395,33.712643678160916
9.594191616766466,0.7605639826031768,34.06896551724138
9.594191616766466,0.7509304700527187,33.798850574712645
9.475988023952095,0.7574087631909714,34.48850574712643
9.298682634730538,0.7363446873441353,35.51149425287356
9.298682634730538,0.7221792605545914,39.229885057471265
9.298682634730538,0.7178787483173188,39.775862068965516
9.298682634730538,0.6576859244202629,41.12068965517241
9.298682634730538,0.6525233058666302,41.40229885057471
9.259281437125749,0.6686412078478118,42.53448275862069
9.101676646706586,0.6278019317116323,44.29310344827586
9.101676646706586,0.6874072722323943,46.19540229885058
9.081976047904192,0.6893111363393403,46.862068965517246
9.081976047904192,0.6930389912234033,47.9080459770115
9.081976047904192,0.6967710231710494,48.04597701149425
9.081976047904192,0.6992480394540871,48.11494252873563
9.081976047904192,0.693945106238113,47.17241379310345
8.845568862275448,0.7453075461979263,48.39080459770115
8.845568862275448,0.7500691560165192,50.293103448275865
8.845568862275448,0.7290541940444715,52.06896551724138
8.845568862275448,0.7020065681399202,52.339080459770116
8.845568862275448,0.7133167896766274,52.666666666666664
8.845568862275448,0.6967952110484907,52.735632183908045
8.845568862275448,0.7660143541302123,52.03448275862069
8.589461077844309,0.7632011512849529,52.241379310344826
8.589461077844309,0.69577088948935,54.05172413793103
8.589461077844309,0.7015642827617081,54.62643678160919
8.589461077844309,0.7196717018641807,55.00574712643678
8.589461077844309,0.7428971959042904,54.770114942528735
8.589461077844309,0.7732170003040502,53.235632183908045
8.490958083832334,0.7817286022740724,53.05747126436781
8.47125748502994,0.8095518694545646,53.39655172413793
8.353053892215568,0.7798806736127399,53.270114942528735
8.313652694610777,0.7836200120890848,54.44827586206897
8.2151497005988,0.774354807682674,56.41379310344828
8.195449101796406,0.7784035489084007,58.0
8.195449101796406,0.7739270328605186,58.701149425287355
8.156047904191617,0.7421024982676412,60.05747126436782
8.077245508982035,0.751137640441291,62.13793103448276
8.077245508982035,0.7477104405549018,64.02873563218391
8.077245508982035,0.7129111965696872,64.14367816091954
8.077245508982035,0.7275442276039756,65.183908045977
8.077245508982035,0.7507566789354324,63.885057471264375
7.860538922155688,0.7323382914387516,66.11494252873563
7.860538922155688,0.752383459868695,67.183908045977
7.860538922155688,0.7645641107445381,68.12068965517241
7.860538922155688,0.777079827307575,67.64367816091954
7.742335329341317,0.7732581544238929,68.86781609195403
7.60443113772455,0.7725020697928551,70.4080459770115
7.60443113772455,0.7709472519734247,71.5632183908046
7.60443113772455,0.7678083901282066,72.55747126436782
7.486227544910179,0.7491037755169558,75.2183908045977
7.486227544910179,0.7428094303889132,77.02873563218391
7.466526946107784,0.7429348633396727,77.51149425287356
7.466526946107784,0.7419089931538136,78.36781609195403
7.387724550898203,0.7433239407086867,77.82183908045977
7.387724550898203,0.7603890342566193,78.92528735632183
7.249820359281436,0.7592282303059713,81.94827586206897
7.249820359281436,0.7266213411610067,84.30459770114942
7.249820359281436,0.7238226315730122,85.38505747126436
7.131616766467064,0.7324548510743879,88.55172413793103
7.131616766467064,0.7231092927278758,91.2816091954023
7.131616766467064,0.7221066426918857,92.74712643678161
7.131616766467064,0.743507282087687,93.5632183908046
7.131616766467064,0.7266861843496787,94.45402298850574
7.131616766467064,0.7300409853355794,93.3735632183908
7.131616766467064,0.7194648361229605,91.97701149425288
6.855808383233532,0.7030207137500197,95.88505747126436
6.855808383233532,0.6997996116316302,96.6896551724138
6.855808383233532,0.7082365714963411,99.72988505747126
6.855808383233532,0.7039465038625909,102.66091954022988
6.836107784431137,0.7169379217785667,103.25862068965517
6.836107784431137,0.7331913032289279,102.72413793103448
6.836107784431137,0.7362619524620827,100.58620689655172
6.836107784431137,0.7221614742430138,99.04597701149424
6.619401197604789,0.6977145592783122,101.4080459770115
6.619401197604789,0.7092547764228292,101.77586206896552
6.619401197604789,0.71153115284079,101.98275862068965
6.58,0.7147410980723902,103.0919540229885
6.540598802395209,0.7363826814786011,102.95977011494253
6.422395209580838,0.7539745580158538,101.5632183908046
6.422395209580838,0.7198561547397663,102.61494252873563
6.382994011976047,0.6948473111220375,103.39080459770115
6.382994011976047,0.7029869090644203,103.0632183908046
6.363293413173652,0.7147650377138922,101.67816091954023
6.1662874251497,0.7348438333172715,101.2816091954023
6.1662874251497,0.709496391595942,104.24712643678161
6.1465868263473045,0.6916940439748614,105.54022988505747
6.1465868263473045,0.6615898205316244,106.54022988505747
6.1465868263473045,0.6585197646583854,106.29310344827586
5.9298802395209576,0.6471383957312271,105.00574712643679
5.9298802395209576,0.6358255265359565,107.09770114942529
5.910179640718562,0.6347147269568025,109.16091954022988
5.910179640718562,0.6461371241474269,111.67816091954023
5.910179640718562,0.6478371110564682,112.5
5.8904790419161674,0.6704762821995136,111.36781609195403
5.870778443113771,0.6720356452134277,109.48850574712644
5.870778443113771,0.6418529974236672,106.83333333333333
5.654071856287425,0.6067883795853164,105.06896551724138
5.654071856287425,0.6182918799088656,106.55172413793103
5.6343712574850295,0.6369215271276848,107.0
5.6343712574850295,0.6514156514638106,107.11494252873563
5.6343712574850295,0.6574523136840986,105.83333333333333
5.516167664670658,0.6517579853193193,105.12068965517241
5.516167664670658,0.6565867150597686,105.08045977011494
5.397964071856286,0.6164731772846971,105.46551724137932
5.378263473053892,0.612079035038744,106.41379310344827
5.378263473053892,0.6070206152851556,106.36781609195403
5.358562874251496,0.5862606759023793,106.04597701149426
5.358562874251496,0.5868885115717032,105.94827586206897
5.161556886227545,0.5474452955697312,112.16091954022988
5.161556886227545,0.5607349995471657,114.66091954022988
5.161556886227545,0.5547832846002906,115.92528735632185
5.141856287425149,0.5690102448174038,114.09770114942529
5.122155688622754,0.5793949689216925,111.7816091954023
5.122155688622754,0.5830322571841763,108.5919540229885
5.122155688622754,0.5756139096709179,105.29310344827586
4.964550898203592,0.5428760335884935,107.45977011494253
4.925149700598801,0.5431312901949703,109.03448275862068
4.885748502994011,0.5542962053226823,108.95402298850574
4.885748502994011,0.5494091791013638,108.37931034482759
4.846347305389221,0.5326252813966608,108.09770114942529
4.846347305389221,0.5509853962624603,103.84482758620689
4.7084431137724545,0.5338562371320351,100.84482758620689
4.649341317365269,0.5330142066498136,102.6264367816092
4.609940119760478,0.5290307935476655,107.89080459770115
4.609940119760478,0.521663215541353,108.94252873563218
4.570538922155688,0.5142942919601926,110.13793103448276
4.531137724550898,0.4861957027288001,109.60344827586206
4.491736526946108,0.48744116606248605,108.95402298850574
4.472035928143712,0.48836256296771474,109.92528735632185
4.373532934131736,0.48434161056400477,110.38505747126437
4.353832335329341,0.455842940004816,115.88505747126437
4.353832335329341,0.4533346675218149,116.91954022988506
4.334131736526945,0.4726579331889389,115.39080459770115
4.314431137724551,0.49430008046846113,112.21264367816092
4.255329341317365,0.48678784423368876,109.40229885057471
4.1174251497005985,0.4691283700629542,109.43103448275862
4.058323353293413,0.46775103437165144,112.39080459770115
4.058323353293413,0.47433323014848167,115.0919540229885
4.038622754491017,0.46138879931918864,118.32758620689656
4.038622754491017,0.44750957986469964,119.16091954022988
4.038622754491017,0.4299638340908548,116.17816091954023
3.9007185628742516,0.4293030738880129,120.10919540229885
3.9007185628742516,0.42897240355531474,122.7183908045977
3.8810179640718556,0.41995757671195016,123.683908045977
3.8613173652694606,0.39930340822495264,123.5287356321839
3.8416167664670655,0.3985463117201436,119.50574712643679
3.762814371257485,0.42801130824499006,119.35057471264368
3.7431137724550894,0.4399625747262318,116.91379310344827
3.5855089820359276,0.43116253343648414,123.9655172413793
3.565808383233532,0.4132403665487584,127.87356321839081
3.5461077844311375,0.3683979947530738,132.48275862068965
3.5264071856287424,0.37488047947167885,133.49425287356323
3.506706586826347,0.36849460587060917,134.77586206896552
3.4870059880239515,0.36789926854841803,133.39080459770116
3.4673053892215564,0.38408667595360935,126.09770114942529
3.349101796407185,0.39257912435320214,123.62643678160919
3.3097005988023946,0.38392585572598187,128.4022988505747
3.3097005988023946,0.372796822716623,130.56896551724137
3.29,0.37461171148707206,128.9022988505747
3.2702994011976045,0.37689239609823066,125.9367816091954
3.1520958083832333,0.37138192795275365,127.56896551724137
3.1520958083832333,0.36143354680757117,129.48850574712642
3.112694610778443,0.3514362042647764,131.66091954022988
3.0732934131736522,0.3542117804496045,129.01149425287358
2.9944910179640716,0.34986983383091835,123.79310344827587
2.955089820359281,0.331238139423869,133.99425287356323
2.9353892215568855,0.3225967026276719,137.70114942528735
2.9156886227544905,0.32418372491662373,135.867816091954
2.83688622754491,0.3134565449376077,134.16091954022988
2.83688622754491,0.3186911140611247,131.59195402298852
2.7974850299401193,0.3284765394629833,127.54597701149424
2.698982035928143,0.30094844742779514,136.94827586206895
2.659580838323353,0.2903012260097352,141.0
2.659580838323353,0.29040491165828874,140.92528735632183
2.6201796407185625,0.27203180658814374,138.9655172413793
2.5807784431137724,0.2825194438177216,130.0287356321839
2.5019760479041917,0.2858100239770775,130.70689655172413
2.482275449101796,0.2854994519662663,133.27586206896552
2.38377245508982,0.2702279110826991,125.22988505747125
2.364071856287425,0.269435421682314,141.55172413793105
2.34437125748503,0.2693817498548552,139.18965517241378
2.265568862275449,0.24348012335591498,131.2183908045977
2.245868263473054,0.25072258720995605,134.16666666666666
2.2064670658682632,0.23991010943279126,136.97701149425288
2.147365269461077,0.23726929908567349,138.42528735632183
2.088263473053892,0.2285594491479654,136.57471264367817
2.0685628742514965,0.22567173163792115,137.26436781609195
2.0488622754491015,0.22761865639942377,136.132183908046
1.9700598802395206,0.22400273677942364,136.56896551724137
1.9306586826347303,0.2280064548365453,134.61494252873564
1.89125748502994,0.21836219403512205,138.94252873563218
1.8518562874251494,0.20491309953101836,140.91379310344828
1.812455089820359,0.19729299750615148,145.71264367816093
1.7730538922155687,0.18181392747843025,147.43103448275863
1.7533532934131735,0.18772729919019868,142.5977011494253
1.6745508982035926,0.20928197277390442,129.10344827586206
1.6351497005988023,0.2061560379236812,126.36206896551724
1.5760479041916167,0.18879151355169843,132.98850574712642
1.5563473053892214,0.19402748779833845,130.55747126436782
1.4972455089820358,0.179345265550992,145.58620689655172
1.4578443113772452,0.17605517114445976,136.77586206896552
1.4578443113772452,0.18747885723464322,128.06896551724137
1.3790419161676646,0.18781909914654388,131.9655172413793
1.319940119760479,0.17736960589661765,138.25862068965517
1.319940119760479,0.1831279056783065,129.89655172413794
1.2608383233532932,0.19044501343367262,125.94252873563218
1.2214371257485028,0.20468904086142484,117.67241379310344
1.1623353293413172,0.17402091874060394,134.83908045977012
1.142634730538922,0.1824826412892627,127.55747126436782
1.0835329341317363,0.19726762944772183,114.24137931034483
1.0638323353293413,0.20346149641136377,111.3103448275862
1.0244311377245507,0.2234531178625314,107.10919540229885
0.9653293413173651,0.23576437776006057,101.37931034482759
0.9062275449101795,0.22762885112864342,95.74712643678161
0.8865269461077844,0.23252143303238276,101.41379310344827
0.8668263473053891,0.23968088095671658,96.32758620689656
0.8274251497005987,0.250559668285991,85.54022988505747
0.7683233532934131,0.26254551839718226,84.13793103448276
0.7486227544910179,0.2542644943749022,80.66091954022988
0.7092215568862275,0.2598889166030085,76.97701149425288
0.669820359281437,0.24339229544281274,82.3735632183908
0.6501197604790419,0.22431877480511273,85.7816091954023
0.6107185628742514,0.1471538070276683,79.98850574712644
0.571317365269461,0.12915692809369525,77.34482758620689
10.638323353293412,0.33053226879574277,0.2873563218390802
