7.042938230383973,0.12020304322338986,4.159695817490494
7.042938230383973,0.15972456690538123,4.0
7.042938230383973,0.06280956552395665,3.8079847908745244
7.042938230383973,0.13454983580308347,3.422053231939163
7.017829716193656,0.06580658347839026,3.095057034220533
7.017829716193656,0.08905885603898694,2.589353612167301
7.155926544240401,0.08579383689716914,3.1178707224334605
7.118263772954925,0.09241155501192815,3.2737642585551328
7.105709515859766,0.12192065419277467,3.2737642585551345
7.042938230383973,0.11862078099401532,3.0228136882129277
7.055492487479132,0.12493225807647942,3.14638783269962
7.042938230383973,0.07511904698926618,3.5285171102661597
7.042938230383973,0.11675335779435063,3.0570342205323193
7.055492487479132,0.12273119291483182,3.8707224334600756
7.042938230383973,0.12468990046298255,3.5703422053231932
7.105709515859766,0.19903814662509808,3.231939163498099
7.105709515859766,0.16835890539351023,2.895437262357415
7.042938230383973,0.12511363383416774,3.507604562737642
7.017829716193656,0.2728244840033785,3.5209125475285177
7.017829716193656,0.25318571801587225,3.003802281368822
7.042938230383973,0.22657765156398887,3.363117870722432
6.942504173622704,0.22824614526540066,3.5133079847908757
6.904841402337229,0.3358668629108213,3.5361216730038034
6.80440734557596,0.37367511172880763,3.6444866920152084
6.7541903171953255,0.3011986522648815,4.524714828897338
6.741636060100167,0.22571516950057222,5.53041825095057
6.741636060100167,0.2237757625557774,5.733840304182509
6.729081803005008,0.26872793136566153,5.5
6.6160934891485805,0.3295785962383572,5.207224334600761
6.565876460767947,0.3160509576668431,5.760456273764259
6.6160934891485805,0.27580231037875436,7.152091254752854
6.503105175292153,0.2652670880696391,8.211026615969583
6.503105175292153,0.27163502701831016,8.44866920152091
6.503105175292153,0.28563267433060063,8.077946768060837
6.503105175292153,0.28257253617754835,8.077946768060837
6.390116861435726,0.27696752983667916,7.6482889733840285
6.390116861435726,0.2743407470870437,7.9619771863117865
6.390116861435726,0.28778838498900255,8.604562737642587
6.352454090150251,0.32480572565274624,8.414448669201521
6.302237061769616,0.296532178271257,9.058935361216731
6.302237061769616,0.2911395872987398,9.288973384030419
6.239465776293823,0.27675878108414276,9.984790874524716
6.189248747913188,0.3026560377759122,10.496197718631178
6.189248747913188,0.27021765479202065,10.7319391634981
6.189248747913188,0.29448807196763294,10.349809885931558
6.113923205342236,0.28253311734462977,10.50570342205323
6.113923205342236,0.2785908155832291,10.956273764258555
6.051151919866443,0.2695247721870032,13.549429657794677
6.051151919866443,0.26928043558536296,13.783269961977188
6.051151919866443,0.25260409397060607,13.448669201520913
6.00093489148581,0.26910219600942786,13.454372623574146
6.00093489148581,0.28641600697228364,14.136882129277568
5.938163606010017,0.2912594675126887,14.484790874524714
5.9256093489148585,0.3000501529435188,14.612167300380229
5.837729549248747,0.2826668679765514,14.891634980988593
5.825175292153589,0.2709858906898276,17.256653992395435
5.812621035058431,0.24643889240246708,18.58745247148289
5.774958263772955,0.22324189379075515,18.933460076045627
5.774958263772955,0.22970252517396697,19.163498098859314
5.774958263772955,0.24653540777865,19.444866920152094
5.774958263772955,0.26138540016376455,18.342205323193916
5.712186978297162,0.30415712852405385,17.988593155893536
5.649415692821369,0.3066269602228461,18.279467680608363
5.649415692821369,0.29060898265083457,18.874524714828894
5.561535893155259,0.2582369882659851,21.87832699619772
5.5489816360601,0.25427178504542414,23.330798479087452
5.536427378964942,0.25646969076534065,24.596958174904945
5.536427378964942,0.2555644524141445,24.990494296577946
5.536427378964942,0.24482307703447645,24.7490494296578
5.448547579298831,0.2719054057882529,25.384030418250955
5.4359933222036725,0.26628172831465896,27.038022813688215
5.4359933222036725,0.26495429654130653,27.91634980988593
5.4359933222036725,0.2762305818933123,26.39733840304182
5.348113522537562,0.263359058162744,27.625475285171106
5.335559265442404,0.25437631136810734,28.423954372623577
5.335559265442404,0.2752469902716827,28.446768060836504
5.247679465776294,0.2894779625287942,28.623574144486692
5.247679465776294,0.27708078612994813,29.724334600760454
5.235125208681135,0.26805836733602306,30.144486692015207
5.235125208681135,0.28110788374329926,30.146387832699617
5.184908180300501,0.27975143379201256,30.79277566539924
5.134691151919866,0.26601483320527947,31.93916349809886
5.134691151919866,0.2619527392039902,32.526615969581755
5.134691151919866,0.27087910843556634,33.23003802281369
5.084474123539232,0.27159133499514576,33.9277566539924
5.059365609348914,0.26023616386448845,35.051330798479086
5.034257095158598,0.26086622417625127,35.77186311787072
5.034257095158598,0.26957071981878666,35.85931558935361
4.971485809682805,0.2684437469815836,35.69011406844106
4.971485809682805,0.2640903107878688,37.169201520912544
4.971485809682805,0.2739755933572957,37.366920152091254
4.958931552587646,0.27619714457977157,37.8212927756654
4.896160267111854,0.27194119372199516,37.653992395437264
4.8836060100166945,0.2836682262189261,39.08174904942966
4.845943238731218,0.26992530125867287,40.667300380228134
4.820834724540902,0.26186852477276834,42.67300380228137
4.820834724540902,0.25051696987819927,43.26425855513308
4.8082804674457424,0.2585510559211777,43.57224334600761
4.7455091819699495,0.26485996241991966,44.79087452471482
4.7455091819699495,0.2634168151283049,45.847908745247146
4.732954924874791,0.26261171487772406,46.06463878326996
4.732954924874791,0.2594584382961316,47.10646387832699
4.6827378964941575,0.26117501597153897,47.09885931558935
4.670183639398998,0.27023484088844185,49.11787072243346
4.657629382303839,0.26164941629979693,49.18821292775665
4.632520868113522,0.26977534605397757,48.46958174904943
4.582303839732888,0.2665911405876665,49.117870722433466
4.557195325542571,0.26441075579267564,51.859315589353606
4.544641068447413,0.2650321459890508,52.8212927756654
4.506978297161937,0.26837792276660616,53.72623574144487
4.494424040066778,0.265290804322123,54.2851711026616
4.48186978297162,0.2659550482737001,53.78707224334602
4.419098497495826,0.2765276004908982,54.07414448669201
4.3939899833055085,0.27263475301949786,57.787072243346
4.38143572621035,0.2784991330167968,59.325095057034225
4.3312186978297165,0.2678015850239113,61.539923954372625
4.318664440734557,0.25786036580304184,63.21673003802282
4.281001669449082,0.26314153598854795,66.11787072243345
4.2684474123539236,0.26119009655510067,66.7680608365019
4.243338898163605,0.2522019086731412,67.74144486692015
4.180567612687812,0.2546324073717007,68.34790874524715
4.180567612687812,0.2569005283909499,70.77376425855513
4.168013355592654,0.2546662006076134,71.5
4.155459098497496,0.2631182019617787,70.425855513308
4.092687813021703,0.2687838313633935,69.77376425855513
4.092687813021703,0.2658442303350264,70.24334600760456
4.029916527545909,0.26652360135481995,71.37072243346007
4.017362270450751,0.25805837575433255,74.95247148288973
3.979699499165275,0.255933666865405,76.6787072243346
3.9671452420701168,0.2548788790106327,78.33650190114068
3.9420367278797994,0.25206879161054396,79.05893536121674
3.891819699499165,0.25426128894373057,81.57604562737643
3.891819699499165,0.24744140722383198,84.20722433460075
3.8416026711185314,0.2536380337828098,84.65589353612168
3.7913856427378962,0.25086688651965194,86.97338403041825
3.7788313856427376,0.25018835249085336,87.73384030418251
3.7537228714524207,0.24833956458764034,91.8764258555133
3.741168614357262,0.24672140435378714,91.75475285171103
3.7035058430717864,0.2460362135890286,92.73574144486692
3.6658430717863104,0.251069711975847,93.52851711026616
3.640734557595993,0.25436930926957085,95.76425855513307
3.590517529215359,0.247070276069929,100.00570342205324
3.5779632721202006,0.24662003084504808,101.81558935361217
3.527746243739566,0.23893801256448108,104.67110266159696
3.5026377295492486,0.23544314266974448,107.49239543726236
3.4775292153589317,0.23811936082402768,108.42775665399239
3.4524207011686143,0.2401679269415536,108.52661596958174
3.4147579298831383,0.241611291422245,112.08365019011407
3.3770951585976627,0.23245425848697732,116.87452471482891
3.3770951585976627,0.22913523491328022,117.37072243346009
3.3519866444073454,0.23486464536991136,116.72623574144487
3.301769616026711,0.23820740932852788,119.92205323193917
3.2892153589315525,0.23593069384103574,119.71863117870721
3.2264440734557596,0.22827983583650527,123.90874524714827
3.213889816360601,0.22620710477300796,127.2148288973384
3.201335559265442,0.23084967295641107,129.53802281368823
3.201335559265442,0.22931034433746764,129.6406844106464
3.1762270450751253,0.22944500734637321,129.14068441064637
3.1260100166944906,0.23752102586131052,128.393536121673
3.1009015025041737,0.23957336449907252,130.3060836501901
3.050684474123539,0.2298409005746135,137.13307984790876
3.0255759599332217,0.2268231932729112,143.8555133079848
3.0130217028380635,0.2304296295188252,145.03992395437263
2.975358931552588,0.23440999176894234,145.69011406844106
2.9628046744574292,0.2356884811452849,145.06083650190112
2.9125876460767945,0.23362651018634176,148.53802281368823
2.900033388981636,0.23049051597403641,152.32509505703422
2.8623706176961603,0.23058526120882517,157.81178707224336
2.849816360601001,0.2277513059540726,158.4125475285171
2.8247078464106843,0.22696313882764071,156.29657794676805
2.7995993322203674,0.24860100579565333,154.70912547528516
2.7619365609348914,0.247569407206168,160.80988593155894
2.736828046744574,0.24019886705666896,164.81558935361218
2.711719532554257,0.23505991447863983,167.80798479087454
2.674056761268781,0.23868341478869406,169.3403041825095
2.661502504173623,0.2327451419398375,175.48479087452472
2.636393989983305,0.2352695135466797,176.05893536121673
2.5987312186978295,0.23758754367497964,177.21102661596956
2.586176961602671,0.23918268005173587,176.63498098859316
2.5359599332220366,0.24197543377930028,179.2357414448669
2.523405676126878,0.2445885566165891,180.83269961977186
2.498297161936561,0.2513452405608916,179.31178707224333
2.448080133555927,0.2609609489728332,178.8041825095057
2.422971619365609,0.2678550735276086,178.2528517110266
2.3853088480801334,0.26537148444935593,180.20722433460077
2.3727545909849748,0.26153451013343015,183.64638783269962
2.309983305509182,0.26780641863506105,184.5532319391635
2.297429048414023,0.2687407560809061,188.0171102661597
2.2723205342237063,0.277251495013624,183.53231939163499
2.2221035058430716,0.27557084133158843,184.39923954372622
2.209549248747913,0.2799195366455386,185.76235741444867
2.1969949916527542,0.28479681894933806,187.37832699619773
2.1467779632721204,0.28199883709965157,192.6102661596958
2.1467779632721204,0.2858120911064047,190.46007604562737
2.1216694490818027,0.29877559322186914,186.48859315589354
2.0463439065108515,0.297838950049258,190.26235741444867
2.021235392320534,0.30660384900300913,192.38212927756652
1.9961268781302168,0.32635098456235967,189.94296577946767
1.9584641068447413,0.3171750129175487,193.55703422053233
1.9459098497495826,0.318310600841342,194.5
1.9082470784641066,0.32438405736783227,191.81368821292776
1.8956928213689481,0.3330786340306732,189.54752851711027
1.8454757929883139,0.33063518399172426,195.1292775665399
1.8329215358931552,0.32828107785608507,195.65019011406844
1.7952587646076794,0.33690707737690906,193.72623574144487
1.7575959933222036,0.3371348292180476,192.84600760456271
1.682270450751252,0.34649402956198794,191.72243346007605
1.682270450751252,0.3516165457364579,196.0114068441065
1.682270450751252,0.35506050246049914,195.29087452471484
1.6697161936560934,0.35668697160069385,193.08935361216732
1.619499165275459,0.3694129153717944,191.06653992395437
1.5190651085141902,0.3702205121179365,192.2642585551331
1.5190651085141902,0.37750664677493123,193.1787072243346
1.5065108514190317,0.3836491988016002,191.68441064638785
1.5190651085141902,0.3962108397990947,191.34600760456274
1.493956594323873,0.39624137477845395,190.89923954372622
1.34330550918197,0.40341092271670614,190.28136882129277
1.305642737896494,0.4050528964519158,190.1425855513308
1.280534223706177,0.41344998648556436,193.7110266159696
1.280534223706177,0.41487665417053665,193.2148288973384
1.2052086811352254,0.4151270191051941,191.2471482889734
1.2930884808013354,0.42928794301699796,194.66349809885932
1.280534223706177,0.43126109091988063,195.4429657794677
1.2679799666110183,0.43204459589377253,191.9809885931559
1.2052086811352254,0.4424260649470662,194.37262357414448
1.0043405676126878,0.44501669664230026,194.8079847908745
0.9917863105175292,0.45191119161784793,198.74144486692015
0.9917863105175292,0.4495805864030631,198.33460076045625
0.9917863105175292,0.4748637276429533,197.21292775665398
0.9917863105175292,0.47784374129160423,197.6425855513308
0.9917863105175292,0.47256987339421186,201.49239543726233
0.9917863105175292,0.4825314467425642,203.22623574144487
0.7407011686143573,0.48437925195705395,203.63878326996198
0.7281469115191986,0.48700373532207575,202.7832699619772
0.652821368948247,0.48881771117191425,208.4695817490494
0.6277128547579298,0.48834503626186254,210.95627376425855
0.6151585976627713,0.49001654540537115,207.90304182509504
0.652821368948247,0.4993935357982535,207.15589353612165
0.6402671118530885,0.49860078380593953,209.66539923954375
0.6402671118530885,0.49743863678675704,209.50950570342206
0.6151585976627713,0.49114559330775853,209.05133079847909
0.6653756260434057,0.35921713333871336,207.393536121673
0.6277128547579298,0.3283999920825663,208.2319391634981
0.6151585976627713,0.30285156738747715,214.45817490494295
0.6151585976627713,0.3015596864211024,214.8954372623574
0.6151585976627713,0.30542537508279843,213.15399239543726
0.6026043405676127,0.3101677392233783,211.27376425855513
0.6026043405676127,0.3107692299040106,211.52661596958177
0.6026043405676127,0.30939878839153206,211.2471482889734
0.6026043405676127,0.3097672574734805,211.10076045627378
0.6026043405676127,0.3099539604835993,210.73764258555133
0.6026043405676127,0.3102594262248321,210.80418250950572
0.6026043405676127,0.31027065252074953,210.73764258555133
0.6026043405676127,0.3101909713028435,210.67300380228139
0.6026043405676127,0.31078600286587377,210.41444866920153
0.6026043405676127,0.31070853465511217,210.8745247148289
0.6026043405676127,0.3113193981949951,210.70722433460077
0.6026043405676127,0.3124964713049947,210.64828897338404
0.6026043405676127,0.3127929405598623,210.5171102661597
0.6026043405676127,0.3126306101264516,210.65399239543729
0.6026043405676127,0.3117294270053289,210.65209125475286
0.6026043405676127,0.3119646815162109,210.69961977186313
0.6026043405676127,0.312979889469526,210.57034220532321
0.6026043405676127,0.313180695622918,210.7319391634981
0.6026043405676127,0.3129481316566856,210.79467680608366
0.6026043405676127,0.31171169900182955,210.75855513307985
0.6026043405676127,0.3132437000035892,210.38593155893537
0.6026043405676127,0.3134054989961183,210.49429657794678
0.6026043405676127,0.3131986929066908,210.51520912547528
0.6026043405676127,0.31315655711228996,210.745247148289
0.6026043405676127,0.31283175325572943,210.62737642585552
0.6026043405676127,0.3133028774986574,210.64828897338404
0.6026043405676127,0.31561386901832283,210.57794676806085
0.6026043405676127,0.3152369508068143,210.893536121673
0.6026043405676127,0.3140503951317382,210.89543726235743
0.6026043405676127,0.3134853542818168,211.00570342205324
0.6026043405676127,0.31435353635695823,210.8384030418251
0.6026043405676127,0.31374299648477977,211.03802281368823
0.6026043405676127,0.3135675418630308,210.89733840304183
0.6026043405676127,0.3137496277917636,210.93536121673006
0.6026043405676127,0.3138911675098901,210.851711026616
0.6026043405676127,0.3133834252907333,210.99619771863118
0.6026043405676127,0.3125046927886431,211.09885931558935
0.6026043405676127,0.31185187943714465,211.1958174904943
0.6026043405676127,0.31153886947867326,211.15019011406844
0.6026043405676127,0.31139087063804755,211.3212927756654
0.6026043405676127,0.3113469360923524,211.44676806083652
0.6026043405676127,0.3122648322630681,211.29657794676808
0.6026043405676127,0.31153574373686066,211.2091254752852
