12.628083832335328,0.1781971799284001,46.775862068965516
12.608383233532933,0.18113508071854112,49.62068965517241
12.608383233532933,0.1992612748278509,52.58045977011494
12.608383233532933,0.21801085342529444,53.47701149425287
12.568982035928142,0.2506336476652989,52.12643678160919
12.568982035928142,0.30565274740269976,49.1551724137931
12.568982035928142,0.3282435334067869,47.61494252873563
12.214371257485029,0.45592006660384604,47.49425287356322
12.214371257485029,0.16796795227944133,54.39080459770115
12.194670658682632,0.3844589158878968,61.4655172413793
12.194670658682632,0.43330634052177225,62.758620689655174
12.194670658682632,0.47394984515775085,60.01149425287356
11.938562874251495,0.5019999627866881,65.4367816091954
11.938562874251495,0.5167024753115025,68.2183908045977
11.9188622754491,0.5102808720279215,73.74712643678161
11.9188622754491,0.4127610778443116,75.05172413793103
11.899161676646706,0.48274425258910436,74.39080459770115
11.859760479041915,0.5115480757375197,73.92528735632185
11.859760479041915,0.6303388573600788,70.76436781609196
11.859760479041915,0.6514877785716064,67.21264367816093
11.643053892215567,0.6513585609514229,68.29310344827586
11.643053892215567,0.6548068951184499,70.02298850574712
11.505149700598801,0.6632579146498838,70.25862068965517
11.406646706586825,0.5817203141051275,78.39655172413792
11.386946107784429,0.5704579178624036,81.0
11.386946107784429,0.5677794430508835,83.4425287356322
11.386946107784429,0.5844906678678733,85.4367816091954
11.367245508982034,0.5799544842215436,84.30459770114943
11.30814371257485,0.5899782913210724,83.64367816091955
11.288443113772454,0.5970875794981465,80.97701149425288
11.288443113772454,0.5982589324084903,80.1896551724138
11.150538922155688,0.6472665530086789,80.64367816091954
11.052035928143711,0.652390074543106,83.5919540229885
11.052035928143711,0.6690465308054355,83.61494252873563
11.052035928143711,0.6553861542546845,83.82183908045977
10.835329341317365,0.6282501087525287,87.03448275862068
10.835329341317365,0.6253412624975506,91.13793103448275
10.815628742514969,0.6013549903398328,95.72413793103448
10.815628742514969,0.6174460895993282,99.60919540229885
10.815628742514969,0.6196459201018784,100.11494252873564
10.815628742514969,0.5961814784722191,96.39655172413794
10.598922155688621,0.5933324868190301,96.9655172413793
10.579221556886226,0.5734807429928162,99.20689655172414
10.579221556886226,0.6135902867919031,102.21264367816093
10.559520958083832,0.6609737670369836,102.99425287356321
10.559520958083832,0.6622031746375426,102.38505747126436
10.421616766467064,0.620891986648791,101.27586206896552
10.283712574850298,0.6173373499935577,104.51724137931035
10.264011976047902,0.6100748033066858,110.20689655172413
10.264011976047902,0.6411951952768393,112.89080459770115
10.264011976047902,0.6287370791861009,115.20689655172413
10.244311377245507,0.6142411884997676,114.28735632183908
10.244311377245507,0.5985823205403195,111.1264367816092
9.968502994011974,0.6409462086142489,110.61494252873563
9.968502994011974,0.6240052634620566,116.91379310344827
9.968502994011974,0.6219426317836206,119.95402298850574
9.94880239520958,0.583504889743798,123.10919540229885
9.94880239520958,0.5953306103100459,121.0344827586207
9.929101796407185,0.5851131379850943,119.74712643678161
9.889700598802394,0.615231899536681,119.29310344827587
9.751796407185628,0.6016008281259646,124.35057471264368
9.751796407185628,0.6247722077708996,123.98850574712644
9.61389221556886,0.6391510644514073,125.9310344827586
9.61389221556886,0.6167635757620097,129.89655172413794
9.61389221556886,0.6119550815142065,130.0287356321839
9.61389221556886,0.6158233225878653,128.22988505747125
9.515389221556884,0.6127110137060956,125.73563218390805
9.475988023952095,0.6761387761530654,121.66091954022988
9.318383233532932,0.6624316735548433,123.54597701149424
9.318383233532932,0.6250127379927983,126.60344827586206
9.259281437125749,0.6240042250281053,126.09770114942529
9.239580838323352,0.6017100223878615,126.32758620689654
9.239580838323352,0.6037823435332473,125.94827586206898
9.101676646706586,0.5665735611413899,134.4655172413793
9.101676646706586,0.5824078196348972,136.2471264367816
9.101676646706586,0.5969092953280288,135.33333333333334
9.101676646706586,0.6265231786834423,131.22413793103448
8.865269461077842,0.6325618845454893,122.03448275862068
8.845568862275448,0.6320589813867148,126.07471264367817
8.845568862275448,0.6172689824149374,128.79310344827587
8.845568862275448,0.6030790407478969,129.4022988505747
8.845568862275448,0.6052864411291726,129.0287356321839
8.727365269461076,0.5627837127190822,126.17241379310346
8.727365269461076,0.557671228302886,126.43103448275863
8.609161676646707,0.5856040972489852,123.89080459770116
8.589461077844309,0.5977481111198529,124.7471264367816
8.589461077844309,0.5850980989230826,122.04597701149426
8.569760479041914,0.5901782730357691,118.78735632183908
8.51065868263473,0.6187390426018285,115.84482758620689
8.47125748502994,0.6194897679744772,114.75287356321839
8.353053892215568,0.60511964089035,113.45402298850574
8.353053892215568,0.6051110124943792,112.60919540229885
8.195449101796406,0.566065169911155,120.41954022988506
8.195449101796406,0.5688820189128188,122.25287356321839
8.156047904191617,0.5303984653742018,121.69540229885058
8.156047904191617,0.5368584342686566,119.98850574712644
8.077245508982035,0.5334817363425506,118.14367816091954
8.077245508982035,0.5224385370059657,117.0919540229885
7.959041916167663,0.542945244102733,116.74137931034483
7.939341317365268,0.5480325877319475,117.49425287356321
7.899940119760478,0.5449452542652377,115.69540229885058
7.8802395209580824,0.5371375102970801,114.683908045977
7.8802395209580824,0.5266497800344982,111.72413793103448
7.722634730538921,0.5442803191075081,110.83908045977012
7.683233532934131,0.5537511628142885,112.11494252873563
7.683233532934131,0.5402657408179913,112.1896551724138
7.60443113772455,0.494976467674794,111.4367816091954
7.60443113772455,0.5049253223526482,109.14367816091954
7.486227544910179,0.5067705328228973,113.07471264367815
7.466526946107784,0.5022342505980456,112.82183908045977
7.466526946107784,0.49960650141819174,111.22413793103448
7.407425149700598,0.5088489489929479,109.06896551724138
7.249820359281436,0.501631475773182,108.35632183908046
7.249820359281436,0.48301570571752506,110.9080459770115
7.249820359281436,0.480846711847163,109.65517241379311
7.131616766467064,0.4688170726058576,110.94827586206897
7.131616766467064,0.4823590688501009,110.9367816091954
7.131616766467064,0.4856814682764733,106.88505747126437
7.092215568862275,0.4914290119498312,103.79885057471265
6.895209580838323,0.46844020019132493,108.7816091954023
6.875508982035927,0.43735900140140055,121.53448275862068
6.875508982035927,0.41735677828012163,124.82183908045977
6.855808383233532,0.3741574923759906,128.56896551724137
6.836107784431137,0.4047077956122324,124.91954022988506
6.836107784431137,0.44059349609543097,111.77586206896552
6.639101796407185,0.45124846825091475,108.0
6.599700598802395,0.4491521124417826,112.30459770114942
6.58,0.4458307442105285,114.34482758620689
6.58,0.40362832075406885,112.89655172413794
6.560299401197604,0.4248308994544845,108.5574712643678
6.422395209580838,0.4272680017113261,108.21264367816092
6.422395209580838,0.42810877306520334,108.70114942528735
6.264790419161677,0.41973803487119266,105.60344827586206
6.264790419161677,0.4068461614714503,109.00574712643679
6.24508982035928,0.40036154789763945,109.22988505747126
6.1465868263473045,0.35360663485862526,119.27586206896552
6.1465868263473045,0.35310764763921176,121.52873563218391
6.1465868263473045,0.37891447889609337,121.35632183908046
6.1465868263473045,0.4118976107063916,104.1264367816092
5.9298802395209576,0.39757368445906915,108.683908045977
5.910179640718562,0.3815925202425663,117.05747126436782
5.8904790419161674,0.3156956417960516,127.5
5.870778443113771,0.3286636846570075,128.07471264367817
5.870778443113771,0.3582127521553363,124.183908045977
5.870778443113771,0.4010929418784099,111.16091954022988
5.67377245508982,0.40782898333513407,112.12068965517241
5.654071856287425,0.3912630970804696,116.55172413793103
5.654071856287425,0.35556960568464907,119.35057471264368
5.6343712574850295,0.35287035957987406,116.08045977011494
5.535868263473053,0.35203067379511904,119.82758620689656
5.516167664670658,0.3590095300309754,119.33908045977012
5.417664670658683,0.3715854690536569,112.22988505747126
5.378263473053892,0.35161513572384895,121.22988505747126
5.358562874251496,0.35930573765932056,120.87931034482759
5.3388622754491015,0.36294792906696605,117.29885057471265
5.319161676646706,0.3588878848705938,114.14942528735632
5.200958083832335,0.3254539240591947,126.35057471264369
5.181257485029939,0.3189145685873346,128.07471264367817
5.141856287425149,0.30681864024118904,129.41954022988506
5.122155688622754,0.31611821848293004,126.55747126436782
5.082754491017963,0.35677352216139196,112.55172413793103
4.964550898203592,0.35238065215664005,112.95402298850574
4.925149700598801,0.3262434763698024,121.08620689655173
4.905449101796407,0.2855779224944213,126.08045977011494
4.885748502994011,0.2917409621994804,121.15517241379311
4.846347305389221,0.30250971278636973,115.73563218390805
4.747844311377245,0.31047930490933084,114.60919540229885
4.72814371257485,0.2992924383982658,115.43103448275862
4.68874251497006,0.297342802133752,111.01724137931035
4.629640718562874,0.27733452146442195,115.82758620689656
4.570538922155688,0.26955130635256275,115.7183908045977
4.531137724550898,0.27030245152770715,117.50574712643679
4.491736526946108,0.2795751644431054,115.70689655172414
4.452335329341317,0.28141027380681605,113.69540229885058
4.373532934131736,0.25634546965843186,127.0632183908046
4.353832335329341,0.24998702598157216,129.86206896551724
4.334131736526945,0.2549522009172352,125.85057471264369
4.294730538922154,0.25916667787845943,119.8735632183908
4.215928143712575,0.25844751859980203,115.12068965517241
4.176526946107784,0.2529956565835966,117.47126436781609
4.097724550898203,0.24579090858380387,117.65517241379311
4.058323353293413,0.227892896181534,124.40804597701148
4.038622754491017,0.23093412017060502,124.73563218390805
3.9992215568862273,0.2527598618676802,115.39655172413794
3.9204191616766466,0.2515447741102119,120.01724137931035
3.9007185628742516,0.22523015756588474,126.04022988505747
3.8416167664670655,0.2121711188909504,135.0632183908046
3.8219161676646696,0.2230799248310212,132.32183908045977
3.762814371257485,0.23478191807068996,130.4367816091954
3.7431137724550894,0.23539907626172243,129.32758620689654
3.6643113772455087,0.2265450252970273,129.08620689655172
3.624910179640718,0.23002866551620257,126.43103448275863
3.5855089820359276,0.2199642330155615,130.3448275862069
3.565808383233532,0.2080899720391791,140.04022988505747
3.506706586826347,0.21808264448931086,133.40804597701148
3.4673053892215564,0.22402824115831216,130.93103448275863
3.3885029940119757,0.221505961992299,131.86206896551724
3.3688023952095807,0.21466484685615303,134.5632183908046
3.3097005988023946,0.21129425361049164,127.7528735632184
3.2702994011976045,0.21202085321755987,130.28735632183907
3.250598802395209,0.22363206669506394,127.16091954022988
3.1914970059880234,0.22576148967307086,126.58045977011494
3.1323952095808383,0.21504567933975793,127.183908045977
3.112694610778443,0.20791632913035693,131.82758620689654
3.053592814371257,0.23770215024421373,120.01149425287356
2.9944910179640716,0.23751991061231256,118.21264367816092
2.9747904191616765,0.21664918021743568,131.01724137931035
2.9156886227544905,0.21546553042319455,131.57471264367817
2.895988023952096,0.22081774849457747,125.42528735632183
2.856586826347305,0.23812834292634744,120.30459770114942
2.7974850299401193,0.23366295535157006,127.2183908045977
2.758083832335329,0.23991073438549135,125.9367816091954
2.679281437125748,0.257947229754328,120.26436781609195
2.639880239520958,0.24142924794483803,120.683908045977
2.6201796407185625,0.23131478365334288,124.27586206896552
2.5807784431137724,0.259340531988618,112.61494252873563
2.5216766467065863,0.2781936567310561,107.33333333333333
2.482275449101796,0.2958621147910365,109.51149425287356
2.4428742514970057,0.2991178004351658,102.61494252873563
2.38377245508982,0.2862996580572209,107.94827586206897
2.34437125748503,0.2928279704611722,109.75862068965517
2.3246706586826344,0.3017190875721222,104.49425287356321
2.265568862275449,0.2985759685328747,101.48850574712644
2.245868263473054,0.30612613154697205,102.75862068965517
2.2064670658682632,0.33492940280698086,99.25287356321839
2.186766467065868,0.3445464029327708,94.75862068965517
2.088263473053892,0.34853025644213,92.16666666666667
2.0685628742514965,0.3633010094513878,92.83908045977012
2.009461077844311,0.36935846728855365,94.5919540229885
2.009461077844311,0.3679591512337692,96.2816091954023
2.009461077844311,0.3644794309579214,95.97126436781609
1.9897604790419157,0.36962850587742846,91.80459770114942
1.89125748502994,0.37073231231408116,92.35632183908046
1.8715568862275447,0.375543590687835,92.183908045977
1.7927544910179638,0.3741487213320238,97.49425287356321
1.7927544910179638,0.3998604554236118,94.80459770114942
1.7730538922155687,0.414890033121663,92.24712643678161
1.713952095808383,0.42001904448983574,83.12068965517241
1.6745508982035926,0.4248029820240214,81.80459770114942
1.615449101796407,0.4438437753215428,83.83333333333333
1.5760479041916167,0.4452379759120334,83.13218390804597
1.516946107784431,0.429314581820341,90.73563218390805
1.4775449101796405,0.4435110061787671,91.64367816091954
1.4775449101796405,0.457423495514834,88.73563218390805
1.4578443113772452,0.47294977552707723,84.10919540229885
1.3593413173652693,0.4926076289988279,82.20114942528735
1.339640718562874,0.4806294960705374,83.27586206896552
1.3002395209580837,0.4739615334548294,85.3103448275862
1.2608383233532932,0.49322304634643904,87.47701149425288
1.2608383233532932,0.5076166651846852,86.23563218390805
1.1820359281437125,0.5090659108472867,88.35057471264368
1.1623353293413172,0.5293469498329246,90.47701149425288
1.142634730538922,0.5419923011107559,91.56896551724138
1.142634730538922,0.5504207809440551,90.54022988505747
1.1032335329341316,0.5629760967883605,84.02298850574712
1.0244311377245507,0.558570782299665,86.7183908045977
1.0047305389221555,0.5687730356011838,86.19540229885058
0.9850299401197603,0.5773739789973886,82.59770114942529
0.9062275449101795,0.5619598172863637,79.24712643678161
0.8668263473053891,0.19495639156469668,82.44827586206897
0.8471257485029939,0.15996126199531718,80.73563218390805
0.7880239520958083,0.1490941919961693,78.20114942528735
0.7683233532934131,0.1959710765671679,80.42528735632185
0.7683233532934131,0.18307453657958578,86.5
0.7683233532934131,0.1762465035154866,89.02873563218391
0.7683233532934131,0.17511546637032965,90.14942528735632
0.7683233532934131,0.17354281960864507,91.72413793103448
0.7683233532934131,0.17264910950376472,92.29310344827586
0.7683233532934131,0.17208899894662835,92.54597701149426
0.7683233532934131,0.1731852565884717,92.73563218390805
0.7683233532934131,0.17183375319716368,92.84482758620689
0.7683233532934131,0.17212595274081086,93.0919540229885
0.7683233532934131,0.17177728315780402,93.11494252873563
0.7683233532934131,0.171539388047107,93.63793103448276
0.7683233532934131,0.17038780014916935,93.5
0.7683233532934131,0.1712929417108859,93.52298850574712
0.7683233532934131,0.17058369256366707,93.83333333333333
0.7683233532934131,0.16992629450701494,93.9080459770115
0.7683233532934131,0.16909899019585864,94.12068965517241
0.7683233532934131,0.16943385058109012,94.12068965517241
0.7683233532934131,0.16856786928936318,94.183908045977
0.7683233532934131,0.16873184525733284,94.22988505747126
0.7683233532934131,0.16878888994375443,94.2183908045977
0.7683233532934131,0.16801569745597553,94.41379310344827
0.7683233532934131,0.16810842300122822,94.37931034482759
0.7683233532934131,0.1681795579227419,94.48850574712644
0.7683233532934131,0.16869187863987167,94.37931034482759
0.7683233532934131,0.16841295059500916,94.51149425287356
0.7683233532934131,0.1684642803599055,94.21264367816092
