10.216565656565658,0.1864212708949539,1.772334293948127
10.216565656565658,0.1072753971432399,2.040345821325648
10.216565656565658,0.10050619834710724,2.020172910662824
9.77979797979798,0.40761366041365976,1.8011527377521617
9.77979797979798,0.36670915962344586,1.749279538904899
9.60888888888889,0.3585122380977312,1.760806916426512
9.001212121212122,0.14836752147015028,6.394812680115274
9.001212121212122,0.3536914768329636,6.561959654178674
8.982222222222223,0.24626647426647436,7.357348703170027
8.982222222222223,0.3418140341587915,7.654178674351586
8.982222222222223,0.3884821445235581,6.631123919308356
8.754343434343435,0.39620805411777343,7.512968299711817
8.735353535353536,0.4140094517004341,8.605187319884726
8.735353535353536,0.35128089228545895,9.4178674351585
8.735353535353536,0.36256201958803214,9.864553314121038
8.735353535353536,0.38151917147086173,9.631123919308356
8.735353535353536,0.3821705814277341,9.610951008645534
8.65939393939394,0.3697325100994833,10.273775216138327
8.526464646464646,0.3964700885856955,12.27377521613833
8.526464646464646,0.401424014934228,12.587896253602306
8.507474747474749,0.3617486276376327,12.512968299711815
8.488484848484848,0.3651686837654582,12.899135446685879
8.393535353535354,0.38297287373393535,13.412103746397694
8.393535353535354,0.38991729507586337,13.697406340057636
8.260606060606062,0.44982585506698314,13.625360230547551
8.260606060606062,0.4448007373981952,14.409221902017292
8.260606060606062,0.4326737840973916,14.976945244956772
8.241616161616161,0.4125351839985419,15.302593659942362
8.203636363636365,0.42384712761468446,15.734870317002883
8.108686868686869,0.3842886609034637,17.204610951008647
8.08969696969697,0.37167207145701764,18.997118155619596
8.08969696969697,0.3790891533331594,20.3342939481268
7.9947474747474745,0.3942203864426445,21.054755043227665
7.9947474747474745,0.3603755711807685,23.45244956772334
7.9947474747474745,0.34646279393086304,25.0
7.9947474747474745,0.36964539373924254,24.72046109510086
7.89979797979798,0.39915666938464506,24.706051873198845
7.89979797979798,0.40397443505167874,24.731988472622476
7.861818181818183,0.42539992536702986,24.247838616714695
7.785858585858587,0.41538539674173164,24.9971181556196
7.785858585858587,0.42687223113552947,25.472622478386167
7.785858585858587,0.4149101891783242,25.0806916426513
7.6909090909090905,0.4409849863443178,27.126801152737748
7.633939393939394,0.4150104613666261,28.90201729106628
7.633939393939394,0.421123331581277,29.61959654178674
7.501010101010101,0.40383089366253533,31.48414985590778
7.501010101010101,0.39117791045031874,34.596541786743515
7.501010101010101,0.3963313515554628,35.60518731988472
7.463030303030304,0.3891002712367336,36.10951008645533
7.406060606060606,0.3853403510023976,37.4121037463977
7.387070707070707,0.39142636201289777,37.824207492795395
7.34909090909091,0.39994587443535173,38.21325648414985
7.33010101010101,0.40814385936125114,39.13544668587896
7.235151515151515,0.41732012584980605,38.720461095100866
7.216161616161616,0.4224662318601719,40.80115273775216
7.216161616161616,0.41902380484763607,41.35158501440922
7.15919191919192,0.4139643309713131,43.757925072046106
7.140202020202021,0.41189877138297043,44.440922190201725
7.0452525252525255,0.39936996545228515,45.65129682997118
7.0452525252525255,0.4005611720039464,47.21325648414986
7.0452525252525255,0.41383176817319817,48.26512968299712
7.026262626262627,0.42052390298157155,47.930835734870314
6.8933333333333335,0.43602973472827916,47.074927953890494
6.855353535353535,0.4237611231189483,48.73487031700288
6.855353535353535,0.39607220396370213,51.73198847262248
6.817373737373738,0.41046744353421055,52.60230547550432
6.779393939393939,0.39101048374144626,55.89625360230547
6.760404040404041,0.3683269860881899,57.429394812680115
6.7414141414141415,0.3937190587926471,59.36311239193084
6.7414141414141415,0.40013865947052196,59.345821325648416
6.7414141414141415,0.40829264687247185,57.80691642651297
6.646464646464646,0.4078137838755813,58.35446685878962
6.532525252525253,0.40232330495240265,63.10086455331412
6.532525252525253,0.41094320971443415,65.37752161383285
6.532525252525253,0.40473750709136713,66.31988472622479
6.513535353535354,0.39592123594549333,65.93948126801153
6.437575757575758,0.40080482262155276,66.68587896253601
6.361616161616162,0.39243943311672,68.35734870317002
6.361616161616162,0.38342952456904744,72.04899135446685
6.342626262626263,0.39355591015628577,73.11527377521614
6.266666666666667,0.38792033133963943,73.21325648414985
6.247676767676768,0.4006171464234008,74.64553314121038
6.171717171717172,0.3983767081467961,74.18155619596541
6.171717171717172,0.39485259283955443,75.62247838616715
6.133737373737374,0.3944908063583363,78.69740634005764
6.057777777777778,0.3816551605253868,80.57060518731988
6.038787878787879,0.370466759174455,84.63112391930835
6.038787878787879,0.3784070931040033,85.69452449567723
6.01979797979798,0.38567711904262136,85.14985590778099
5.943838383838384,0.3872708935465529,85.18155619596543
5.867878787878788,0.37315964200833807,88.96829971181556
5.848888888888888,0.3754552259403055,92.38328530259366
5.82989898989899,0.3629910290126557,95.62824207492795
5.82989898989899,0.36087807111090553,94.8386167146974
5.772929292929293,0.37899462010842255,93.25072046109511
5.715959595959596,0.3816712259656332,91.58789625360231
5.640000000000001,0.3835053091576827,92.59654178674351
5.583030303030304,0.3770129796097728,98.78386167146974
5.583030303030304,0.37235204697947333,100.5850144092219
5.5260606060606055,0.35755339237424866,104.39193083573487
5.5260606060606055,0.35524635999534826,104.87608069164264
5.45010101010101,0.3598987222029923,105.09798270893373
5.431111111111112,0.3620311384798608,108.36023054755043
5.374141414141414,0.3632923298602625,109.97694524495678
5.3361616161616165,0.3537669405111209,113.7406340057637
5.317171717171718,0.3539271381542436,113.65129682997117
5.298181818181818,0.3566602184416529,112.81556195965419
5.222222222222222,0.35884559529086074,114.80979827089337
5.1842424242424245,0.35496865356364427,116.75504322766571
5.146262626262626,0.34885677580725816,119.94236311239194
5.108282828282829,0.3447445910873347,121.6657060518732
5.108282828282829,0.3428918429347885,123.41498559077812
5.051313131313131,0.33834967905964936,127.08933717579251
5.0323232323232325,0.3374209293068545,127.80403458213256
4.975353535353535,0.34910182876988766,128.4178674351585
4.975353535353535,0.3476140642504677,129.35446685878964
4.918383838383838,0.3461501698145504,129.05763688760806
4.899393939393939,0.3431896364618626,131.63976945244954
4.8804040404040405,0.339957675910454,133.9250720461095
4.823434343434343,0.3349505379534959,135.28242074927954
4.823434343434343,0.3249786834908692,139.21325648414984
4.747474747474747,0.32322236300659024,142.29394812680115
4.728484848484849,0.3242988430544553,142.2564841498559
4.690505050505051,0.32520246313547074,144.03746397694525
4.652525252525253,0.32030526062958126,146.19596541786746
4.614545454545454,0.3058805627051107,148.04899135446686
4.576565656565657,0.30644700685516996,148.6484149855908
4.557575757575758,0.3024734801904463,149.0172910662824
4.538585858585859,0.33618044964623894,147.12968299711815
4.51959595959596,0.34071562124885796,143.38328530259366
4.367676767676768,0.34334944727511857,144.8299711815562
4.367676767676768,0.3328508201222752,152.20172910662825
4.32969696969697,0.3056059955148502,160.57925072046112
4.310707070707071,0.3067846098071919,162.87608069164264
4.2727272727272725,0.2986077751809091,165.29106628242076
4.234747474747475,0.3108067988241181,165.36023054755043
4.177777777777778,0.31624400724525625,166.72334293948128
4.158787878787879,0.3203676397378775,168.88760806916426
4.1018181818181825,0.32285173320351623,168.5043227665706
4.025858585858586,0.3207278936132913,169.17291066282422
4.006868686868687,0.31911059001106157,171.95100864553316
3.968888888888889,0.31589497561425767,174.30259365994237
3.94989898989899,0.31055995006294307,177.16426512968297
3.8929292929292934,0.3043048144553743,178.149855907781
3.854949494949495,0.3047331670909386,179.38904899135449
3.816969696969697,0.3035708226847468,182.60806916426512
3.778989898989899,0.29755735132330124,186.44380403458212
3.741010101010101,0.2946048783429253,187.5158501440922
3.703030303030303,0.2973638657222977,191.2420749279539
3.6840404040404042,0.29731681918801905,191.45244956772333
3.646060606060606,0.298117107714408,191.72622478386168
3.589090909090909,0.2930178195738099,195.2420749279539
3.551111111111111,0.29353795094505836,199.78097982708934
3.5131313131313133,0.28475347204143486,202.66282420749278
3.475151515151515,0.2808707442430634,205.1873198847262
3.4371717171717173,0.2832854367097122,208.8299711815562
3.3802020202020207,0.27986738764630104,212.4207492795389
3.3422222222222224,0.27888355564420214,215.49279538904898
3.3042424242424246,0.28107816059075635,217.2391930835735
3.2852525252525253,0.2804510745937148,215.94812680115274
3.2472727272727275,0.27988817768419644,214.63400576368878
3.1903030303030304,0.2801771481057742,223.46397694524498
3.1333333333333333,0.28525709983950165,220.5821325648415
3.1143434343434344,0.28912970346593164,219.85878962536023
3.076363636363636,0.29160827209619694,222.62824207492795
3.0193939393939395,0.2896832348628965,227.64265129682997
2.9814141414141417,0.2980023921838869,231.79538904899135
2.9434343434343435,0.2895558006114267,234.36023054755046
2.9054545454545457,0.30037277426022474,235.68011527377521
2.8484848484848486,0.3184659742757991,236.5907780979827
2.8294949494949497,0.32324465568331606,238.87031700288185
2.8105050505050504,0.33332834556659,237.65417867435158
2.7535353535353537,0.33559464984753684,237.79538904899135
2.715555555555556,0.33545791421496496,238.9827089337176
2.6775757575757577,0.34609335140969577,240.48703170028818
2.658585858585859,0.3519180192310704,241.92795389048993
2.6016161616161617,0.35501108224928396,243.02881844380403
2.563636363636364,0.3622868621002721,242.5936599423631
2.5256565656565657,0.3721073411139026,242.89913544668588
2.4876767676767675,0.3936565104016157,243.2622478386167
2.4496969696969697,0.40401970278966054,243.5763688760807
2.4117171717171715,0.39879209610184296,243.8184438040346
2.354747474747475,0.4082501690912643,244.78962536023056
2.3357575757575755,0.4115893214984325,245.38328530259366
2.278787878787879,0.41293595819664863,246.46685878962535
2.25979797979798,0.4154519933644561,246.4812680115274
2.183838383838384,0.43188732431913707,246.22766570605188
2.183838383838384,0.4332150211429298,246.82132564841498
2.107878787878788,0.43993610213706846,246.9971181556196
2.107878787878788,0.443217433350078,246.82420749279538
2.0509090909090912,0.45073420210932447,248.11815561959656
2.031919191919192,0.46062215067995216,248.2507204610951
1.974949494949495,0.45392877800110715,248.85014409221904
1.898989898989899,0.4643016105391099,249.35158501440924
1.88,0.47426604912834924,249.97118155619597
1.88,0.47481928791829386,249.76657060518733
1.7850505050505052,0.490347162178393,250.3342939481268
1.7470707070707072,0.4968327505072614,250.985590778098
1.728080808080808,0.5199428554704628,251.4149855907781
1.728080808080808,0.5270851905182613,251.0864553314121
1.6711111111111112,0.5446959554053384,251.0951008645533
1.6141414141414143,0.5761738898914368,250.97694524495677
1.576161616161616,0.5889880514585129,250.76080691642653
1.576161616161616,0.5908816667643212,250.69164265129683
1.5571717171717172,0.5874216504746332,250.81844380403456
1.4432323232323232,0.5886342589581165,250.45533141210376
1.4432323232323232,0.6099001954206473,250.52161383285303
1.3862626262626263,0.6127448895817732,250.13256484149855
1.2913131313131314,0.6148385835776886,250.11239193083574
1.1204040404040405,0.6217976251285156,250.0893371757925
1.1014141414141414,0.6188023349362028,250.835734870317
1.0824242424242425,0.6164636512620815,250.985590778098
1.0064646464646465,0.6137507337072781,251.314121037464
0.9305050505050505,0.6100321411943872,253.6829971181556
0.9305050505050505,0.6042847920981903,254.04322766570604
0.9115151515151515,0.5994833758898199,254.314121037464
0.8925252525252526,0.600931885152565,254.5763688760807
0.8925252525252526,0.595335344843004,254.77521613832852
0.8925252525252526,0.5906769029353195,254.7463976945245
0.8735353535353536,0.576174547033942,254.5850144092219
0.8735353535353536,0.5579535141874965,254.63976945244957
0.8545454545454546,0.5384676374802642,254.6685878962536
0.8545454545454546,0.5369303878897376,254.70028818443805
0.7595959595959596,0.5014901771535817,254.48414985590776
0.7595959595959596,0.4719166077460279,254.52737752161383
0.7026262626262626,0.41787507073369157,254.1613832853026
0.6836363636363636,0.2289895632316178,254.2507204610951
0.6456565656565657,0.24712480192618935,253.05763688760806
0.5886868686868687,0.24104791075863896,252.62536023054756
0.5696969696969697,0.20470304977799783,252.850144092219
