14.87964705882353,0.14723637297382158,32.68032786885246
14.87964705882353,0.1478944852941154,32.22950819672131
16.223294117647058,0.17163779694570183,96.28688524590164
16.223294117647058,0.24945908363996577,97.54098360655738
16.223294117647058,0.24897607858609075,97.54098360655738
16.19841176470588,0.27323751897018517,97.5
16.12376470588235,0.2991538821449917,96.20491803278688
15.850058823529412,0.500998029043492,96.86065573770492
15.850058823529412,0.5306692539297265,100.38524590163935
15.850058823529412,0.7029493797178975,101.94262295081967
15.850058823529412,0.7464669286813346,102.91803278688525
15.850058823529412,0.8823021025010815,103.48360655737704
14.780117647058821,0.20135001417656131,104.56557377049181
14.780117647058821,0.20082820116345207,105.40163934426229
14.780117647058821,0.20052162147933714,107.78688524590164
14.780117647058821,0.2004662502205179,107.74590163934427
14.780117647058821,1.2533136075131068,112.81147540983606
14.780117647058821,1.2326050312614039,113.14754098360656
14.780117647058821,1.211920850982517,114.00819672131148
14.780117647058821,1.185500080953488,114.77049180327869
14.780117647058821,1.1609473713732406,116.14754098360656
14.780117647058821,1.1604851288395512,116.5
14.780117647058821,1.0011590597570426,124.58196721311475
14.780117647058821,1.000575524520096,125.1639344262295
14.780117647058821,0.9796105034767656,128.94262295081967
14.780117647058821,0.9782067222769442,128.94262295081967
14.780117647058821,0.8989241324372244,133.88524590163934
14.780117647058821,0.7921675633943026,134.75409836065575
14.780117647058821,0.7960093116371337,134.95901639344262
14.780117647058821,0.7962912054946769,134.80327868852459
14.780117647058821,0.7962912054946769,134.80327868852459
14.780117647058821,0.917367584347172,135.80327868852459
14.780117647058821,0.9184255422867316,135.80327868852459
14.780117647058821,0.8461890929601162,134.13114754098362
14.780117647058821,0.8461890929601162,134.13114754098362
14.755235294117647,0.8322054738005092,130.0737704918033
14.755235294117647,0.8525836319035237,127.86885245901638
14.481529411764706,0.9224410331671122,126.22131147540983
14.481529411764706,0.9233428030944119,126.18032786885246
14.456647058823528,0.9215127162690504,129.844262295082
14.456647058823528,0.9189473744776747,130.55737704918033
14.456647058823528,0.9190034935106263,130.58196721311478
14.456647058823528,0.9335369024554668,130.4426229508197
14.456647058823528,0.9334571766471785,130.46721311475412
14.431764705882353,1.0049300145500535,124.05737704918033
14.108294117647057,1.0056717063854685,123.30327868852459
14.108294117647057,1.005909913956854,123.27868852459017
14.108294117647057,0.9033840908722821,128.58196721311475
14.108294117647057,0.9033690146520782,128.58196721311475
14.108294117647057,0.9225662469903423,129.2377049180328
14.108294117647057,0.9759445907434,126.01639344262296
14.108294117647057,0.975971017764668,126.00819672131146
14.108294117647057,0.9127859765128182,122.47540983606557
14.108294117647057,0.9125194426051908,122.42622950819671
13.859470588235293,0.9102551640199448,119.10655737704919
13.859470588235293,0.9202634485442392,118.56557377049181
13.859470588235293,0.9213319882902258,118.50819672131148
13.560882352941174,0.986281943575403,123.20491803278688
13.560882352941174,0.9864064174901109,123.18032786885246
13.560882352941174,0.9308580018532943,126.46721311475409
13.560882352941174,0.8748927138271042,127.4344262295082
13.560882352941174,0.8748927138271042,127.4344262295082
13.560882352941174,0.9042747929596894,125.58196721311475
13.560882352941174,0.9042747929596894,125.58196721311475
13.560882352941174,0.8723221556004371,121.6311475409836
13.18764705882353,0.8971273053469174,119.02459016393442
13.18764705882353,0.8970742095821815,119.0
13.18764705882353,0.905540820920757,119.1967213114754
13.18764705882353,0.9051823694394238,119.27868852459017
13.18764705882353,0.9051823694394238,119.27868852459017
13.18764705882353,0.9518423917060004,115.96721311475409
12.938823529411764,0.9119062709045094,110.27868852459017
12.938823529411764,0.9116846222258661,110.45901639344262
12.913941176470587,0.9117471472208707,110.8688524590164
12.913941176470587,0.9123771221322741,110.72131147540983
12.913941176470587,0.9125786853033133,110.72131147540983
12.913941176470587,0.9364482572224072,108.93442622950819
12.88905882352941,0.9036147560901807,105.81147540983606
12.88905882352941,0.9036248105379673,105.77049180327869
12.540705882352942,0.8193147850211943,110.63934426229508
12.540705882352942,0.8193147850211943,110.63934426229508
12.46605882352941,0.8599479048318683,112.57377049180327
12.46605882352941,0.8541743538894465,111.73770491803279
12.416294117647059,0.8653704649095126,109.78688524590164
12.416294117647059,0.8645409643754289,109.87704918032787
12.416294117647059,0.8114744273487355,107.72131147540983
12.416294117647059,0.8115204427842231,107.68032786885246
12.416294117647059,0.8578024644385944,103.27868852459017
12.416294117647059,0.8590354826726324,103.23770491803279
12.19235294117647,0.8798366650547957,100.4672131147541
12.19235294117647,0.8798397689899149,100.4672131147541
12.19235294117647,0.9193081753644651,99.62295081967213
12.167470588235293,0.8981233182709251,98.36065573770492
12.167470588235293,0.8981055043623758,98.36065573770492
11.868882352941176,0.8340801586369038,95.68852459016394
11.62005882352941,0.8203453974021113,100.64754098360656
11.62005882352941,0.8292411654762859,103.22950819672131
11.62005882352941,0.8291580966593778,103.22950819672131
11.62005882352941,0.8066209533564677,110.54098360655738
11.62005882352941,0.8068474539069359,110.47540983606558
11.62005882352941,0.8068980099502483,110.47540983606558
11.62005882352941,0.8176582213378023,109.09836065573771
11.62005882352941,0.8179865776311663,109.09836065573771
11.62005882352941,0.8042156942196989,106.81967213114754
11.62005882352941,0.8337725870586872,104.77868852459017
11.62005882352941,0.833122822339213,104.14754098360656
11.520529411764706,0.8524389714307468,102.84426229508196
11.520529411764706,0.85218353452078,102.81967213114754
11.221941176470587,0.8017140394513776,118.18032786885246
11.221941176470587,0.8014465638718695,118.27049180327869
11.221941176470587,0.8217534815794834,119.00819672131148
11.221941176470587,0.7494740302440339,120.8688524590164
11.221941176470587,0.7498079180317256,120.8688524590164
11.221941176470587,0.7474149119832648,119.71311475409836
11.221941176470587,0.8151731950932963,116.6639344262295
11.221941176470587,0.8151731950932963,116.6639344262295
11.197058823529412,0.7981650339935794,112.12295081967213
11.197058823529412,0.7986580518711215,112.12295081967213
10.92335294117647,0.872237034696064,103.5327868852459
10.92335294117647,0.8722544576622775,103.52459016393442
10.699411764705882,0.8642201569157606,105.55737704918033
10.699411764705882,0.7778448653996789,112.59016393442623
10.699411764705882,0.7778202025145707,112.60655737704919
10.699411764705882,0.7778202025145707,112.60655737704919
10.674529411764706,0.7928540827214843,110.59016393442623
10.674529411764706,0.7928540827214843,110.59016393442623
10.400823529411763,0.7982078319368437,114.31147540983606
10.400823529411763,0.7983016098107887,114.31147540983606
10.400823529411763,0.7754837307217709,117.18852459016394
10.400823529411763,0.7754349736383944,117.18852459016394
10.400823529411763,0.7742374746222938,117.35245901639344
10.400823529411763,0.7963884950561418,116.65573770491804
10.400823529411763,0.796428272163566,116.65573770491804
10.375941176470587,0.8060010900083742,114.29508196721312
10.375941176470587,0.8059567165067966,114.29508196721312
10.07735294117647,0.7710047036197789,119.70491803278688
10.07735294117647,0.7707391293759075,119.84426229508196
10.07735294117647,0.7180134871252086,118.20491803278688
10.07735294117647,0.7180343941041037,118.20491803278688
10.07735294117647,0.7182992084030795,116.56557377049181
9.778764705882352,0.7329565484528745,115.87704918032787
9.778764705882352,0.7327533458557349,115.8360655737705
9.778764705882352,0.7439529055862752,118.18032786885246
9.778764705882352,0.7441356835825991,118.10655737704919
9.778764705882352,0.7385598026385563,124.70491803278688
9.778764705882352,0.738675984831279,124.70491803278688
9.778764705882352,0.728108666778841,119.93442622950819
9.778764705882352,0.7280523567835544,119.93442622950819
9.629470588235293,0.756314780575111,106.22131147540983
9.629470588235293,0.7526317015775024,107.48360655737704
9.629470588235293,0.752753934516308,107.37704918032787
9.281117647058823,0.7125748461921804,111.85245901639345
9.281117647058823,0.7125385162460796,111.85245901639345
9.281117647058823,0.7124970996745799,111.85245901639345
9.281117647058823,0.690168410034602,118.18032786885246
9.281117647058823,0.6918339850029489,118.36065573770492
9.15670588235294,0.6976898771992746,117.61475409836065
9.15670588235294,0.6976898771992746,117.61475409836065
9.131823529411765,0.7000038313758449,120.6311475409836
9.131823529411765,0.7002273001205308,120.61475409836065
9.131823529411765,0.700165032108676,120.61475409836065
8.957647058823529,0.658078862935084,122.31147540983606
8.957647058823529,0.6580969448320584,122.31147540983606
8.708823529411763,0.660068215874255,126.22131147540983
8.708823529411763,0.6602179829576246,126.10655737704917
8.708823529411763,0.6601535158446566,126.10655737704917
8.708823529411763,0.6284213804466668,136.21311475409837
8.708823529411763,0.6283147881782537,136.21311475409837
8.683941176470588,0.6585033460315854,128.29508196721312
8.609294117647059,0.6552832714075916,126.1311475409836
8.609294117647059,0.6552765294638412,126.1311475409836
8.459999999999999,0.6660889309478282,121.31967213114754
8.459999999999999,0.6660331308275239,121.35245901639344
8.459999999999999,0.6662284312485887,121.35245901639344
8.335588235294116,0.6487349017253196,126.31147540983608
8.335588235294116,0.6486805560806936,126.31147540983608
8.211176470588233,0.5942910498620328,135.9344262295082
8.211176470588233,0.5942910498620328,135.9344262295082
8.111647058823529,0.5945428937193247,129.9262295081967
8.111647058823529,0.5944629486962056,130.04098360655738
8.111647058823529,0.5944309706869565,130.05737704918033
8.111647058823529,0.5943030586499665,130.05737704918033
7.96235294117647,0.5970239863889436,134.04918032786884
7.96235294117647,0.5972255665692731,133.91803278688525
7.96235294117647,0.5972255665692731,133.91803278688525
7.837941176470587,0.5627933680768388,135.21311475409837
7.837941176470587,0.5627933680768388,135.21311475409837
7.589117647058823,0.5575372167309545,135.22131147540983
7.589117647058823,0.5575372167309545,135.22131147540983
7.589117647058823,0.5500891875753623,148.54098360655738
7.589117647058823,0.5572596873560254,141.95081967213116
7.589117647058823,0.5566031252289296,142.0
7.589117647058823,0.5566031252289296,142.0
7.439823529411765,0.5551563607999519,136.32786885245903
7.439823529411765,0.5551258265877663,136.32786885245903
7.439823529411765,0.5551258265877663,136.32786885245903
7.0914705882352935,0.512522783003028,143.7377049180328
7.166117647058822,0.5094845403178124,144.48360655737704
7.166117647058822,0.5094845403178124,144.48360655737704
7.0914705882352935,0.5150492826831009,142.24590163934425
7.016823529411765,0.49726689164266985,143.93442622950818
7.016823529411765,0.4972542013392845,143.93442622950818
7.016823529411765,0.4971917557872913,143.80327868852459
6.718235294117646,0.5135899613896763,144.87704918032787
6.718235294117646,0.5130548172682383,145.01639344262296
6.718235294117646,0.5130548172682383,145.01639344262296
6.718235294117646,0.47762488695836036,147.61475409836066
6.718235294117646,0.47762488695836036,147.61475409836066
6.718235294117646,0.47762488695836036,147.61475409836066
6.469411764705882,0.46156450448670944,154.77868852459017
6.469411764705882,0.46156450448670944,154.77868852459017
6.469411764705882,0.4761414621628208,152.78688524590163
6.444529411764705,0.4507708332295857,164.09016393442624
6.444529411764705,0.4505740178662557,164.22131147540983
6.444529411764705,0.4505644580099249,164.2295081967213
6.170823529411764,0.47422188262734155,149.50819672131146
6.170823529411764,0.4740234192513167,149.50819672131146
6.170823529411764,0.47393521330641647,149.50819672131146
6.145941176470588,0.40830333087466203,173.09016393442624
6.145941176470588,0.4080963814291051,173.13934426229508
6.145941176470588,0.4080963814291051,173.13934426229508
6.021529411764706,0.4294843449430884,179.75409836065575
6.021529411764706,0.4294843449430884,179.75409836065575
5.77270588235294,0.4181746826489717,171.2622950819672
5.77270588235294,0.3814749959376013,183.0983606557377
5.77270588235294,0.3814749959376013,183.0983606557377
5.77270588235294,0.3814749959376013,183.0983606557377
5.523882352941175,0.4525666749286363,160.19672131147541
5.523882352941175,0.4522893214204021,160.327868852459
5.548764705882353,0.38059035488848086,184.327868852459
5.548764705882353,0.3804979514904497,184.45901639344262
5.548764705882353,0.3806617791888668,184.3360655737705
5.349705882352941,0.39542555907848403,181.01639344262296
5.349705882352941,0.39542555907848403,181.01639344262296
5.349705882352941,0.3953599856250112,181.01639344262296
5.250176470588235,0.39026373208106285,177.00819672131146
5.150647058823529,0.37015600292627776,189.3360655737705
5.150647058823529,0.3700968006498428,189.327868852459
5.150647058823529,0.3700968006498428,189.327868852459
5.051117647058823,0.3595657113070385,193.9016393442623
5.051117647058823,0.359424509059616,193.9016393442623
5.051117647058823,0.359424509059616,193.9016393442623
4.852058823529412,0.3736324538584014,184.31147540983608
4.852058823529412,0.3736010943912452,184.36885245901638
4.852058823529412,0.3736010943912452,184.36885245901638
4.727647058823529,0.3641712830855931,186.5
4.727647058823529,0.3641712830855931,186.5
4.727647058823529,0.3641712830855931,186.5
4.628117647058824,0.3737647856782881,182.01639344262296
4.603235294117647,0.37167763735737264,177.827868852459
4.603235294117647,0.3718354835132792,177.95901639344262
4.603235294117647,0.37160885343169875,177.9672131147541
4.429058823529411,0.37194309087510885,183.70491803278688
4.429058823529411,0.371233410713287,183.672131147541
4.429058823529411,0.371233410713287,183.672131147541
4.429058823529411,0.37125209948734533,183.672131147541
4.2299999999999995,0.4137405786295856,173.97540983606558
4.2299999999999995,0.41322071585344194,173.97540983606558
4.2299999999999995,0.41318068715570083,173.97540983606558
4.130470588235294,0.37802243044367956,182.80327868852459
4.130470588235294,0.37797110637000936,182.80327868852459
3.9562941176470585,0.44048720766490007,178.11475409836066
3.9562941176470585,0.44048720766490007,178.11475409836066
3.906529411764706,0.3747006930130943,176.0
3.906529411764706,0.3747006930130943,176.0
3.906529411764706,0.3747006930130943,176.0
3.8069999999999995,0.4355045783766178,176.65573770491804
3.8069999999999995,0.435504615163079,176.5983606557377
3.8069999999999995,0.435504615163079,176.5983606557377
3.8069999999999995,0.435504615163079,176.5983606557377
3.607941176470588,0.6291447287041758,148.97540983606558
3.607941176470588,0.6292028282206819,148.97540983606558
3.607941176470588,0.6292028282206819,148.97540983606558
3.5084117647058823,0.5736202750331937,149.68852459016392
3.5084117647058823,0.5719136776472452,150.05737704918033
3.359117647058823,0.5355091079960939,160.13114754098362
3.359117647058823,0.5358170265619434,160.24590163934425
3.359117647058823,0.618429747677356,157.80327868852459
3.359117647058823,0.6198022797050476,157.63114754098362
3.359117647058823,0.6198022797050476,157.63114754098362
3.2595882352941175,0.670630804383495,138.04918032786884
3.2595882352941175,0.67050581795349,138.04918032786884
3.2595882352941175,0.6710124109881326,138.04918032786884
3.2595882352941175,0.6710124109881326,138.04918032786884
3.035647058823529,0.7109255060181447,125.65573770491804
3.035647058823529,0.710551501780144,125.5
3.035647058823529,0.710551501780144,125.5
2.88635294117647,0.6784362802716707,134.52459016393442
2.88635294117647,0.6787245517244282,134.52459016393442
2.88635294117647,0.6785692009390928,134.52459016393442
2.8365882352941174,0.691679618395974,135.54918032786884
2.8365882352941174,0.691679618395974,135.54918032786884
2.7868235294117647,0.7206635620263717,127.31967213114753
2.7868235294117647,0.7206023159379599,127.31967213114753
2.7868235294117647,0.7205873425830016,127.31967213114753
2.6375294117647057,0.7496788781220532,122.01639344262296
2.6375294117647057,0.7491850133710903,122.22950819672131
2.6375294117647057,0.7491850133710903,122.22950819672131
2.6375294117647057,0.7491850133710903,122.22950819672131
2.438470588235294,0.6888085380533041,134.827868852459
2.438470588235294,0.6886112867526838,134.9262295081967
2.438470588235294,0.6886112867526838,134.9262295081967
2.3638235294117647,0.7201694318093461,122.70491803278688
2.3638235294117647,0.7213656788430476,122.22950819672131
2.3638235294117647,0.7213838083860546,122.22950819672131
2.1647647058823525,0.7532622407710743,115.81147540983606
2.1398823529411763,0.7438228812372535,117.01639344262296
2.1398823529411763,0.7440678650705563,116.98360655737704
2.1398823529411763,0.7437123006635538,117.04098360655738
2.1398823529411763,0.7437476509341691,117.04098360655738
1.9408235294117644,0.7739471464261382,117.12295081967213
1.9408235294117644,0.7733666862322324,117.44262295081967
1.9408235294117644,0.7733204451658938,117.4672131147541
1.9408235294117644,0.7733204451658938,117.4672131147541
1.8164117647058822,0.7637110064248921,115.34426229508196
1.8164117647058822,0.7635944955583233,115.34426229508196
1.8164117647058822,0.7635944955583233,115.34426229508196
1.6671176470588234,0.7544073272989226,115.6639344262295
1.6671176470588234,0.7545809118452989,115.6639344262295
1.6671176470588234,0.7544949675802703,115.6639344262295
1.642235294117647,0.7689853991596637,109.56557377049181
1.642235294117647,0.7693461364682859,109.56557377049181
1.492941176470588,0.7808599196732395,103.65573770491804
1.492941176470588,0.7813225879017567,103.40163934426229
1.3187647058823528,0.40424403033314354,103.61475409836065
1.3187647058823528,0.405437067781539,103.6311475409836
1.3187647058823528,0.4054597816562329,103.54098360655738
1.3187647058823528,0.4054597816562329,103.54098360655738
1.3187647058823528,0.40537134784738976,103.54098360655738
1.2441176470588233,0.2892013275366097,98.40163934426229
1.2441176470588233,0.2896930368106838,98.22131147540983
1.2441176470588233,0.28958665082194485,98.22131147540983
1.1943529411764704,0.21100562270986753,96.55737704918033
1.1943529411764704,0.21101031638339712,96.67213114754098
1.1943529411764704,0.21071358722279737,96.51639344262296
1.169470588235294,0.1919502902343742,94.26229508196721
1.169470588235294,0.1910440771767943,94.6639344262295
1.169470588235294,0.18997179148830526,95.08196721311475
1.169470588235294,0.1895915599664976,95.05737704918032
1.169470588235294,0.18994982359185195,95.36885245901638
1.169470588235294,0.1905161742565309,95.14754098360655
1.169470588235294,0.19050090107180123,95.0655737704918
1.169470588235294,0.19050090107180123,95.0655737704918
1.169470588235294,0.19050090107180123,95.0655737704918
1.169470588235294,0.19016876336333344,95.30327868852459
1.169470588235294,0.19064444698187819,95.37704918032786
1.169470588235294,0.1906134242853768,95.24590163934425
1.169470588235294,0.19049517281097983,95.27868852459015
1.169470588235294,0.19136066647974329,95.25409836065573
1.169470588235294,0.19151026279789762,95.27049180327869
1.169470588235294,0.19145214560249416,95.26229508196721
