15.42936630602782,0.4849091357237501,6.6126126126126135
15.350911901081917,0.4288876335595734,6.657657657657658
15.350911901081917,0.40378859275455237,6.891891891891892
15.350911901081917,0.41999987075163336,6.981981981981982
15.298608964451315,0.3904535920030499,6.891891891891892
15.298608964451315,0.4031007883331481,6.828828828828828
15.324760432766615,0.539176698500417,6.990990990990991
15.298608964451315,0.416019792105087,7.360360360360361
15.350911901081917,0.4435520505689216,6.252252252252252
15.298608964451315,0.4311784660470889,7.0540540540540535
15.298608964451315,0.41396632810775247,7.333333333333333
15.298608964451315,0.2912074961360113,7.738738738738738
15.298608964451315,0.4202448531042042,7.225225225225226
15.298608964451315,0.459205796905983,7.000000000000001
15.324760432766615,0.4766638540938783,7.2972972972972965
15.324760432766615,0.4544395589209392,7.63063063063063
15.298608964451315,0.3930948175251574,6.657657657657658
15.324760432766615,0.5393740340030911,7.18018018018018
15.324760432766615,0.5098701700154556,6.405405405405405
15.298608964451315,0.4009611739073784,6.108108108108108
15.298608964451315,0.4293199381761998,6.855855855855856
15.324760432766615,0.3826396057707691,8.0
15.324760432766615,0.4980148854399859,7.756756756756756
15.324760432766615,0.3863328634271449,7.468468468468467
15.324760432766615,0.3898501713594512,7.2972972972972965
15.298608964451315,0.4057424228144898,6.441441441441442
15.141700154559505,0.8582940203536807,6.009009009009009
14.906336939721792,0.5603294546257459,6.0990990990990985
14.775579598145285,0.5285401578415921,7.828828828828829
14.775579598145285,0.5285610039701796,7.828828828828829
14.775579598145285,0.5695559345520443,7.738738738738739
14.775579598145285,0.5689760432766618,7.801801801801801
14.749428129829983,0.4987103466186914,8.747747747747749
14.749428129829983,0.4986557067287788,9.135135135135137
14.749428129829983,0.5005939438796625,9.135135135135137
14.67097372488408,0.4333802238499506,11.207207207207208
14.67097372488408,0.4327751402449746,11.315315315315317
14.644822256568778,0.4323260188725289,12.126126126126126
14.644822256568778,0.4450460099383275,12.441441441441443
14.644822256568778,0.4450460099383275,12.441441441441443
14.592519319938177,0.39439942592183874,11.972972972972972
14.618670788253477,0.5231527670639597,11.486486486486488
14.592519319938177,0.48208955429644235,11.324324324324323
14.592519319938177,0.4841678627976725,10.945945945945947
14.435610510046367,0.5854946465620082,10.855855855855854
14.435610510046367,0.5854946465620082,10.855855855855854
14.226398763523957,0.6225820946977756,10.82882882882883
14.226398763523957,0.6494418435502609,10.99099099099099
14.12179289026275,0.5274351824500799,11.324324324324325
14.12179289026275,0.5274351824500799,11.324324324324325
14.09564142194745,0.43501857594055504,13.342342342342343
14.09564142194745,0.43501857594055504,13.342342342342343
14.017187017001545,0.44339333386860474,14.702702702702705
13.991035548686243,0.43051939182631843,13.72972972972973
13.991035548686243,0.4297794471801883,13.72972972972973
13.834126738794437,0.36006606368748306,15.963963963963966
13.834126738794437,0.3614288740713143,15.963963963963966
13.755672333848532,0.46752066580606877,15.018018018018015
13.72952086553323,0.45628275469956586,16.45045045045045
13.72952086553323,0.45154189272631945,16.441441441441444
13.72952086553323,0.45154189272631945,16.441441441441444
13.54646058732612,0.4616131724459189,16.8018018018018
13.54646058732612,0.4616131724459189,16.8018018018018
13.494157650695517,0.39565235012239375,18.666666666666668
13.441854714064913,0.3882394986065781,19.693693693693696
13.441854714064913,0.40201981748282156,18.513513513513512
13.441854714064913,0.40415371415346873,18.44144144144144
13.441854714064913,0.40415371415346873,18.44144144144144
13.284945904173105,0.4605261127119981,18.81981981981982
13.284945904173105,0.4605261127119981,18.81981981981982
13.128037094281298,0.45376799729921463,17.34234234234234
13.128037094281298,0.47284268930830214,17.855855855855857
13.075734157650695,0.4470476539164728,17.98198198198198
13.075734157650695,0.4478004398110053,17.99099099099099
13.075734157650695,0.44945238663512077,17.99099099099099
12.918825347758887,0.47591299178611784,17.99099099099099
12.918825347758887,0.47591299178611784,17.99099099099099
12.788068006182378,0.44154602039502633,21.0990990990991
12.761916537867078,0.4271002626685953,21.504504504504503
12.735765069551777,0.38019921409311647,24.513513513513516
12.735765069551777,0.38121699667575365,24.61261261261261
12.735765069551777,0.38156404829892326,24.54054054054054
12.683462132921173,0.380775218824783,26.55855855855856
12.683462132921173,0.3797160348188303,28.0990990990991
12.683462132921173,0.34855321030220493,28.090090090090094
12.683462132921173,0.3521179269239142,27.882882882882882
12.683462132921173,0.4312269126396369,25.351351351351354
12.683462132921173,0.4312269126396369,25.351351351351354
12.683462132921173,0.4312269126396369,25.351351351351354
12.578856259659968,0.49170959663455327,22.45945945945946
12.369644513137557,0.49178490718165774,22.036036036036037
12.369644513137557,0.4910199130837151,22.063063063063062
12.369644513137557,0.4102576195392538,25.531531531531535
12.369644513137557,0.41385029550441893,25.486486486486484
12.343493044822257,0.3990293020089023,25.504504504504503
12.343493044822257,0.3982566673371119,25.504504504504503
12.343493044822257,0.3982566673371119,25.504504504504503
12.186584234930447,0.3925576596989834,24.333333333333336
12.186584234930447,0.42322271046504817,26.585585585585584
12.160432766615145,0.3915573466997181,26.54054054054054
12.160432766615145,0.4083197934791285,26.630630630630627
12.160432766615145,0.42044505704050156,26.36036036036036
12.160432766615145,0.5033103183392723,22.054054054054053
12.160432766615145,0.5033103183392723,22.054054054054053
12.160432766615145,0.5033103183392723,22.054054054054053
11.898918083462132,0.47857588650558974,25.855855855855857
11.898918083462132,0.4306798036059796,26.25225225225225
11.768160741885625,0.39873086264585456,28.207207207207208
11.742009273570323,0.37709117638481715,30.234234234234236
11.742009273570323,0.3777574687839873,30.270270270270267
11.742009273570323,0.381168024310457,31.972972972972975
11.742009273570323,0.38306410133391966,31.864864864864863
11.742009273570323,0.38444503695452953,31.864864864864863
11.611251931993817,0.443205695698132,28.747747747747745
11.585100463678517,0.4010157280985068,30.144144144144143
11.585100463678517,0.4010157280985068,30.144144144144143
11.558948995363215,0.4162450899083962,30.297297297297295
11.454343122102008,0.3757914046661924,31.432432432432435
11.454343122102008,0.39367671863449993,32.68468468468468
11.454343122102008,0.3998978588990999,32.68468468468468
11.454343122102008,0.3998978588990999,32.68468468468468
11.428191653786707,0.45123890991134974,29.513513513513512
11.271282843894898,0.4069354021584785,30.324324324324323
11.218979907264297,0.3500850386089948,34.95495495495495
11.218979907264297,0.29654667201996043,35.83783783783783
11.218979907264297,0.29373939733451443,35.9009009009009
11.218979907264297,0.292602092141498,34.91891891891891
11.218979907264297,0.2945211629372766,34.73873873873873
11.218979907264297,0.2945211629372766,34.73873873873873
11.11437403400309,0.426484474292666,28.81081081081081
10.931313755795982,0.42876770511032253,27.918918918918916
10.931313755795982,0.429403016480387,27.882882882882882
10.931313755795982,0.38971536156781567,29.7027027027027
10.931313755795982,0.3044759861742537,29.37837837837838
10.931313755795982,0.30577599909193215,29.37837837837838
10.905162287480678,0.3434573323521825,30.306306306306308
10.905162287480678,0.3434573323521825,30.306306306306308
10.905162287480678,0.3434573323521825,30.306306306306308
10.695950540958268,0.4237010723941899,26.243243243243246
10.695950540958268,0.3923579836936557,30.576576576576578
10.695950540958268,0.3923579836936557,30.576576576576578
10.591344667697063,0.39528080467080323,30.153153153153156
10.591344667697063,0.3907900181095077,31.135135135135137
10.408284389489951,0.4042026711282866,32.13513513513513
10.408284389489951,0.40390066086852117,32.13513513513513
10.408284389489951,0.40390066086852117,32.13513513513513
10.382132921174652,0.327410579910254,42.909909909909906
10.382132921174652,0.3339049653006776,42.63063063063063
10.382132921174652,0.33314158460822674,42.63063063063063
10.225224111282843,0.3889208588582036,40.46846846846847
10.146769706336938,0.39272110117313097,41.11711711711712
10.146769706336938,0.39272110117313097,41.11711711711712
10.120618238021638,0.320906096055639,47.054054054054056
10.120618238021638,0.3200661332310964,47.0990990990991
10.120618238021638,0.3200661332310964,47.0990990990991
10.120618238021638,0.3221461098199216,46.90990990990991
10.042163833075735,0.36506638661718194,46.13513513513514
10.042163833075735,0.3650641520457905,46.13513513513514
9.98986089644513,0.4399438212539283,41.810810810810814
9.859103554868623,0.4251119989227544,43.11711711711712
9.859103554868623,0.4251119989227544,43.11711711711712
9.728346213292117,0.33905717330438195,51.468468468468465
9.728346213292117,0.33905717330438195,51.468468468468465
9.728346213292117,0.3462209860048595,54.09009009009009
9.728346213292117,0.3603046623870436,53.8018018018018
9.728346213292117,0.3557256150786546,53.34234234234234
9.571437403400308,0.38419177233279445,46.98198198198198
9.440680061823802,0.3981265531757052,48.810810810810814
9.440680061823802,0.39860179295478276,48.8018018018018
9.440680061823802,0.36183042020397854,51.765765765765764
9.440680061823802,0.362081829753118,51.810810810810814
9.440680061823802,0.362081829753118,51.810810810810814
9.257619783616692,0.39996859218606723,48.747747747747745
9.257619783616692,0.4011854565686956,52.009009009009006
9.257619783616692,0.4011854565686956,52.009009009009006
9.126862442040185,0.3712017406713064,52.567567567567565
9.074559505409582,0.3706024820799089,59.33333333333333
9.074559505409582,0.3703584071281399,59.44144144144144
9.048408037094282,0.3165265624046831,62.13513513513513
9.048408037094282,0.3165265624046831,62.13513513513513
9.048408037094282,0.3165265624046831,62.13513513513513
8.943802163833075,0.30859463595592973,60.990990990990994
8.917650695517775,0.4181617920676048,61.18018018018019
8.917650695517775,0.4198872144649243,61.10810810810811
8.708438948995363,0.35888940645468587,66.52252252252252
8.708438948995363,0.31295110844540874,78.92792792792793
8.708438948995363,0.3132151413248363,78.90090090090091
8.708438948995363,0.24778294393115616,82.35135135135135
8.708438948995363,0.24778294393115616,82.35135135135135
8.708438948995363,0.24778294393115616,82.35135135135135
8.682287480680062,0.35976719755503844,73.42342342342343
8.551530139103555,0.3742183320399111,67.62162162162163
8.551530139103555,0.3741949728986678,67.75675675675676
8.551530139103555,0.3741949728986678,67.75675675675676
8.420772797527048,0.4061238553557752,64.06306306306307
8.394621329211745,0.37646709850301463,65.18018018018019
8.394621329211745,0.37646709850301463,65.18018018018019
8.290015455950542,0.315850164053316,69.09009009009009
8.290015455950542,0.3153697015639362,69.08108108108108
8.290015455950542,0.3153697015639362,69.08108108108108
8.263863987635238,0.36266189840099367,63.27927927927928
8.10695517774343,0.36475710379265297,63.351351351351354
8.10695517774343,0.36475710379265297,63.351351351351354
8.10695517774343,0.3692780349815324,62.26126126126127
7.976197836166923,0.35096364848859163,63.81081081081081
7.976197836166923,0.35096364848859163,63.81081081081081
7.923894899536322,0.3259550301731821,74.3963963963964
7.923894899536322,0.32613460067805133,74.36036036036036
7.923894899536322,0.32613460067805133,74.36036036036036
7.845440494590417,0.3417583530187204,66.57657657657657
7.71468315301391,0.37198086582023654,65.72972972972973
7.71468315301391,0.37212758763600734,65.72972972972973
7.688531684698609,0.33836983271708804,74.43243243243244
7.636228748068005,0.30939502252387135,76.8108108108108
7.636228748068005,0.3077666118306313,76.91891891891892
7.557774343122102,0.34007023950437476,76.41441441441441
7.557774343122102,0.34089225345471613,76.35135135135135
7.557774343122102,0.34089225345471613,76.35135135135135
7.557774343122102,0.34089225345471613,76.35135135135135
7.374714064914992,0.35964789059453967,77.06306306306307
7.374714064914992,0.3337629245332433,79.58558558558559
7.374714064914992,0.33422719105839294,79.71171171171171
7.34856259659969,0.3316770397745896,76.7927927927928
7.34856259659969,0.3329348117437377,76.32432432432432
7.34856259659969,0.33317059504587937,76.32432432432432
7.217805255023183,0.340795044641946,78.1891891891892
7.217805255023183,0.3409395351730539,78.09009009009009
7.217805255023183,0.3409395351730539,78.09009009009009
7.087047913446677,0.3166747374108909,79.97297297297297
7.060896445131375,0.32411551049311516,81.86486486486487
7.060896445131375,0.3240747660376716,81.84684684684684
6.956290571870169,0.31015245174234934,81.88288288288288
6.930139103554868,0.30947025579401694,81.69369369369369
6.930139103554868,0.31190348857820144,80.85585585585585
6.877836166924266,0.31330334520767583,81.09909909909909
6.877836166924266,0.31330334520767583,81.09909909909909
6.877836166924266,0.31330334520767583,81.09909909909909
6.720927357032457,0.30776020810011634,83.7927927927928
6.694775888717156,0.2960849481893197,85.29729729729729
6.694775888717156,0.2957327403208633,85.27027027027027
6.694775888717156,0.29574982161956737,85.25225225225225
6.642472952086552,0.30279660898206534,89.27027027027027
6.642472952086552,0.3105091270560103,87.17117117117117
6.642472952086552,0.3105091270560103,87.17117117117117
6.485564142194745,0.3092645326754689,90.54954954954955
6.485564142194745,0.3092645326754689,90.54954954954955
6.485564142194745,0.3095209083803504,90.54954954954955
6.40710973724884,0.28989940697288413,91.0
6.380958268933539,0.30355807530954365,87.72072072072072
6.380958268933539,0.3036472055337134,87.65765765765765
6.2502009273570325,0.30673781269983014,85.53153153153153
6.224049459041731,0.295176752282518,90.24324324324324
6.224049459041731,0.29519552872197835,90.23423423423424
6.145595054095827,0.27834637386214994,89.02702702702703
6.145595054095827,0.27834637386214994,89.02702702702703
6.145595054095827,0.27834637386214994,89.02702702702703
5.988686244204018,0.30715815336186686,85.14414414414415
5.988686244204018,0.27180683074059697,92.50450450450451
5.988686244204018,0.27180683074059697,92.50450450450451
5.910231839258114,0.33137787691576354,83.13513513513513
5.884080370942812,0.3311583174458646,81.90990990990991
5.884080370942812,0.33054176049842837,81.82882882882883
5.753323029366306,0.27320712016536014,94.65765765765765
5.753323029366306,0.27320096410871286,94.54054054054055
5.753323029366306,0.27326491673994124,94.48648648648648
5.753323029366306,0.27326491673994124,94.48648648648648
5.701020092735702,0.23401719036720248,105.8018018018018
5.701020092735702,0.2915209781138923,91.92792792792793
5.701020092735702,0.2915209781138923,91.92792792792793
5.570262751159196,0.32370722141073777,92.4054054054054
5.517959814528593,0.3194348458468731,89.53153153153153
5.517959814528593,0.3192548963722427,89.71171171171171
5.439505409582689,0.2863971916947695,93.82882882882883
5.439505409582689,0.2864730436221956,93.8108108108108
5.439505409582689,0.2863707325485691,93.86486486486487
5.361051004636785,0.2712966174401405,100.81981981981981
5.308748068006182,0.2934637931164956,94.43243243243244
5.308748068006182,0.29296882136582053,94.21621621621621
5.230293663060278,0.3148229645581682,89.30630630630631
5.177990726429675,0.3051401786368609,91.54954954954955
5.177990726429675,0.30503503828652323,91.54954954954955
5.099536321483771,0.2875036456852698,91.1891891891892
5.099536321483771,0.2871346815577582,91.36936936936937
5.099536321483771,0.28685792063693216,91.21621621621621
5.0210819165378675,0.2315241270306031,102.42342342342343
4.994930448222565,0.24300888864299544,93.64864864864865
4.994930448222565,0.24345923933169103,93.58558558558559
4.994930448222565,0.24340719660867552,93.58558558558559
4.968778979907264,0.320579713967864,78.63063063063063
4.811870170015456,0.3341311198120903,76.92792792792793
4.811870170015456,0.3344759196512319,77.07207207207207
4.785718701700154,0.24992128462727406,87.92792792792793
4.785718701700154,0.24956621218812094,88.0
4.785718701700154,0.24939705784941488,88.0
4.707264296754251,0.32784127844663896,74.25225225225225
4.628809891808346,0.34985633472773037,76.26126126126127
4.628809891808346,0.35018856087260863,76.16216216216216
4.628809891808346,0.36340373681915145,73.69369369369369
4.498052550231839,0.3561872654346152,75.68468468468468
4.498052550231839,0.3563578291034632,75.63063063063063
4.445749613601236,0.3540692478944528,81.16216216216216
4.445749613601236,0.3545463292430187,81.01801801801801
4.445749613601236,0.3542871513582787,80.98198198198199
4.393446676970634,0.34745983851499745,78.76576576576576
4.288840803709428,0.35145102808392537,83.25225225225225
4.288840803709428,0.35125555005497655,83.27027027027027
4.288840803709428,0.3512379514894881,83.27027027027027
4.1842349304482225,0.3912884169984397,76.54054054054055
4.1842349304482225,0.3815712693006624,76.81981981981981
4.1842349304482225,0.38108794691453535,76.81981981981981
4.105780525502318,0.34532486089500636,78.43243243243244
4.105780525502318,0.34492073150994074,78.48648648648648
4.105780525502318,0.34548380888409347,78.47747747747748
3.975023183925811,0.34606892430024117,85.58558558558559
3.94887171561051,0.36228117658622394,85.83783783783784
3.94887171561051,0.361944342371192,85.51351351351352
3.9227202472952083,0.38239219049883666,75.63963963963964
3.7658114374034004,0.3689611426886106,73.30630630630631
3.7658114374034004,0.3685400079564211,73.43243243243244
3.7396599690880987,0.3854725594658487,76.24324324324324
3.7396599690880987,0.3854725594658487,76.24324324324324
3.7396599690880987,0.3854725594658487,76.24324324324324
3.7396599690880987,0.3854725594658487,76.24324324324324
3.5042967542503862,0.46291929807360815,59.49549549549549
3.5042967542503862,0.45797271687890734,62.0
3.5042967542503862,0.45780783081026966,61.97297297297297
3.5042967542503862,0.4305962457611246,65.31531531531532
3.373539412673879,0.4290307224653245,67.05405405405405
3.373539412673879,0.4293412869193222,67.27927927927928
3.347387944358578,0.4112874952268587,77.62162162162163
3.347387944358578,0.41114795736680043,77.8018018018018
3.347387944358578,0.41126270180315827,77.75675675675676
3.347387944358578,0.41110514585437385,77.75675675675676
3.216630602782071,0.42770287786836253,63.33333333333333
3.1904791344667696,0.4359984508610334,64.93693693693693
3.1904791344667696,0.43599907079402334,64.97297297297297
3.164327666151468,0.5165533931574738,65.81981981981981
3.0597217928902625,0.5737395971931406,62.36036036036036
3.0597217928902625,0.5740388895652733,62.32432432432432
3.0074188562596595,0.6753030413634317,64.08108108108108
3.0074188562596595,0.6753342986959866,64.08108108108108
2.5105409582689338,0.36052471712304424,72.94594594594595
2.484389489953632,0.3734415583740914,78.16216216216216
2.484389489953632,0.3735303098414124,78.34234234234235
2.484389489953632,0.3734755103415193,78.30630630630631
2.3274806800618237,0.6632760927755866,82.24324324324324
2.3013292117465225,0.6629859994330811,82.22522522522523
2.275177743431221,0.5550182117623742,90.45945945945945
2.275177743431221,0.5552163258350633,90.57657657657657
2.275177743431221,0.5551569202716137,90.57657657657657
2.144420401854714,0.570546554980114,90.49549549549549
2.144420401854714,0.5699441902286897,90.42342342342343
2.144420401854714,0.603889366297242,92.31531531531532
2.144420401854714,0.603889366297242,92.31531531531532
2.144420401854714,0.6210235198914641,90.41441441441441
2.1182689335394125,0.6285594845659644,89.09909909909909
2.1182689335394125,0.6289508275722414,88.990990990991
2.1182689335394125,0.67475882894437,87.72972972972973
2.1182689335394125,0.6758928302236608,87.77477477477477
2.1182689335394125,0.6758208238625242,87.77477477477477
2.1182689335394125,0.6756511195621314,87.77477477477477
1.9090571870170012,0.6877824566913248,92.26126126126127
1.9090571870170012,0.6985245002082449,92.01801801801801
1.9090571870170012,0.6983827503305825,91.93693693693693
1.9090571870170012,0.7187384686536556,89.63963963963964
1.9090571870170012,0.7308441985565125,91.90090090090091
1.9090571870170012,0.7311476743780773,91.89189189189189
1.6475425038639875,0.7228074676170743,89.98198198198199
1.6475425038639875,0.7231828736500646,89.98198198198199
1.6475425038639875,0.7228078031300695,89.98198198198199
1.7259969088098917,0.733345694057542,87.37837837837837
1.673693972179289,0.7195466414507474,88.07207207207207
1.673693972179289,0.7196493319575807,87.94594594594595
1.464482225656878,0.7064469278277039,84.25225225225225
1.464482225656878,0.7064640557820775,84.25225225225225
1.464482225656878,0.6897209840508811,84.69369369369369
1.464482225656878,0.6897086776935406,84.69369369369369
1.4383307573415764,0.6685707069445405,86.28828828828829
1.4383307573415764,0.6689728652732336,86.11711711711712
1.4383307573415764,0.6689728652732336,86.11711711711712
1.3337248840803708,0.6255184699007995,81.53153153153153
1.0460587326120556,0.6249735109747869,78.95495495495496
1.0460587326120556,0.6225489013530537,79.18018018018019
1.0460587326120556,0.6227931104597331,79.23423423423424
1.0460587326120556,0.569930032294726,78.90090090090091
1.0460587326120556,0.5189653514954905,77.42342342342343
1.0460587326120556,0.5186899749507008,77.33333333333333
1.0460587326120556,0.3594445470276821,77.45945945945945
1.0460587326120556,0.35802529958449597,77.46846846846847
1.0460587326120556,0.35802529958449597,77.46846846846847
1.0460587326120556,0.35768046962266653,77.62162162162163
1.0460587326120556,0.19135029903280826,79.06306306306307
1.0460587326120556,0.18908254771249663,79.02702702702703
1.0460587326120556,0.18908254771249663,79.02702702702703
1.0460587326120556,0.18712080269878148,79.1981981981982
1.0460587326120556,0.185554027224545,79.1891891891892
1.0460587326120556,0.18441856224594105,78.98198198198199
1.072210200927357,0.18325745857786202,79.009009009009
1.072210200927357,0.18268309302860034,79.04504504504504
1.072210200927357,0.18260649630455206,79.04504504504504
1.072210200927357,0.18285705375009562,79.11711711711712
1.072210200927357,0.1842115165925454,78.83783783783784
1.0460587326120556,0.18383574038845021,79.42342342342343
1.0460587326120556,0.18382534378088347,79.42342342342343
1.0460587326120556,0.18250981242788836,79.41441441441441
1.0460587326120556,0.17949265560351402,79.34234234234235
1.0460587326120556,0.17941886273897145,79.4054054054054
1.0460587326120556,0.1793731885234197,79.33333333333333
1.0460587326120556,0.17926285101859837,79.44144144144144
1.0460587326120556,0.1797256120858679,79.51351351351352
