12.567207207207206,0.13172025234244844,36.94535519125684
12.567207207207206,0.13111060049019652,39.55737704918033
12.567207207207206,0.14162798136430338,42.13661202185793
12.567207207207206,0.15422153622153598,42.721311475409834
12.567207207207206,0.3956228956228949,41.13661202185793
12.567207207207206,0.5220280532507522,38.07103825136612
12.211531531531532,0.5519543838725613,40.57377049180328
12.211531531531532,0.550776368764876,45.650273224043715
12.211531531531532,0.5548260690838989,46.94535519125683
12.211531531531532,0.5612446645864473,50.50819672131148
12.211531531531532,0.5303437877979478,50.73770491803279
11.954654654654655,0.5028607145923718,55.87978142076503
11.954654654654655,0.46496917866941095,61.18032786885246
11.934894894894896,0.5151486750620378,65.32786885245902
11.934894894894896,0.4831017511083475,68.18032786885246
11.934894894894896,0.516133015067077,68.4535519125683
11.934894894894896,0.5171026481026485,67.1584699453552
11.915135135135136,0.5772410475032724,62.431693989071036
11.6384984984985,0.6571588488842307,62.06010928961748
11.6384984984985,0.6466780331116988,64.57377049180329
11.6384984984985,0.6387451231310899,68.13661202185793
11.61873873873874,0.6370401451578022,69.79781420765028
11.61873873873874,0.623526290860379,69.77595628415301
11.61873873873874,0.5835863161111715,68.46448087431695
11.38162162162162,0.6352389065055547,69.84699453551913
11.38162162162162,0.5753233086211351,77.12021857923497
11.38162162162162,0.5752336608907694,78.26775956284153
11.361861861861863,0.5950250840349923,78.2896174863388
11.361861861861863,0.624089108465849,77.14207650273224
11.361861861861863,0.6274626884746026,73.11475409836066
11.164264264264265,0.6182551003739357,72.90163934426229
11.124744744744744,0.6354031861964098,75.77595628415301
11.104984984984984,0.6474395442271537,77.69945355191257
11.104984984984984,0.6692071291954845,77.59562841530055
11.085225225225225,0.7258673887856644,75.85245901639345
10.828348348348348,0.6994251836212395,76.77049180327869
10.828348348348348,0.6835280265518296,82.04371584699454
10.828348348348348,0.6641089270549108,86.00546448087432
10.828348348348348,0.6769571420094642,86.63934426229508
10.828348348348348,0.6744847385342224,86.75956284153006
10.828348348348348,0.6523909002786287,85.47540983606558
10.650510510510511,0.6057382431857136,86.24043715846994
10.630750750750751,0.5669583378603619,92.59016393442623
10.531951951951951,0.6303462249414555,95.24590163934425
10.531951951951951,0.624621976469872,99.327868852459
10.531951951951951,0.6389090725122913,101.15300546448087
10.531951951951951,0.6265462644247599,99.62841530054645
10.531951951951951,0.6325853125743734,96.72677595628414
10.275075075075076,0.6154468628680494,102.59562841530055
10.275075075075076,0.6149633456667425,102.61748633879782
10.255315315315315,0.6458588290153335,109.69945355191257
10.196036036036036,0.630860118912883,111.0327868852459
10.196036036036036,0.6113103593757665,111.28415300546447
10.196036036036036,0.59447101911268,110.96174863387978
10.176276276276278,0.6404420624278188,104.04371584699453
9.99843843843844,0.6372280467000452,106.79234972677595
9.9193993993994,0.6315244422180145,111.9672131147541
9.9193993993994,0.6308058668452143,112.23497267759562
9.9193993993994,0.614247354759901,114.45901639344262
9.89963963963964,0.5923128004750685,114.46448087431693
9.89963963963964,0.6246422966787696,110.32786885245902
9.721801801801803,0.6085570178157484,111.72131147540983
9.721801801801803,0.6146722582922692,114.78142076502732
9.721801801801803,0.6144033577768518,114.74863387978141
9.702042042042043,0.6212615960254512,112.24590163934425
9.682282282282282,0.6693185014404246,106.40983606557377
9.484684684684684,0.6734060134442899,106.72677595628416
9.484684684684684,0.6309395606337466,111.47540983606558
9.484684684684684,0.6309341211348901,111.47540983606558
9.425405405405407,0.6392192306420772,108.48633879781421
9.306846846846847,0.6778777900707733,106.37158469945355
9.287087087087087,0.6150298270386989,108.37158469945355
9.287087087087087,0.5800548492531932,110.94535519125684
9.287087087087087,0.5797192786069653,110.91256830601093
9.188288288288287,0.5871709277926294,108.80327868852459
9.188288288288287,0.5962267816046704,108.90163934426229
9.08948948948949,0.5986872721755259,108.49726775956285
9.08948948948949,0.5777185564404105,111.8415300546448
9.08948948948949,0.5778127891229629,111.84699453551913
8.852372372372372,0.6104879483216635,106.5792349726776
8.852372372372372,0.6101238479443294,106.60655737704919
8.852372372372372,0.5611370029097624,117.06010928961749
8.852372372372372,0.4975031183900885,127.10928961748633
8.852372372372372,0.4972925851812878,127.05464480874318
8.832612612612614,0.5352438288514917,125.1639344262295
8.832612612612614,0.47764944872924575,121.02185792349727
8.832612612612614,0.4817572509948054,118.04371584699453
8.832612612612614,0.4817572509948054,118.04371584699453
8.694294294294295,0.5468506475563185,108.90163934426229
8.595495495495495,0.5593008034295917,111.72131147540983
8.575735735735735,0.5646514944408163,110.99453551912568
8.476936936936937,0.5713241098241097,109.70491803278688
8.476936936936937,0.5712526812526812,109.74863387978142
8.476936936936937,0.5438730630298515,109.5846994535519
8.397897897897899,0.5541597807276443,106.84699453551913
8.22006006006006,0.5607029122977988,104.2568306010929
8.22006006006006,0.5199701533732368,112.5464480874317
8.22006006006006,0.5210658957948999,112.55191256830601
8.2003003003003,0.514013078153688,114.98360655737704
8.081741741741743,0.47341114984087707,109.72677595628416
8.081741741741743,0.4731681935499635,109.69398907103825
8.061981981981983,0.46754149251509197,111.37158469945355
8.061981981981983,0.4674082562775261,111.37158469945355
7.963183183183184,0.49190032747136486,108.07103825136612
7.943423423423423,0.49779938835387005,108.53005464480874
7.943423423423423,0.49954629703263587,105.43169398907104
7.884144144144145,0.5129548536864207,100.66120218579235
7.884144144144145,0.5126603758541501,100.65573770491804
7.726066066066066,0.4790933633999821,108.9672131147541
7.706306306306306,0.475713349002056,110.4153005464481
7.666786786786788,0.47682641902092054,106.63934426229508
7.567987987987989,0.463512786531012,103.62295081967213
7.567987987987989,0.46346028045332116,103.64480874316939
7.4889489489489485,0.45457213880306285,112.68852459016394
7.4889489489489485,0.44988980988662913,114.02185792349727
7.44942942942943,0.4328225687491837,111.60655737704919
7.40990990990991,0.4488667343320221,108.75409836065573
7.40990990990991,0.4488143787150942,108.75409836065573
7.271591591591592,0.4389741598738892,113.59562841530055
7.251831831831832,0.4227531398386133,114.53551912568307
7.251831831831832,0.4185872025309089,114.26229508196721
7.212312312312313,0.4322488614040016,112.71584699453553
7.133273273273273,0.40532147961156945,112.06010928961749
7.133273273273273,0.4049812632604269,112.09289617486338
7.113513513513514,0.443140977692703,107.0
7.0147147147147155,0.43020512431222135,108.65573770491804
6.876396396396396,0.4075424741124075,113.28415300546447
6.876396396396396,0.4002168241387881,118.48087431693989
6.876396396396396,0.40034767551552114,118.49726775956285
6.856636636636637,0.3750924429436592,123.4863387978142
6.836876876876877,0.37477640166401033,119.39344262295081
6.797357357357358,0.4018738019891612,114.79781420765028
6.777597597597598,0.4125764646134507,112.50819672131148
6.619519519519519,0.40330270977965005,120.45901639344262
6.58,0.3517071939375108,126.08196721311475
6.56024024024024,0.37040611619702,124.34972677595627
6.540480480480481,0.3768029203532096,121.72677595628416
6.540480480480481,0.3870859651620429,115.78142076502732
6.4021621621621625,0.38850690960620415,115.02185792349727
6.4021621621621625,0.38850690960620415,115.02185792349727
6.362642642642642,0.3853365633941672,115.4863387978142
6.263843843843844,0.3807838702412554,114.21857923497268
6.224324324324324,0.37617031394309197,115.06010928961749
6.1452852852852855,0.35163259756231574,121.96174863387978
6.1452852852852855,0.3515798916909511,121.98360655737704
6.1452852852852855,0.32845435042128157,129.224043715847
6.125525525525526,0.3625267698108911,117.55737704918033
5.987207207207207,0.3538126443009655,119.10928961748634
5.987207207207207,0.3517898992517629,119.1256830601093
5.8884084084084085,0.34680210589184435,119.74863387978142
5.8884084084084085,0.34680210589184435,119.74863387978142
5.868648648648649,0.30565229310634545,136.14754098360655
5.848888888888888,0.3002201478241191,134.78688524590163
5.82912912912913,0.3647914745377813,113.18032786885246
5.651291291291291,0.35441229508896077,124.6775956284153
5.651291291291291,0.3544154372186091,124.61748633879782
5.651291291291291,0.3059572196133653,130.49180327868854
5.611771771771772,0.2950469456451664,122.56830601092896
5.532732732732733,0.3099848694549721,126.01639344262296
5.512972972972973,0.3136002229724098,129.20765027322403
5.493213213213213,0.3132930462646826,127.40983606557376
5.394414414414414,0.30369973182498466,125.18032786885246
5.354894894894895,0.3034454903957999,125.68306010928961
5.335135135135135,0.2940302470346129,130.36065573770492
5.315375375375376,0.294258426654819,129.43715846994536
5.236336336336337,0.30356604474380056,123.28961748633878
5.236336336336337,0.30356604474380056,123.28961748633878
5.157297297297298,0.2706737407123308,136.62295081967213
5.157297297297298,0.2632272130024761,137.75409836065575
5.137537537537538,0.2635402812774652,137.71584699453553
5.098018018018018,0.2873103958768611,128.47540983606558
5.0189789789789785,0.31614955505486736,114.66666666666667
5.0189789789789785,0.31611628229735855,114.66666666666667
4.900420420420421,0.26976916802341444,132.36612021857923
4.900420420420421,0.24730897850996383,142.65573770491804
4.88066066066066,0.2553963544609283,137.50819672131146
4.841141141141141,0.2621149193405765,127.55191256830602
4.781861861861862,0.28129049125951233,120.5846994535519
4.781861861861862,0.28129049125951233,120.5846994535519
4.683063063063063,0.24438882365901535,131.56284153005464
4.643543543543544,0.2568004553913407,130.24043715846994
4.564504504504505,0.25758955756692464,121.04371584699453
4.544744744744745,0.2460231858452105,130.8360655737705
4.505225225225225,0.2280318500120563,143.68852459016392
4.505225225225225,0.2280318500120563,143.68852459016392
4.406426426426426,0.24233406674265603,138.65027322404373
4.3471471471471475,0.22101152560022191,142.08743169398906
4.327387387387388,0.22379709082779098,144.56830601092895
4.287867867867868,0.2374743399664044,136.97814207650273
4.208828828828828,0.223280923403774,145.13661202185793
4.208828828828828,0.2232815271593184,145.13661202185793
4.208828828828828,0.2232815271593184,145.13661202185793
4.149549549549549,0.23417093052673055,137.95628415300547
4.050750750750751,0.22091325468877898,144.26775956284152
4.050750750750751,0.22093722257220494,144.26775956284152
4.011231231231231,0.20349879105270752,151.02185792349727
3.991471471471472,0.2237195411810359,144.55191256830602
3.991471471471472,0.22365015167165264,144.55191256830602
3.8729129129129127,0.19010803091471778,162.88524590163934
3.853153153153153,0.19781551467800212,155.5846994535519
3.793873873873874,0.22220357280283007,135.12021857923497
3.793873873873874,0.2228540292966121,135.1639344262295
3.734594594594595,0.19765848713644332,151.92896174863387
3.714834834834835,0.20659472767376208,146.80327868852459
3.714834834834835,0.20658099941621705,146.80327868852459
3.596276276276276,0.19045990885223577,156.9945355191257
3.556756756756757,0.19641178939337825,163.3224043715847
3.556756756756757,0.19926049924616554,163.69945355191257
3.556756756756757,0.19929824246350358,163.65027322404373
3.4579579579579582,0.19537837818997947,157.81967213114754
3.4184384384384385,0.19937710523098137,152.5846994535519
3.4184384384384385,0.19937710523098137,152.5846994535519
3.3393993993993996,0.1941062605275093,150.91803278688525
3.26036036036036,0.1993415164234113,145.20765027322403
3.220840840840841,0.20548397286368456,141.5846994535519
3.220840840840841,0.20548397286368456,141.5846994535519
3.181321321321321,0.1771763515247648,152.9672131147541
3.1418018018018015,0.18448868596208323,155.98907103825135
3.1418018018018015,0.1843765475696794,156.08743169398906
3.1418018018018015,0.1843765475696794,156.08743169398906
3.043003003003003,0.18846758238084235,151.0054644808743
3.043003003003003,0.19517899734591337,143.27868852459017
2.963963963963964,0.19913544575079906,143.02732240437157
2.963963963963964,0.1991010922978047,143.02732240437157
2.904684684684685,0.18666225270435455,155.61748633879782
2.884924924924925,0.19056794927732337,148.53551912568307
2.884924924924925,0.19060689106079046,148.52459016393442
2.884924924924925,0.19060154761514705,148.52459016393442
2.7466066066066066,0.2015240839531834,141.28961748633878
2.707087087087087,0.19758031566711,140.49726775956285
2.707087087087087,0.20426583543628923,138.50273224043715
2.707087087087087,0.20426583543628923,138.50273224043715
2.6082882882882883,0.20319987882647425,138.95081967213116
2.568768768768769,0.2259488019875832,126.26775956284152
2.568768768768769,0.22598891510053312,126.3224043715847
2.568768768768769,0.22598891510053312,126.3224043715847
2.4699699699699704,0.25170876185768215,119.04371584699453
2.4106906906906906,0.29690712175506845,101.06557377049181
2.3514114114114117,0.30699085968179934,107.08743169398907
2.3514114114114117,0.3068257953276902,107.08743169398907
2.311891891891892,0.32103357089728596,97.11475409836065
2.311891891891892,0.32105164093330407,97.11475409836065
2.213093093093093,0.3224649895723798,95.80327868852459
2.213093093093093,0.3224649895723798,95.80327868852459
2.213093093093093,0.3224649895723798,95.80327868852459
2.015495495495496,0.3693240146120479,83.83060109289617
2.035255255255255,0.3672856597978476,88.1256830601093
2.035255255255255,0.3672856597978476,88.1256830601093
1.995735735735736,0.3687375418353422,91.90163934426229
1.995735735735736,0.3687375418353422,91.90163934426229
1.896936936936937,0.4146244259022233,78.40437158469945
1.896936936936937,0.4146244259022233,78.40437158469945
1.7783783783783784,0.4090722440825237,91.21311475409836
1.7783783783783784,0.4090722440825237,91.21311475409836
1.7586186186186186,0.42028399119768695,87.78142076502732
1.6795795795795796,0.47461531568711113,71.24590163934427
1.6795795795795796,0.47461531568711113,71.24590163934427
1.6005405405405406,0.4782139876780037,78.51366120218579
1.6005405405405406,0.4782139876780037,78.51366120218579
1.5215015015015014,0.47742546051487955,75.50273224043715
1.5215015015015014,0.47686737215016534,75.44808743169399
1.5215015015015014,0.47686737215016534,75.44808743169399
1.3831831831831833,0.5263075398207485,72.36065573770492
1.3436636636636639,0.5240985519724376,76.63934426229508
1.3041441441441441,0.5274012975351636,77.54098360655738
1.3041441441441441,0.5274425620963462,77.53005464480874
1.3041441441441441,0.5274425620963462,77.53005464480874
1.2448648648648648,0.5693161681210744,77.50273224043715
1.1855855855855855,0.5859974445187277,75.04371584699453
1.1855855855855855,0.5860034421965732,75.1311475409836
1.1855855855855855,0.5861001151032039,74.97814207650273
0.6718318318318319,0.6074629561688386,81.39890710382514
0.6718318318318319,0.6073312558123599,81.34972677595628
0.6125525525525526,0.624074107698444,81.91803278688525
0.5532732732732732,0.6262220746163782,79.79781420765028
0.8891891891891892,0.15732786021391326,70.73770491803279
0.82990990990991,0.1302397613881814,75.1639344262295
0.82990990990991,0.13025901824139363,75.1311475409836
0.82990990990991,0.13025901824139363,75.1311475409836
0.82990990990991,0.13023960494514134,75.1311475409836
0.7508708708708709,0.1721330207972552,74.27322404371584
0.7508708708708709,0.17023171642693394,74.26775956284153
0.7113513513513513,0.1410117107314746,78.0
0.7113513513513513,0.13955830558536583,78.12021857923497
0.7113513513513513,0.13932360881402606,78.09836065573771
0.7113513513513513,0.12781701981262436,79.43715846994536
0.7113513513513513,0.1267666335206377,79.93442622950819
0.7113513513513513,0.12507215891863646,80.24043715846994
0.7113513513513513,0.12488664346257537,80.14754098360656
0.7113513513513513,0.12488664346257537,80.14754098360656
0.7113513513513513,0.12321880853228279,80.5846994535519
0.7113513513513513,0.1210003126228249,80.73224043715847
0.7113513513513513,0.11975102927694557,80.66120218579235
0.7113513513513513,0.11958896235135501,80.91803278688525
0.7113513513513513,0.11939657892228828,80.97814207650273
0.7113513513513513,0.11939657892228828,80.97814207650273
0.7113513513513513,0.11823182986019173,81.33879781420765
0.7113513513513513,0.11835828668573134,81.49180327868852
0.6915915915915917,0.11886723670317392,81.65027322404372
