4.971555555555555,0.13176507024265705,1.0871670702179177
4.9632,0.13185142282554038,1.101694915254238
4.9632,0.15647620915032648,1.0605326876513317
4.862933333333332,0.15492194630578565,2.106537530266344
4.771022222222222,0.2026494464054055,3.0169491525423737
4.762666666666666,0.20521569985569993,3.2227602905569004
4.695822222222223,0.16354505922926937,5.072639225181599
4.670755555555555,0.14931837468536477,8.256658595641646
4.654044444444445,0.1687624954547824,8.520581113801452
4.654044444444445,0.18633210105967934,7.961259079903148
4.537066666666667,0.1683131938750484,10.016949152542374
4.486933333333333,0.20504642117649602,10.203389830508474
4.478577777777777,0.22735526748331142,11.2590799031477
4.386666666666667,0.20904365183436718,13.108958837772398
4.336533333333333,0.18737089847315822,17.912832929782084
4.252977777777778,0.20480495675971563,20.435835351089587
4.244622222222222,0.19315510915113587,23.523002421307506
4.219555555555555,0.19079555702673867,25.43583535108959
4.219555555555555,0.19077325727303093,25.42857142857143
4.144355555555555,0.2272113684681662,25.648910411622275
4.035733333333333,0.21858541887322896,30.28571428571429
4.035733333333333,0.22518725399195952,33.285714285714285
4.027377777777778,0.2178785246047145,33.77966101694915
3.968888888888889,0.2232133939663391,38.83535108958838
3.860266666666666,0.23078527450910447,44.05811138014528
3.860266666666666,0.2336107777108302,44.912832929782084
3.860266666666666,0.22776468523476529,44.68280871670702
3.768355555555555,0.20184195998602486,50.39951573849879
3.768355555555555,0.21365179308546028,50.39709443099274
3.6847999999999996,0.24329317240777962,44.90314769975787
3.626311111111111,0.23154715295724534,50.092009685230025
3.626311111111111,0.2143155912005789,50.38740920096852
3.542755555555555,0.2174350860359003,50.445520581113804
3.542755555555555,0.21737336480055003,50.445520581113804
3.5260444444444445,0.2303467206404716,51.47215496368039
3.4090666666666665,0.212916366179582,51.51331719128329
3.4090666666666665,0.2009253318915053,55.12348668280872
3.3756444444444442,0.20434711701734934,56.14769975786925
3.2920888888888884,0.2208292253875523,50.171912832929785
3.2920888888888884,0.22814152007458274,51.58595641646489
3.2168888888888887,0.2085979014902822,54.22760290556901
3.208533333333333,0.18998356735178668,56.81113801452784
3.1584,0.19816829609479192,54.62953995157385
3.041422222222222,0.20918435447583558,54.69249394673123
3.041422222222222,0.19069396205709682,62.14769975786925
3.041422222222222,0.182811455633516,65.5181598062954
3.0330666666666666,0.16442655863490013,63.937046004842614
2.9495111111111108,0.20164575435190696,55.21549636803874
2.8659555555555554,0.19481233564476663,58.220338983050844
2.8659555555555554,0.19035212943061638,58.29782082324455
2.8575999999999997,0.17738490299869486,56.530266343825666
2.723911111111111,0.1928632889550997,53.23728813559322
2.7072,0.16942397660541014,62.60290556900726
2.6403555555555553,0.1703462115228431,60.87167070217917
2.6403555555555553,0.17614956803223047,60.98305084745763
2.6236444444444444,0.17864625953348573,57.12590799031477
2.5233777777777777,0.15610242720397022,58.171912832929785
2.4565333333333332,0.1669770432777653,54.04600484261501
2.4565333333333332,0.1669770432777653,54.04600484261501
2.3562666666666665,0.14482087415921852,62.8958837772397
2.3479111111111113,0.15326365847553458,63.05326876513317
2.3479111111111113,0.15320111163838393,62.96852300242131
2.281066666666667,0.16593006950900496,61.32929782082324
2.2058666666666666,0.14908631785642842,66.90799031476998
2.2058666666666666,0.14909465329794008,66.90072639225181
2.0805333333333333,0.1524059506482292,65.30750605326877
2.0721777777777777,0.1435843421283106,73.47457627118644
2.0721777777777777,0.1435231700160529,73.47457627118644
2.013688888888889,0.13800856259120506,76.15738498789347
1.930133333333333,0.13706426792755783,75.17917675544794
1.930133333333333,0.13704159910903818,75.17917675544794
1.8465777777777777,0.15151887885243528,74.24213075060533
1.7964444444444445,0.1350363117050209,80.36077481840194
1.7964444444444445,0.13503438170984094,80.36077481840194
1.7797333333333332,0.13309167221418589,82.76997578692495
1.7128888888888887,0.13080631234288334,83.70944309927361
1.7128888888888887,0.1308479564330148,83.67312348668281
1.5875555555555554,0.1464724369853689,72.43825665859565
1.5624888888888888,0.11288703095478426,89.19612590799032
1.5624888888888888,0.11293614075444977,89.19612590799032
1.520711111111111,0.12082237420806974,88.09685230024213
1.462222222222222,0.13637466171902177,80.42372881355932
1.462222222222222,0.13629402909604896,80.42372881355932
1.370311111111111,0.1361422293772471,80.51573849878935
1.3118222222222222,0.1169803784490699,97.3365617433414
1.3118222222222222,0.11691869975860703,97.3002421307506
1.2616888888888889,0.1275913399162752,85.53268765133171
1.1864888888888887,0.18090271019603962,66.27602905569007
1.1864888888888887,0.18090363693608086,66.27602905569007
1.111288888888889,0.17131775375623123,75.23970944309927
1.0945777777777776,0.16300311094222308,75.37772397094432
1.0945777777777776,0.16295756169900005,75.37772397094432
1.0277333333333332,0.1901146310821061,67.58353510895884
1.0193777777777777,0.18724811533185012,64.20338983050847
1.0193777777777777,0.18724811533185012,64.20338983050847
0.9274666666666667,0.21161775953381137,56.55205811138015
0.7603555555555555,0.20990501309492188,54.27845036319613
0.8271999999999999,0.2322473005433206,54.842615012106535
0.6684444444444444,0.2231952970760739,60.28571428571429
0.7269333333333333,0.24324764771350052,49.54721549636804
0.6517333333333333,0.2263327238952378,63.18401937046005
0.5848888888888889,0.2678406840797015,53.96610169491525
0.5013333333333333,0.12087950422863807,55.23002421307506
0.4595555555555555,0.09021662581964013,57.97820823244552
0.4595555555555555,0.0902512472030387,57.983050847457626
0.4428444444444444,0.08280382827536646,60.24939467312349
0.4010666666666666,0.13347401176923016,52.346246973365616
0.4010666666666666,0.13362122717561073,52.35351089588378
0.3592888888888889,0.08686687996668728,56.67554479418886
0.3509333333333333,0.08430885974901668,58.09927360774818
0.3509333333333333,0.0833722464037165,58.0726392251816
0.3509333333333333,0.08161697093034179,58.95399515738499
0.3509333333333333,0.0805568521375395,58.71186440677966
0.3509333333333333,0.08061176804537365,58.67554479418886
0.34257777777777776,0.08047318148691168,58.24455205811138
0.34257777777777776,0.08049185108627886,58.520581113801455
0.34257777777777776,0.08005390908376708,58.65133171912833
0.34257777777777776,0.0795717030116844,58.5181598062954
0.34257777777777776,0.07932939733390891,58.58111380145279
0.34257777777777776,0.07930979374261278,58.84019370460049
0.34257777777777776,0.07887563904452595,58.99031476997579
0.34257777777777776,0.07865010339998132,59.12590799031477
0.34257777777777776,0.07833008914148486,58.96610169491525
0.34257777777777776,0.07824983882495624,59.16949152542372
0.34257777777777776,0.07811074586723953,59.04116222760291
0.34257777777777776,0.07810639139293393,59.04116222760291
0.34257777777777776,0.07810017260492183,58.99273607748184
