8.588028169014084,0.19868624016374153
8.445422535211268,0.202002730241937
8.445422535211268,0.2010858835722217
8.445422535211268,0.2012663660759159
8.445422535211268,0.2002335022566709
8.445422535211268,0.20015846137530047
8.445422535211268,0.19936775656581268
8.445422535211268,0.19718910904974576
8.445422535211268,0.20044565779084983
8.445422535211268,0.20151746550864183
8.445422535211268,0.2030009409764274
8.445422535211268,0.20438962486344275
8.445422535211268,0.2420174175110019
8.445422535211268,0.2119640310215717
8.445422535211268,0.22249433154820167
8.445422535211268,0.22572173974446075
8.445422535211268,0.22645107815440849
8.445422535211268,0.22747740596402297
8.445422535211268,0.23172461123955307
8.445422535211268,0.23604201149245777
8.445422535211268,0.24187663939100199
8.445422535211268,0.25998434521821734
8.445422535211268,0.2623086534092885
8.445422535211268,0.2628988920433587
8.445422535211268,0.2659372080000036
8.445422535211268,0.2702506680746054
8.445422535211268,0.27453129224459516
8.445422535211268,0.27668289146644537
8.445422535211268,0.2823831075193832
8.445422535211268,0.28528534786762166
8.445422535211268,0.28718983724034575
8.445422535211268,0.28803837444380764
8.445422535211268,0.2898605267971469
8.445422535211268,0.28944812633165556
8.445422535211268,0.29002684148077196
8.445422535211268,0.2895316894533051
8.445422535211268,0.2933266695746397
8.445422535211268,0.3589109736144395
8.445422535211268,0.36114645472464113
8.318661971830986,0.36074039849539286
8.318661971830986,0.36164236811690764
8.318661971830986,0.3602184588960429
8.318661971830986,0.36054104646865487
8.318661971830986,0.3585513856333882
8.318661971830986,0.3599692392231843
8.318661971830986,0.35955262884268757
8.318661971830986,0.3603539899983961
8.27112676056338,0.3597992241885144
8.27112676056338,0.36020678289336827
8.27112676056338,0.35888353838445625
8.27112676056338,0.3588095751002487
8.27112676056338,0.35708174861301867
8.27112676056338,0.3580777204614027
8.27112676056338,0.35036445423279383
8.27112676056338,0.3540378968895803
8.27112676056338,0.354260996536859
8.27112676056338,0.35550223353394605
8.27112676056338,0.35580445247789394
8.176056338028168,0.35854199822637284
8.176056338028168,0.35794013192279367
8.176056338028168,0.35724476626709356
8.176056338028168,0.3554324012008788
8.176056338028168,0.3570101162530746
8.176056338028168,0.35644587387563204
8.176056338028168,0.35719963465334015
8.176056338028168,0.3563009581497344
8.176056338028168,0.35737342470721384
8.176056338028168,0.356547333300092
8.176056338028168,0.35693389275872606
8.176056338028168,0.35573868012764065
8.176056338028168,0.3579730992434566
8.176056338028168,0.3577068178300579
8.176056338028168,0.3601920256955798
8.176056338028168,0.3081213026352124
8.176056338028168,0.3129306257204714
8.176056338028168,0.3125188769711318
8.176056338028168,0.3162819978219419
8.176056338028168,0.3160115307203582
8.176056338028168,0.31867577603858427
8.176056338028168,0.31831244895113286
8.176056338028168,0.3203876904014376
8.176056338028168,0.3183040986908916
8.176056338028168,0.344193832182149
8.176056338028168,0.3443564162754301
8.176056338028168,0.3326220956170876
8.176056338028168,0.3314344303207283
8.176056338028168,0.33085054555217336
8.176056338028168,0.32950170328819217
8.176056338028168,0.32970658535770925
8.176056338028168,0.3270931126612705
8.176056338028168,0.3272995718964929
8.176056338028168,0.32606939373155486
8.176056338028168,0.32817424870065487
8.176056338028168,0.32787678556230426
8.176056338028168,0.3299068574894238
8.176056338028168,0.3290302781346976
8.176056338028168,0.33005066189286925
8.176056338028168,0.32689601004961916
8.176056338028168,0.32892075138108257
8.176056338028168,0.3311146821884963
8.176056338028168,0.3419208005482915
8.176056338028168,0.3426573477902445
8.176056338028168,0.34911545495712304
8.176056338028168,0.35046339525004344
8.176056338028168,0.35513213690746687
8.176056338028168,0.35343858231355335
8.176056338028168,0.35636375101734574
8.176056338028168,0.3574802517553043
8.176056338028168,0.3642232113219743
8.176056338028168,0.3657976792033818
8.176056338028168,0.36870239076802447
8.176056338028168,0.36612989780718835
8.176056338028168,0.36830015868235694
8.176056338028168,0.36523294150167274
8.176056338028168,0.36774510683142525
8.176056338028168,0.36532158375786616
8.176056338028168,0.3659341095504178
8.176056338028168,0.3631885562930374
8.176056338028168,0.3663843410412957
8.033450704225352,0.36578335229262865
8.033450704225352,0.36544184464271784
8.033450704225352,0.3618843323096474
8.033450704225352,0.3619739136713031
8.033450704225352,0.36098139639978927
8.033450704225352,0.3597399971916395
8.033450704225352,0.325366728039996
8.033450704225352,0.3198209223008179
8.033450704225352,0.3126661266440937
8.033450704225352,0.3123032461611813
8.033450704225352,0.31029548998051276
8.033450704225352,0.3122419651146716
8.033450704225352,0.31493636118203655
8.033450704225352,0.33053911705527295
8.033450704225352,0.329645069274264
8.033450704225352,0.34103644571934344
8.033450704225352,0.3436274179373278
8.033450704225352,0.349617125093799
8.033450704225352,0.3512884385074149
8.033450704225352,0.3555904391868452
8.033450704225352,0.35545943299080984
8.033450704225352,0.35842564840478985
8.033450704225352,0.3565389804790327
8.033450704225352,0.38794558145061375
8.033450704225352,0.38976760269977356
8.033450704225352,0.3919823025321539
8.033450704225352,0.39132131877632376
8.033450704225352,0.3944967089871978
8.033450704225352,0.39563823788640934
8.033450704225352,0.4025737565861612
8.033450704225352,0.4038373354616648
8.033450704225352,0.40635547092415114
8.033450704225352,0.40720713789182333
7.985915492957746,0.4088178486017127
7.985915492957746,0.40822995998186873
7.985915492957746,0.4107637430326934
7.985915492957746,0.41102069646312417
7.985915492957746,0.4173894428865434
7.985915492957746,0.4176988288426207
7.985915492957746,0.3820574095697331
7.985915492957746,0.3775001314100496
7.985915492957746,0.37623126176286814
7.985915492957746,0.37263384857113907
7.985915492957746,0.3736686533965356
7.985915492957746,0.3717225295702848
7.985915492957746,0.372650342439193
7.985915492957746,0.37046164571320483
7.954225352112676,0.3717285107627762
7.938380281690141,0.36961618811136954
7.938380281690141,0.36931573201463747
7.938380281690141,0.36427963869587343
7.938380281690141,0.3662672576338531
7.938380281690141,0.36192611938247
7.938380281690141,0.3636959270065992
7.811619718309859,0.3613369865220754
7.811619718309859,0.3636591945955429
7.811619718309859,0.3634955844793697
7.811619718309859,0.36782697160332145
7.811619718309859,0.36878042662306293
7.811619718309859,0.37640629251050656
7.811619718309859,0.37540586050628666
7.811619718309859,0.37701667141339357
7.811619718309859,0.37753314343178107
7.811619718309859,0.38209122503168597
7.811619718309859,0.382727306786269
7.811619718309859,0.3836331658173336
7.811619718309859,0.38099416505429523
7.811619718309859,0.3823431620431007
7.811619718309859,0.382286915188482
7.811619718309859,0.38348339334571485
7.811619718309859,0.383139525511473
7.811619718309859,0.3888630143355816
7.811619718309859,0.39560227425815053
7.811619718309859,0.3995288688640962
7.811619718309859,0.3982499002683492
7.811619718309859,0.4033004794596189
7.811619718309859,0.4019612250753245
7.811619718309859,0.40211996869888267
7.811619718309859,0.39743800649398736
7.811619718309859,0.3987682785095535
7.811619718309859,0.3946468475724281
7.811619718309859,0.39382777840356975
7.811619718309859,0.38928388306572287
7.811619718309859,0.39080350024232063
7.811619718309859,0.3898292567098187
7.811619718309859,0.3894630438174535
7.811619718309859,0.3878382943706045
7.811619718309859,0.39139768336245556
7.811619718309859,0.39310382067415056
7.811619718309859,0.40097829245174077
7.811619718309859,0.4006489100717259
7.811619718309859,0.40254611085657954
7.811619718309859,0.40171436226051926
7.811619718309859,0.4025418769844493
7.811619718309859,0.40089112247238207
7.811619718309859,0.40258430605216594
7.811619718309859,0.4014740942319622
7.811619718309859,0.40216268276801576
7.811619718309859,0.40014866384203124
7.811619718309859,0.40450403022335485
7.811619718309859,0.40622334101139274
7.811619718309859,0.4082934038323781
7.811619718309859,0.40654770354899095
7.811619718309859,0.4085868505865476
7.811619718309859,0.4073901498659377
7.811619718309859,0.408655042528204
7.811619718309859,0.40596588753407314
7.811619718309859,0.40823661568840786
7.811619718309859,0.40648460990663066
7.811619718309859,0.40817693838263186
7.811619718309859,0.3800110904950665
7.811619718309859,0.4086453263557488
7.811619718309859,0.38330207169341923
7.811619718309859,0.38574085072685127
7.764084507042253,0.3814675283973198
7.764084507042253,0.38067021756172753
7.764084507042253,0.3787471272055092
7.764084507042253,0.380575764778739
7.653169014084507,0.37991078374705284
7.653169014084507,0.3822166923202658
7.653169014084507,0.38196529522665845
7.653169014084507,0.38435918655646495
7.653169014084507,0.38337552890874627
7.637323943661972,0.3898951642804531
7.637323943661972,0.389894180190266
7.637323943661972,0.39266045078602
7.637323943661972,0.39322787895355693
7.637323943661972,0.3966393239723614
7.637323943661972,0.39639166252626185
7.637323943661972,0.3971868557445911
7.637323943661972,0.3963449467451241
7.637323943661972,0.3971480177172131
7.637323943661972,0.3949807700869626
7.637323943661972,0.39436195601489454
7.637323943661972,0.3911124679731121
7.637323943661972,0.39123552426375635
7.637323943661972,0.39026807450392265
7.637323943661972,0.3903307039989343
7.637323943661972,0.38888157770419424
7.637323943661972,0.3905378317401392
7.637323943661972,0.39047585665335993
7.637323943661972,0.3916044691331459
7.637323943661972,0.39089500236714403
7.637323943661972,0.3932043872768381
7.637323943661972,0.39351942946490887
7.637323943661972,0.39471620897871157
7.637323943661972,0.394046805226346
7.637323943661972,0.3962727506195599
7.637323943661972,0.3985654838849963
7.637323943661972,0.4020319645330945
7.637323943661972,0.40372672052277375
7.637323943661972,0.4083363235815012
7.605633802816901,0.40881541262837146
7.605633802816901,0.4096136621040387
7.605633802816901,0.4080497562797567
7.605633802816901,0.41231543229640777
7.605633802816901,0.414180310254889
7.605633802816901,0.4188281083312665
7.605633802816901,0.41961115132722654
7.605633802816901,0.45518555164450986
7.605633802816901,0.4557800702731239
7.605633802816901,0.4576906357273037
7.605633802816901,0.45748481450738543
7.605633802816901,0.4605807194791401
7.605633802816901,0.4486095853731664
7.605633802816901,0.44209636366022964
7.605633802816901,0.43117017888453846
7.605633802816901,0.43339377284345376
7.605633802816901,0.4324214614178369
7.605633802816901,0.43289198529307177
7.605633802816901,0.4237483239218591
7.605633802816901,0.4189737702213547
7.605633802816901,0.4184204808840573
7.605633802816901,0.4201447555478228
7.605633802816901,0.4182709591804155
7.605633802816901,0.4196346153400897
7.605633802816901,0.418194366129192
7.494718309859155,0.41678854419501443
7.494718309859155,0.4130815722326637
7.494718309859155,0.4132324048161563
7.494718309859155,0.41108573117488767
7.494718309859155,0.41032125624058396
7.47887323943662,0.4078308049903088
7.494718309859155,0.4057645849675644
7.494718309859155,0.4043069127854688
7.494718309859155,0.40347157536726
7.494718309859155,0.40601033487961086
7.494718309859155,0.405676335000064
7.494718309859155,0.40720249906388295
7.494718309859155,0.40610667978302567
7.494718309859155,0.4094409564790038
7.494718309859155,0.4079780278358498
7.494718309859155,0.41235642604494815
7.367957746478873,0.41312057594279256
7.367957746478873,0.4166078381016588
7.367957746478873,0.41577165978642855
7.367957746478873,0.4152874789808915
7.367957746478873,0.4132619978732672
7.367957746478873,0.41272627621967234
7.367957746478873,0.40993873369161304
7.367957746478873,0.40968486438938645
7.367957746478873,0.4032987503122228
7.367957746478873,0.3982330366093072
7.367957746478873,0.39326010896913594
7.367957746478873,0.39563625558416543
7.367957746478873,0.3950998792548087
7.367957746478873,0.3964035425525569
7.367957746478873,0.39530339134504894
7.367957746478873,0.39448645095409
7.367957746478873,0.39326819305747146
7.367957746478873,0.38593400341265005
7.367957746478873,0.3783903141794157
7.367957746478873,0.3746750739561703
7.367957746478873,0.3691863230947992
7.367957746478873,0.3694517346205966
7.367957746478873,0.36776567308246255
7.367957746478873,0.3680527756727547
7.367957746478873,0.3660471981000677
7.367957746478873,0.3671068896474666
7.367957746478873,0.36290538423001883
7.367957746478873,0.36454589493278516
7.367957746478873,0.3543184312942818
7.367957746478873,0.352735696739571
7.367957746478873,0.3489300835046558
7.367957746478873,0.3527051259885889
7.367957746478873,0.35443737712378587
7.367957746478873,0.35727850994635035
7.367957746478873,0.3569455813958634
7.367957746478873,0.3567984460329926
7.367957746478873,0.3568385634386803
7.367957746478873,0.3580203995443721
7.367957746478873,0.35732381456899753
7.336267605633803,0.37458046697316133
7.336267605633803,0.391504298892782
7.336267605633803,0.3912484978140283
7.336267605633803,0.3906022083263581
7.336267605633803,0.39924691141999397
7.336267605633803,0.4001980185114458
7.336267605633803,0.40166424164823683
7.336267605633803,0.4000152237202661
7.336267605633803,0.4022528451340451
7.336267605633803,0.4018515164844586
7.336267605633803,0.4031541509924066
7.336267605633803,0.4011999818528267
7.336267605633803,0.393097518518156
7.336267605633803,0.3957351831732481
7.225352112676056,0.3955050759226524
7.225352112676056,0.3947522985953286
7.225352112676056,0.39278802786426925
7.225352112676056,0.3865777733668789
7.225352112676056,0.386004543879891
7.225352112676056,0.38242506015786676
7.225352112676056,0.37896956869180837
7.225352112676056,0.3739089434558737
7.225352112676056,0.37438661222655034
7.225352112676056,0.3736512260517474
7.225352112676056,0.374865213108231
7.225352112676056,0.37530942969214365
7.225352112676056,0.3768327498865153
7.225352112676056,0.3763117694935496
7.225352112676056,0.38060863075288043
7.225352112676056,0.38160454992740594
7.225352112676056,0.3849540323194189
7.177816901408451,0.385741299416773
7.177816901408451,0.3879214358381959
7.177816901408451,0.38770728317921854
7.177816901408451,0.3890226985388652
7.177816901408451,0.38795830567135337
7.177816901408451,0.39099563040768226
7.177816901408451,0.3911038845543661
7.177816901408451,0.392887737123409
7.177816901408451,0.3925255306650863
7.177816901408451,0.39688352847350183
7.177816901408451,0.3979116304738478
7.177816901408451,0.4005105310565966
7.177816901408451,0.4001392480631979
7.177816901408451,0.40427169127921914
7.161971830985915,0.4057985561029245
7.161971830985915,0.40958346379615374
7.161971830985915,0.4099114807071066
7.161971830985915,0.41416767890580497
7.161971830985915,0.4156819885939993
7.161971830985915,0.4131827428195698
7.161971830985915,0.40792903353011417
7.161971830985915,0.41154238366917323
7.098591549295774,0.40985697113347475
7.098591549295774,0.41011637060882167
7.098591549295774,0.40734987323157784
7.098591549295774,0.41063630556722297
7.098591549295774,0.40985979336307027
7.098591549295774,0.41047240566805643
7.098591549295774,0.4086918462720438
7.098591549295774,0.36624591473714657
7.098591549295774,0.36766582472382986
7.098591549295774,0.36906678972442075
7.082746478873239,0.36916371635123024
7.082746478873239,0.37132265878806753
7.082746478873239,0.3704304037343107
7.082746478873239,0.3715929932054606
7.082746478873239,0.36954198427106905
7.082746478873239,0.37165963061987434
7.082746478873239,0.375764724717475
7.082746478873239,0.38411756524870017
7.082746478873239,0.38651705246038515
7.082746478873239,0.38859664058420745
7.082746478873239,0.38932980319711197
7.082746478873239,0.38982510168927204
7.082746478873239,0.3879050738311858
7.082746478873239,0.387463256910745
7.082746478873239,0.38508715046859776
7.082746478873239,0.3857100040903796
7.082746478873239,0.38409127119719305
7.082746478873239,0.38536724279467494
7.082746478873239,0.38493721798597375
7.082746478873239,0.3852570216495428
7.082746478873239,0.383095229908289
7.082746478873239,0.38551938453671725
7.082746478873239,0.38538024949928834
7.082746478873239,0.3864690880299255
7.082746478873239,0.38562332400341837
7.082746478873239,0.3872471578142713
7.082746478873239,0.3847712785280611
7.082746478873239,0.3863124250241259
7.082746478873239,0.3857729104261964
7.082746478873239,0.38647854747408306
7.082746478873239,0.38203586006622325
7.082746478873239,0.3826629534945981
6.940140845070422,0.3813296018549747
6.940140845070422,0.37278142744766435
6.940140845070422,0.37130658663928245
6.940140845070422,0.3724802182983135
6.940140845070422,0.37164646349338526
6.940140845070422,0.37369316277323394
6.940140845070422,0.3735138678033609
6.940140845070422,0.37461997842370176
6.940140845070422,0.36924161425802704
6.940140845070422,0.3703353404969494
6.940140845070422,0.3653664044289051
6.940140845070422,0.36461284374783043
6.940140845070422,0.3539559695737373
6.940140845070422,0.3522277524167928
6.940140845070422,0.3516442104005748
6.940140845070422,0.3528893316269904
6.940140845070422,0.34993963491559776
6.940140845070422,0.3517880310603493
6.924295774647887,0.3512907213014935
6.924295774647887,0.3517048093239653
6.924295774647887,0.3505967130823273
6.924295774647887,0.35024321163862016
6.924295774647887,0.3486471581977482
6.924295774647887,0.35333544382414056
6.876760563380282,0.35626485444095596
6.876760563380282,0.3588694430147515
6.876760563380282,0.35749054304186073
6.876760563380282,0.3572471244099919
6.876760563380282,0.35426272059372604
6.876760563380282,0.35531912394777787
6.876760563380282,0.3524371061897699
6.876760563380282,0.3531185794746701
6.876760563380282,0.35147668306489643
6.876760563380282,0.3556098821187996
6.876760563380282,0.3588480683818637
6.876760563380282,0.3612193355827554
6.876760563380282,0.35434048862041256
6.876760563380282,0.3422656744968076
6.876760563380282,0.3417530189389883
6.876760563380282,0.3410215762462873
6.876760563380282,0.33862679091335085
6.876760563380282,0.3407365618635973
6.876760563380282,0.3409436856462488
6.876760563380282,0.34176383834604374
6.876760563380282,0.33933475010937575
6.876760563380282,0.3389883829351611
6.876760563380282,0.335240556192547
6.876760563380282,0.3345066391349348
6.876760563380282,0.3314964476447
6.876760563380282,0.3316061291874484
6.876760563380282,0.3294299506406611
6.876760563380282,0.32947467029791255
6.876760563380282,0.32809626493605426
6.876760563380282,0.3339488839560186
6.876760563380282,0.3369161597757364
6.876760563380282,0.3424058215162993
6.876760563380282,0.3456710156814046
6.876760563380282,0.34758499300560197
6.876760563380282,0.34696771686570793
6.876760563380282,0.348129129628273
6.797535211267605,0.3469870905727094
6.797535211267605,0.353442268914066
6.797535211267605,0.35625911219983325
6.797535211267605,0.36050311431430077
6.797535211267605,0.361692064739032
6.797535211267605,0.3645662666927126
6.797535211267605,0.36463620615775794
6.718309859154929,0.3722813888615072
6.718309859154929,0.3706918483675467
6.718309859154929,0.378620837108901
6.718309859154929,0.3771533169958686
6.718309859154929,0.37851479136189814
6.718309859154929,0.3779016772556748
6.702464788732394,0.38062077353901297
6.702464788732394,0.3800199218151519
6.702464788732394,0.3803114637339477
6.702464788732394,0.37855316143914186
6.702464788732394,0.38069011444227857
6.702464788732394,0.38036498636085236
6.702464788732394,0.3812994720718353
6.702464788732394,0.3798113087811991
6.702464788732394,0.3809693163200394
6.702464788732394,0.3800459800724287
6.702464788732394,0.3804845480152795
6.702464788732394,0.3788023455528843
6.702464788732394,0.3757634637898225
6.702464788732394,0.3702750722033013
6.702464788732394,0.3681323627911264
6.702464788732394,0.3631003560048575
6.702464788732394,0.363360325649154
6.702464788732394,0.3600371425227264
6.702464788732394,0.3620552183522807
6.702464788732394,0.3622418284399867
6.702464788732394,0.36425703461018605
6.702464788732394,0.35814257240129393
6.702464788732394,0.3569008650508182
6.702464788732394,0.35440535130543843
6.702464788732394,0.3465505019378491
6.702464788732394,0.34186944664337665
6.702464788732394,0.33904743450058883
6.702464788732394,0.33023038227981355
6.702464788732394,0.326567543924918
6.702464788732394,0.3218653035161981
6.702464788732394,0.3233269056261351
6.702464788732394,0.32344757408534813
6.702464788732394,0.32344757408534813
6.702464788732394,0.3313980747079153
6.591549295774648,0.3349475175147518
6.591549295774648,0.3368348518710713
6.591549295774648,0.34205350035072407
6.591549295774648,0.3440235068930055
6.591549295774648,0.34673722348922986
6.591549295774648,0.3413183056740313
6.591549295774648,0.34264715840844423
6.591549295774648,0.3431365995286548
6.591549295774648,0.342668358328106
6.591549295774648,0.3330229410435566
6.591549295774648,0.32667822193839163
6.591549295774648,0.320517763052598
6.591549295774648,0.32152170821201925
6.591549295774648,0.32048915808282574
6.591549295774648,0.32154492223394876
6.591549295774648,0.3213992564054574
6.591549295774648,0.3231837352383879
6.591549295774648,0.32336289010866753
6.591549295774648,0.3254065512616605
6.591549295774648,0.32707403400988433
6.575704225352113,0.32862866619231595
6.575704225352113,0.32696938637786643
6.575704225352113,0.3291950607756123
6.575704225352113,0.32888366126720747
6.575704225352113,0.3444642505667739
6.575704225352113,0.3553139649907691
6.575704225352113,0.35618841577691934
6.575704225352113,0.35602568336940027
6.575704225352113,0.36642197079784405
6.575704225352113,0.3700020620771873
6.575704225352113,0.37158627890034646
6.575704225352113,0.3704106852654392
6.575704225352113,0.37432251221099777
6.575704225352113,0.375940821385344
6.575704225352113,0.3800415110908189
6.575704225352113,0.38265979181553084
6.575704225352113,0.38606644639425997
6.575704225352113,0.38600914427531335
6.575704225352113,0.38784492460025566
6.575704225352113,0.38578251507408395
6.575704225352113,0.3889402610368438
6.575704225352113,0.3884873226355482
6.575704225352113,0.3904483708890745
6.575704225352113,0.39001967064791904
6.575704225352113,0.3909199039972879
6.464788732394366,0.38826856089444983
6.464788732394366,0.3822059795596681
6.464788732394366,0.36763951590257377
6.464788732394366,0.3689676233324605
6.464788732394366,0.3661691514779284
6.464788732394366,0.36707727385600775
6.464788732394366,0.36704857286175135
6.464788732394366,0.3579540192157976
6.464788732394366,0.34878719431976457
6.464788732394366,0.34942307390579597
6.464788732394366,0.3481575344758702
6.464788732394366,0.34894551652066214
6.464788732394366,0.3467370493652034
6.464788732394366,0.34846759001688576
6.464788732394366,0.3482905961390963
6.464788732394366,0.34959606559684075
6.464788732394366,0.3497857416025009
6.464788732394366,0.3521939289901616
6.464788732394366,0.3531842467069809
6.369718309859155,0.35476612358054255
6.369718309859155,0.3547450939402648
6.369718309859155,0.35507283156771974
6.369718309859155,0.35428836071715125
6.369718309859155,0.354944292305438
6.369718309859155,0.3538017165492956
6.369718309859155,0.35434052629773166
6.369718309859155,0.35387929686420927
6.369718309859155,0.353703891909777
6.369718309859155,0.3528771092698012
6.369718309859155,0.35060401624093607
6.369718309859155,0.34675405577208396
6.369718309859155,0.3449935135790813
6.369718309859155,0.3290932649857659
6.338028169014084,0.32504274271161515
6.338028169014084,0.323023896161735
6.338028169014084,0.32103290831936065
6.338028169014084,0.3147938837922882
6.338028169014084,0.3115230777121758
6.338028169014084,0.31691495259461994
6.322183098591549,0.31722616629419564
6.322183098591549,0.31351944645181573
6.322183098591549,0.3120036924788692
6.322183098591549,0.30841564671873994
6.322183098591549,0.310300311875098
6.322183098591549,0.3111850359820852
6.322183098591549,0.3116497449877733
6.322183098591549,0.31329027424354466
6.322183098591549,0.3156371377889712
6.322183098591549,0.315787121578639
6.322183098591549,0.3172027989809408
6.322183098591549,0.31669070576154656
6.322183098591549,0.31869732499068393
6.322183098591549,0.31901425258326144
6.322183098591549,0.32059143196576717
6.322183098591549,0.3157126790410395
6.322183098591549,0.31658620043010716
6.322183098591549,0.3143244095346099
6.322183098591549,0.312800149415857
6.322183098591549,0.30490611560605185
6.322183098591549,0.3051517296934185
6.322183098591549,0.30438901620968334
6.322183098591549,0.3049866028685531
6.322183098591549,0.3035410750411679
6.322183098591549,0.3049005687005844
6.322183098591549,0.3050485249720614
6.290492957746479,0.30888290123946066
6.290492957746479,0.31083327493888774
6.290492957746479,0.31227898858064124
6.290492957746479,0.31767859296108614
6.290492957746479,0.32686618509131715
6.290492957746479,0.3415760589952253
6.290492957746479,0.3444558432949167
6.290492957746479,0.34582474386562684
6.290492957746479,0.34800490442655924
6.274647887323944,0.34793881834215584
6.274647887323944,0.3546288858470515
6.274647887323944,0.36133261438841185
6.274647887323944,0.37809565204842716
6.274647887323944,0.3799291523001278
6.274647887323944,0.3833057687393526
6.274647887323944,0.38468335523344116
6.274647887323944,0.38740453889510273
6.274647887323944,0.387612182809567
6.274647887323944,0.3879224668079519
6.274647887323944,0.38795554000791604
6.211267605633803,0.39147359416048705
6.211267605633803,0.3925284073440656
6.211267605633803,0.3937969052430396
6.211267605633803,0.3934836643535775
6.211267605633803,0.39401630953243266
6.195422535211267,0.3922484509866737
6.195422535211267,0.39397382907568895
6.195422535211267,0.3931769067010225
6.195422535211267,0.39169873142966155
6.195422535211267,0.38712952674176637
6.163732394366197,0.38896850170925623
6.163732394366197,0.3884780712320955
6.163732394366197,0.3892464988187252
6.163732394366197,0.38838441891544406
6.163732394366197,0.38867190413787517
6.068661971830986,0.3859377504824216
6.068661971830986,0.38426929345832117
6.068661971830986,0.3806542375396382
6.068661971830986,0.38005877623288575
6.068661971830986,0.37898703163899267
6.036971830985915,0.37534985554351724
6.036971830985915,0.3575053571177526
6.036971830985915,0.35836400081336156
6.036971830985915,0.35787337259606533
6.036971830985915,0.35813396099283595
6.036971830985915,0.3562875898061543
6.036971830985915,0.358756439662221
6.036971830985915,0.3607395449730597
6.036971830985915,0.3642021358580358
6.036971830985915,0.3337138843039698
6.036971830985915,0.33473668949363844
6.036971830985915,0.33373184793119326
6.036971830985915,0.3338450741173928
6.036971830985915,0.33242821238887554
6.036971830985915,0.3336740699455379
6.036971830985915,0.33347467867150243
6.036971830985915,0.33407810232273955
6.036971830985915,0.33301081284160333
6.036971830985915,0.335057506830529
6.036971830985915,0.33353931766195016
6.036971830985915,0.33231890441325496
6.036971830985915,0.3299650228784775
6.036971830985915,0.33048240035465193
6.036971830985915,0.329626859280451
6.036971830985915,0.3296641496239064
6.036971830985915,0.32801047761589375
6.036971830985915,0.3259268343241201
6.036971830985915,0.3195966882334681
6.036971830985915,0.3159750027478133
6.02112676056338,0.3124926269870024
6.02112676056338,0.3127865450377214
6.02112676056338,0.31099973346717225
6.02112676056338,0.310911983529081
6.02112676056338,0.30961475337015454
6.02112676056338,0.31070743596247363
6.02112676056338,0.3130274916433135
6.02112676056338,0.313918648864793
6.02112676056338,0.3188697983632368
6.02112676056338,0.32184887105896337
6.02112676056338,0.321550976431785
6.02112676056338,0.32201308399681833
6.02112676056338,0.3193267195454612
6.02112676056338,0.3205145567000818
6.02112676056338,0.3193365876663781
6.02112676056338,0.31968301241798486
6.02112676056338,0.3182316105004907
6.02112676056338,0.31994588290276144
5.910211267605634,0.3180838381540655
5.910211267605634,0.3170560264581797
5.910211267605634,0.3165130084513682
5.910211267605634,0.3176429625632783
5.910211267605634,0.3173163750721638
5.910211267605634,0.3189639977191698
5.910211267605634,0.31864331559503334
5.910211267605634,0.32158660001969824
5.910211267605634,0.3228674881047654
5.910211267605634,0.32470413607456167
5.910211267605634,0.32618345276204797
5.910211267605634,0.32196284596507807
5.894366197183098,0.3219448821470051
5.894366197183098,0.3215484193895586
5.894366197183098,0.32037251044867016
5.894366197183098,0.3199643314432046
5.894366197183098,0.31780340465356577
5.894366197183098,0.3172268747544238
5.894366197183098,0.31552575224515045
5.894366197183098,0.3158448044067773
5.894366197183098,0.3152005815817125
5.894366197183098,0.3152021694280676
5.894366197183098,0.3194087930054246
5.894366197183098,0.32589203902018576
5.894366197183098,0.3288445989813333
5.894366197183098,0.3328409405257591
5.846830985915493,0.3342915168097955
5.846830985915493,0.33899794440911196
5.846830985915493,0.3394157027729806
5.846830985915493,0.33904418463497454
5.846830985915493,0.33288045884274653
5.846830985915493,0.32777332877721793
5.830985915492958,0.3204245816113866
5.830985915492958,0.31373950215401686
5.830985915492958,0.3113506868279233
5.830985915492958,0.31390363650979936
5.830985915492958,0.3148010312606532
5.830985915492958,0.3174634943767435
5.830985915492958,0.32035462631092987
5.830985915492958,0.3223824507488705
5.830985915492958,0.3224170536223412
5.830985915492958,0.32328487921007787
5.830985915492958,0.32238050395395595
5.783450704225352,0.3251613714009104
5.783450704225352,0.3252091386389177
5.783450704225352,0.326539573033822
5.783450704225352,0.32599945130984903
5.783450704225352,0.3266194251587532
5.783450704225352,0.325592957327145
5.783450704225352,0.32603131166676175
5.783450704225352,0.32413540411047326
5.783450704225352,0.3241679218627401
5.783450704225352,0.32685908706100353
5.783450704225352,0.3279140432754159
5.783450704225352,0.3264085151111537
5.783450704225352,0.32674352143428437
5.783450704225352,0.3257039105757232
5.783450704225352,0.32698591030617163
5.783450704225352,0.32719617733877593
5.783450704225352,0.3281074860371865
5.783450704225352,0.32771200425714586
5.767605633802817,0.33288140547666323
5.767605633802817,0.33591253033763424
5.767605633802817,0.34023827703779597
5.767605633802817,0.34116246731326183
5.704225352112676,0.33985896993130676
5.704225352112676,0.3353477311134981
5.704225352112676,0.33335525556475193
5.704225352112676,0.3287496291360739
5.65669014084507,0.32713509457144724
5.65669014084507,0.32534351075618084
5.65669014084507,0.32459233931390097
5.65669014084507,0.3231080955777054
5.640845070422535,0.32386601059498893
5.640845070422535,0.3236778507599571
5.640845070422535,0.32482733976458356
5.640845070422535,0.32464876211344185
5.640845070422535,0.32539797769553036
5.640845070422535,0.32300122706212075
5.640845070422535,0.3230538085299721
5.640845070422535,0.32278404614564915
5.640845070422535,0.31328343312067375
5.640845070422535,0.32185460747951705
5.640845070422535,0.3219172300036974
5.640845070422535,0.3218614815623132
5.640845070422535,0.32679695597829417
5.640845070422535,0.32895706419676246
5.640845070422535,0.3319690381060574
5.640845070422535,0.3300627866018618
5.640845070422535,0.32992571409416027
5.640845070422535,0.32970509525728264
5.640845070422535,0.3295580315540793
5.640845070422535,0.3289522079575298
5.640845070422535,0.31323910797234
5.593309859154929,0.30665012437213085
5.593309859154929,0.30490020838999016
5.593309859154929,0.3042038216748813
5.593309859154929,0.2949390900825715
5.577464788732394,0.29187128612616453
5.577464788732394,0.29323326799644067
5.577464788732394,0.2934534233081829
5.577464788732394,0.29486419626921384
5.577464788732394,0.29683523508192844
5.577464788732394,0.29933867631917094
5.577464788732394,0.30016093215176126
5.577464788732394,0.30491599269808306
5.577464788732394,0.3054811951192011
5.577464788732394,0.30826916601606535
5.577464788732394,0.3086547603796146
5.577464788732394,0.31095314157585907
5.577464788732394,0.31106607561422706
5.577464788732394,0.31377395109442924
5.514084507042253,0.3138520101652569
5.514084507042253,0.3144780504868207
5.514084507042253,0.3138386962498224
5.514084507042253,0.31338007858741174
5.514084507042253,0.312161778232598
5.514084507042253,0.3142097942213349
5.514084507042253,0.3127190479014004
5.514084507042253,0.31257312806404514
5.514084507042253,0.31137784439004557
5.482394366197183,0.3085097811291749
5.482394366197183,0.30466059154144304
5.466549295774648,0.30547485068926056
5.466549295774648,0.3045869109720223
5.466549295774648,0.30291401935142287
5.466549295774648,0.29818338924926924
5.466549295774648,0.29806244294470563
5.466549295774648,0.2966387127559441
5.466549295774648,0.2935364087570289
5.466549295774648,0.295647227388877
5.466549295774648,0.29618821692939845
5.466549295774648,0.29587931225314207
5.466549295774648,0.2943117355034391
5.466549295774648,0.29169056771768237
5.466549295774648,0.2929959419930202
5.466549295774648,0.29404925006424804
5.466549295774648,0.29530862770745303
5.466549295774648,0.2950473309216446
5.466549295774648,0.2959024734447726
5.466549295774648,0.2956514446649062
5.466549295774648,0.29614199942544894
5.466549295774648,0.2971483235824474
5.466549295774648,0.2994835302929806
5.466549295774648,0.3006717277789625
5.466549295774648,0.3023957780669821
5.466549295774648,0.30542898966802734
5.387323943661972,0.30614818143821276
5.387323943661972,0.3057717323880017
5.387323943661972,0.3077517561379113
5.387323943661972,0.30739903559917275
5.387323943661972,0.3088190886870777
5.387323943661972,0.30797024131175244
5.387323943661972,0.30947950117439477
5.387323943661972,0.30608564100742797
5.387323943661972,0.30255951541720105
5.387323943661972,0.29879318254724224
5.387323943661972,0.2972361846472841
5.387323943661972,0.2961881811866833
5.387323943661972,0.2971907433562449
5.387323943661972,0.2975752118433843
5.387323943661972,0.29880448277313304
5.387323943661972,0.29822335640973313
5.387323943661972,0.29870754112161424
5.387323943661972,0.29807741327842785
5.387323943661972,0.29428784031146055
5.387323943661972,0.2975718015604933
5.387323943661972,0.2980522763572302
5.387323943661972,0.29785574739461657
5.339788732394366,0.29880333152762784
5.339788732394366,0.297905295236704
5.339788732394366,0.3060364990161814
5.339788732394366,0.3259026480702902
5.339788732394366,0.3236974755819733
5.323943661971831,0.31900892683355786
5.323943661971831,0.31842099235187293
5.323943661971831,0.31628680956403893
5.308098591549296,0.3159557411177282
5.308098591549296,0.31310880725444684
5.308098591549296,0.30750347780410126
5.308098591549296,0.3031082296614395
5.308098591549296,0.3015087450329446
5.308098591549296,0.2986769406419898
5.308098591549296,0.2965219164588393
5.308098591549296,0.29317455984043783
5.308098591549296,0.2919778421661367
5.308098591549296,0.28945080962698666
5.308098591549296,0.28774729383551034
5.308098591549296,0.28495069067722584
5.308098591549296,0.28458828666956215
5.308098591549296,0.28271871779090585
5.308098591549296,0.2825131047249468
5.308098591549296,0.2805572570840096
5.308098591549296,0.27933114781781015
5.29225352112676,0.2809039330400469
5.244718309859155,0.28178899538756375
5.244718309859155,0.28376841939350006
5.244718309859155,0.2867079837515656
5.244718309859155,0.28768922857547674
5.244718309859155,0.2900260889750329
5.244718309859155,0.28983951349168147
5.244718309859155,0.2967690196992313
5.181338028169014,0.29885011143010615
5.181338028169014,0.29523406081826425
5.181338028169014,0.293883299798793
5.181338028169014,0.2939591279775947
5.181338028169014,0.29725119553019325
5.181338028169014,0.29808647077614125
5.181338028169014,0.29773664555060386
5.181338028169014,0.2989940044500816
5.181338028169014,0.2992431519836402
5.181338028169014,0.30047408109202267
5.181338028169014,0.30003221446465356
5.181338028169014,0.29935862505914423
5.181338028169014,0.2988536921266189
5.181338028169014,0.29919658556533124
5.181338028169014,0.29828347726525417
5.181338028169014,0.29884353744111897
5.181338028169014,0.2963039622210225
5.181338028169014,0.29422704058547927
5.181338028169014,0.292609267406873
5.181338028169014,0.29257719516924696
5.181338028169014,0.29111906276787053
5.181338028169014,0.29019061600499835
5.181338028169014,0.28824306687983225
5.181338028169014,0.28643981434692484
5.181338028169014,0.2828321297802123
5.181338028169014,0.28489271091194585
5.181338028169014,0.27989477258187956
5.181338028169014,0.2809213220573391
5.181338028169014,0.2811736003638749
5.181338028169014,0.28231644610883777
5.181338028169014,0.28260171247803834
5.181338028169014,0.28519339532058424
5.181338028169014,0.2863708311360715
5.181338028169014,0.2885337801062728
5.181338028169014,0.2894867576228789
5.181338028169014,0.2968814471380199
5.070422535211268,0.29714503721903435
5.070422535211268,0.2962768462356326
5.070422535211268,0.2949579500495924
5.070422535211268,0.2946085994443224
5.070422535211268,0.2925920956979569
5.070422535211268,0.29064525840834443
5.070422535211268,0.2870556324019111
5.070422535211268,0.28395248372513227
5.070422535211268,0.27934258692418984
5.070422535211268,0.27401027774440695
5.070422535211268,0.27109554024730775
5.070422535211268,0.2713347420507137
5.070422535211268,0.2702583805119799
5.070422535211268,0.2694110527410433
5.070422535211268,0.26737669568654565
5.070422535211268,0.2650395392745454
5.070422535211268,0.26819693412874646
5.070422535211268,0.26873218756003703
5.070422535211268,0.26887152856336854
5.070422535211268,0.26963965545648694
5.070422535211268,0.2693797473121408
5.070422535211268,0.27047981648796837
5.070422535211268,0.27078322596613075
5.070422535211268,0.2720972248132787
5.070422535211268,0.2724487876402631
5.070422535211268,0.27435596984666066
5.070422535211268,0.27450288755497776
5.070422535211268,0.28063893867911394
5.054577464788732,0.28594943796031114
5.054577464788732,0.28991149126609705
5.054577464788732,0.29268608977336935
5.038732394366197,0.2951974293986215
5.022887323943662,0.2758593385242398
5.022887323943662,0.2670263407583608
5.022887323943662,0.26653383366109734
4.991197183098591,0.2667832764650619
4.991197183098591,0.2662294860453385
4.975352112676056,0.2657679831905521
4.975352112676056,0.2648751289371573
4.975352112676056,0.2660264354898429
4.975352112676056,0.26590905827168804
4.975352112676056,0.2663337933661487
4.975352112676056,0.26567917903203747
4.975352112676056,0.26572505539750185
4.975352112676056,0.2652126242301295
4.975352112676056,0.2664582652371985
4.975352112676056,0.26587203185242375
4.975352112676056,0.26685771987423645
4.975352112676056,0.26655431213046316
4.975352112676056,0.2671223317232723
4.975352112676056,0.2663282825657234
4.975352112676056,0.2668514342828845
4.975352112676056,0.26632651208158414
4.975352112676056,0.2664148074895891
4.975352112676056,0.2657274684717025
4.975352112676056,0.26632484693053204
4.959507042253521,0.27283677681014057
4.959507042253521,0.2742963778526418
4.959507042253521,0.2748618180928574
4.959507042253521,0.2782673712427144
4.959507042253521,0.28025656365947194
4.959507042253521,0.2828747066264584
4.959507042253521,0.2847031738616568
4.959507042253521,0.2847031738616568
4.959507042253521,0.2917093444580414
4.943661971830986,0.29360729027568366
4.943661971830986,0.2944949320411066
4.943661971830986,0.2960596461300263
4.943661971830986,0.29637677934145595
4.943661971830986,0.2981201438938349
4.943661971830986,0.30039983112166085
4.943661971830986,0.3018873790702553
4.880281690140845,0.30177435022588633
4.880281690140845,0.30076735260482884
4.880281690140845,0.29661530633962163
4.880281690140845,0.2943709859089386
4.880281690140845,0.28168404970799366
4.880281690140845,0.2820103507571412
4.880281690140845,0.2811505297584727
4.880281690140845,0.284799850682315
4.880281690140845,0.2868832078574133
4.86443661971831,0.2883164419668369
4.86443661971831,0.28842567807426805
4.86443661971831,0.28844658814916646
4.86443661971831,0.28789856093506105
4.86443661971831,0.2939423300721407
4.86443661971831,0.2947828573716089
4.86443661971831,0.29532584700678166
4.86443661971831,0.29519863376023925
4.86443661971831,0.29763276042914544
4.816901408450704,0.2991327188896045
4.816901408450704,0.30086088167820824
4.816901408450704,0.30101346127995876
4.816901408450704,0.2979698444257469
4.801056338028169,0.2979691612377857
4.801056338028169,0.29284857104067247
4.801056338028169,0.292766237786783
4.801056338028169,0.29215179459875956
4.785211267605634,0.2884667490760167
4.769366197183098,0.286377667991762
4.769366197183098,0.2823734597248668
4.769366197183098,0.2779583106386065
4.769366197183098,0.2726512722771476
4.769366197183098,0.2705513424191411
4.769366197183098,0.2655833113122237
4.769366197183098,0.26691166338353756
4.769366197183098,0.26776202424789003
4.769366197183098,0.26940310222378694
4.753521126760563,0.2699700485561198
4.753521126760563,0.27204738534864087
4.753521126760563,0.2729037699757273
4.737676056338028,0.27432819039790873
4.737676056338028,0.2753183771349201
4.737676056338028,0.27596688351866183
4.721830985915493,0.27551774597577594
4.721830985915493,0.2764777178800764
4.721830985915493,0.2763058028528962
4.721830985915493,0.2699795484314165
4.721830985915493,0.26955272793158047
4.721830985915493,0.26951393977338794
4.721830985915493,0.2689551833636287
4.721830985915493,0.26712255687592557
4.721830985915493,0.2646030004061165
4.721830985915493,0.2630800615510777
4.721830985915493,0.2588969822647608
4.721830985915493,0.2569072984021902
4.721830985915493,0.2545354192600169
4.721830985915493,0.2534179559781433
4.721830985915493,0.25198594540645464
4.721830985915493,0.25133761346140826
4.721830985915493,0.2501779855742856
4.721830985915493,0.24952602966821746
4.721830985915493,0.2483624238817265
4.721830985915493,0.24848923753160798
4.721830985915493,0.24893376553017402
4.721830985915493,0.24934490941149137
4.705985915492958,0.2607636765971211
4.705985915492958,0.2648768043478489
4.705985915492958,0.2662636707982698
4.705985915492958,0.26703934396741047
4.705985915492958,0.26680896190878584
4.705985915492958,0.26670243161285023
4.705985915492958,0.26740295883504395
4.705985915492958,0.268392666352677
4.705985915492958,0.26886897133666143
4.705985915492958,0.2651704179745672
4.642605633802817,0.26249931604693494
4.642605633802817,0.2624212561734745
4.642605633802817,0.26218906387135404
4.642605633802817,0.26109447800382046
4.642605633802817,0.2590304037020854
4.642605633802817,0.2603143756225692
4.642605633802817,0.2619175985516844
4.595070422535211,0.26131276715099405
4.595070422535211,0.2599082765521767
4.595070422535211,0.2595217753575589
4.595070422535211,0.26068979542157117
4.595070422535211,0.2617101794918699
4.595070422535211,0.2629737004320039
4.595070422535211,0.2643887008863072
4.595070422535211,0.2651765527578456
4.595070422535211,0.26667074625952275
4.595070422535211,0.2667664945008078
4.595070422535211,0.2681726649637711
4.595070422535211,0.26889892302278834
4.595070422535211,0.2662893552240326
4.595070422535211,0.2663199339378008
4.595070422535211,0.26352504942390614
4.563380281690141,0.2634944468226724
4.563380281690141,0.26278354412646404
4.563380281690141,0.2608187235835489
4.547535211267606,0.2585467685456954
4.547535211267606,0.2541193360157085
4.547535211267606,0.25291782438099597
4.547535211267606,0.25063061781129564
4.547535211267606,0.24988711749679207
4.547535211267606,0.24913956943914048
4.547535211267606,0.2496566037329148
4.547535211267606,0.24884839416232227
4.547535211267606,0.24868269046411204
4.547535211267606,0.24803266094416968
4.547535211267606,0.2480259168078555
4.547535211267606,0.2470742563936085
4.547535211267606,0.24515586309778128
4.547535211267606,0.24357291031589356
4.547535211267606,0.24434984187842196
4.53169014084507,0.24492265262032795
4.53169014084507,0.2470662534478383
4.53169014084507,0.24778395061494085
4.53169014084507,0.2504041960873359
4.53169014084507,0.2512749162887778
4.53169014084507,0.25296032201694146
4.515845070422535,0.253186380251944
4.515845070422535,0.2531944119133708
4.515845070422535,0.25607168683093273
4.515845070422535,0.2570401848143786
4.515845070422535,0.2574252964865316
4.515845070422535,0.2576759451518666
4.515845070422535,0.25699576136624236
4.515845070422535,0.259618698913583
4.515845070422535,0.2666346855528672
4.515845070422535,0.269785038778916
4.452464788732394,0.27151376611493566
4.452464788732394,0.27374055990502144
4.452464788732394,0.27442226293093613
4.452464788732394,0.27530874338739375
4.452464788732394,0.2748458729806283
4.452464788732394,0.27491613627596173
4.452464788732394,0.27376857733156723
4.452464788732394,0.27421856576502557
4.452464788732394,0.2737796348075283
4.452464788732394,0.27271418409652975
4.452464788732394,0.27001954177947696
4.452464788732394,0.2591939620569808
4.452464788732394,0.2568170818485458
4.452464788732394,0.25633668758172895
4.452464788732394,0.2560655885014654
4.452464788732394,0.25574970468941177
4.452464788732394,0.2543158347155098
4.452464788732394,0.2537040171303552
4.389084507042253,0.24794404520658506
4.389084507042253,0.246818471508663
4.389084507042253,0.24529163715684227
4.389084507042253,0.2466475589274017
4.389084507042253,0.24844002198587703
4.389084507042253,0.24983268781580933
4.389084507042253,0.2493015357155371
4.389084507042253,0.24847698983512576
4.389084507042253,0.24822700753854204
4.389084507042253,0.24318743065268958
4.373239436619718,0.24327490112239142
4.373239436619718,0.24054366887771583
4.373239436619718,0.2377188510647273
4.373239436619718,0.2378493611642345
4.373239436619718,0.2373294384400148
4.373239436619718,0.23814326876469688
4.341549295774648,0.238238823184639
4.341549295774648,0.23789522746922087
4.341549295774648,0.23761944993427403
4.341549295774648,0.23730924342060122
4.341549295774648,0.23755914778083864
4.341549295774648,0.23783922805466548
4.341549295774648,0.23933658145651202
4.341549295774648,0.2404031561267727
4.341549295774648,0.24098980828088307
4.325704225352113,0.24249522180223418
4.325704225352113,0.24259388738443005
4.325704225352113,0.2420789066085636
4.325704225352113,0.23853410804631395
4.325704225352113,0.23797076420258037
4.325704225352113,0.23570944987365788
4.325704225352113,0.23535721104053067
4.325704225352113,0.23537209957755567
4.325704225352113,0.23773191172727356
4.325704225352113,0.23775130279282414
4.325704225352113,0.2397542471322781
4.325704225352113,0.24021736374492425
4.325704225352113,0.24286383895610045
4.294014084507042,0.24275508663418482
4.294014084507042,0.24339174241450473
4.294014084507042,0.2436650125603023
4.294014084507042,0.2474235522178839
4.294014084507042,0.24885743860089182
4.278169014084507,0.25098755528075406
4.278169014084507,0.25185882370169665
4.278169014084507,0.2531936552569661
4.278169014084507,0.25320805866286394
4.278169014084507,0.2525232242178428
4.278169014084507,0.2536596090847957
4.278169014084507,0.2536587342381866
4.278169014084507,0.2533830300264752
4.278169014084507,0.2528099344909
4.262323943661972,0.24826537258952625
4.262323943661972,0.24702121916236888
4.246478873239437,0.24533881332845056
4.246478873239437,0.2462270960891403
4.230633802816901,0.24454700847537664
4.230633802816901,0.24094204049375872
4.230633802816901,0.2412531462679966
4.230633802816901,0.240590679186165
4.183098591549296,0.24122911014570073
4.183098591549296,0.2408945761290844
4.183098591549296,0.2404936741158152
4.183098591549296,0.2413609417173268
4.183098591549296,0.24168580103169995
4.183098591549296,0.24088899131390237
4.183098591549296,0.24044685295980198
4.16725352112676,0.23822626953002332
4.16725352112676,0.23672212008569105
4.16725352112676,0.2356086384059974
4.16725352112676,0.23348618405205981
4.16725352112676,0.23120825440376705
4.16725352112676,0.2303906803267076
4.16725352112676,0.22918741616044097
4.16725352112676,0.22728225858815201
4.16725352112676,0.22363797062495083
4.16725352112676,0.22045522425335107
4.16725352112676,0.22246667809756063
4.16725352112676,0.22365317033677737
4.16725352112676,0.22494665983133563
4.16725352112676,0.2259636912264711
4.16725352112676,0.2220357638566885
4.16725352112676,0.22312696260247147
4.16725352112676,0.22387288095873198
4.16725352112676,0.22404191488809153
4.16725352112676,0.22450797022448404
4.16725352112676,0.22409781509247534
4.16725352112676,0.22418444214303443
4.16725352112676,0.22369365593934357
4.16725352112676,0.22495482322958193
4.16725352112676,0.22698308499336642
4.16725352112676,0.2268553303320638
4.16725352112676,0.22735006378418926
4.16725352112676,0.22735006378418926
4.16725352112676,0.22852669210339865
4.16725352112676,0.22941086799611504
4.16725352112676,0.22906696107188496
4.16725352112676,0.22943577825940442
4.16725352112676,0.22879098681211713
4.088028169014084,0.22884313047717705
4.088028169014084,0.22552657261386033
4.088028169014084,0.22596995694888772
4.088028169014084,0.22622759601724285
4.088028169014084,0.22724977798054094
4.088028169014084,0.23017848457532578
4.088028169014084,0.23028420364098073
4.088028169014084,0.2306016009123573
4.088028169014084,0.23128959399714444
4.088028169014084,0.23450697171267446
4.072183098591549,0.23544703662541505
4.072183098591549,0.23569638662203313
4.072183098591549,0.23664464619953257
4.072183098591549,0.23695779587403704
4.072183098591549,0.237445484876167
4.072183098591549,0.23747874364896873
4.072183098591549,0.23663911194801557
4.072183098591549,0.23704314247283215
4.072183098591549,0.23716609836129426
4.072183098591549,0.23836256807930548
4.072183098591549,0.23653721321235685
4.056338028169014,0.23614472672123005
4.056338028169014,0.23662656924159503
4.056338028169014,0.23689704639944598
4.008802816901408,0.22825860650105256
4.008802816901408,0.22631216199332196
4.008802816901408,0.22859815044696868
4.008802816901408,0.22954079656358778
4.008802816901408,0.2279761137160096
4.008802816901408,0.22724784932073014
3.992957746478873,0.2261637460785234
3.992957746478873,0.2268075185213396
3.992957746478873,0.22910546049189212
3.992957746478873,0.23057493887241695
3.992957746478873,0.23234368242163259
3.992957746478873,0.23309703724025774
3.992957746478873,0.23241796442080692
3.992957746478873,0.23125504095008648
3.992957746478873,0.23703879293676247
3.992957746478873,0.23715942908986415
3.977112676056338,0.23503950100900844
3.977112676056338,0.23656782499308762
3.977112676056338,0.2373323867395416
3.977112676056338,0.23743683317653494
3.977112676056338,0.23918700525134065
3.977112676056338,0.240193491259122
3.977112676056338,0.24178312385642511
3.977112676056338,0.2428725529038119
3.977112676056338,0.2419837788286829
3.9295774647887325,0.23588244203496855
3.9295774647887325,0.2370313614631689
3.913732394366197,0.23786945632447454
3.913732394366197,0.23746329119127696
3.913732394366197,0.2370141311577363
3.913732394366197,0.23702446846587752
3.913732394366197,0.2363707137949932
3.8661971830985915,0.23372528045895255
3.8661971830985915,0.2283453256631528
3.8661971830985915,0.2271226800568831
3.8661971830985915,0.22578726611159644
3.8661971830985915,0.22516053031413757
3.8661971830985915,0.22401692348703386
3.8661971830985915,0.2236629174580423
3.8661971830985915,0.22272489645411672
3.8661971830985915,0.22239009227822157
3.8661971830985915,0.22142721623088168
3.8661971830985915,0.22152761202439197
3.8661971830985915,0.22079065819095964
3.8661971830985915,0.21767470269124706
3.8661971830985915,0.21627238603646698
3.8661971830985915,0.21877542976651093
3.8661971830985915,0.22092122732794078
3.8661971830985915,0.22134537464317317
3.8661971830985915,0.21996236818784853
3.8661971830985915,0.22092113874507266
3.8661971830985915,0.22105441769581446
3.8661971830985915,0.22153455110311385
3.8661971830985915,0.22107109054299756
3.8661971830985915,0.21903713909108782
3.8661971830985915,0.21745393996008297
3.8661971830985915,0.21644962303241264
3.8661971830985915,0.2147763053986451
3.8661971830985915,0.21450824339844682
3.8661971830985915,0.21364304515212384
3.8661971830985915,0.2134289916445955
3.8661971830985915,0.2128795805658548
3.8503521126760565,0.21293700843355456
3.8503521126760565,0.21294949651704448
3.8503521126760565,0.21381945153721188
3.8503521126760565,0.21395619450486342
3.8503521126760565,0.21434201562589864
3.818661971830986,0.21402930786880883
3.818661971830986,0.21444274822491524
3.818661971830986,0.2142759972726568
3.818661971830986,0.21473653704435205
3.818661971830986,0.2147302575143167
3.818661971830986,0.21862273912220007
3.8028169014084505,0.23155807421565766
3.8028169014084505,0.2313451481850418
3.8028169014084505,0.23109313340989632
3.8028169014084505,0.2313590925118807
3.8028169014084505,0.23162155046703167
3.8028169014084505,0.2308443912896303
3.8028169014084505,0.23127470105156028
3.8028169014084505,0.23007801789943452
3.8028169014084505,0.23340497757639672
3.8028169014084505,0.23301174601929184
3.8028169014084505,0.23231518595739165
3.8028169014084505,0.2316603788695819
3.8028169014084505,0.23080789633628995
3.8028169014084505,0.22749939803344507
3.755281690140845,0.22748211641158803
3.755281690140845,0.22760947142370613
3.755281690140845,0.22732373891967994
3.755281690140845,0.22726397244713054
3.755281690140845,0.2268498956025676
3.755281690140845,0.2281640578229588
3.755281690140845,0.23184759817367134
3.755281690140845,0.22995041514997389
3.755281690140845,0.2282334338661622
3.7077464788732395,0.22136022743693717
3.7077464788732395,0.21901885209269878
3.7077464788732395,0.22005231369649106
3.7077464788732395,0.22050955050474305
3.7077464788732395,0.22271771177049324
3.7077464788732395,0.22312717036082644
3.7077464788732395,0.2238206583335678
3.7077464788732395,0.22436989281768718
3.7077464788732395,0.22498608381482524
3.7077464788732395,0.22736352906659046
3.691901408450704,0.22752005900617808
3.691901408450704,0.22738468473799694
3.691901408450704,0.2269707071729545
3.691901408450704,0.2256282784940572
3.691901408450704,0.22487493771557548
3.691901408450704,0.22337845330348977
3.691901408450704,0.2232280830569845
3.691901408450704,0.2225126347102538
3.691901408450704,0.22230699042158675
3.691901408450704,0.22090261156911475
3.691901408450704,0.21974477103342943
3.691901408450704,0.21641235165428505
3.691901408450704,0.21429422740530893
3.691901408450704,0.2113466645458356
3.691901408450704,0.2093030528441665
3.691901408450704,0.20671970428530723
3.691901408450704,0.20415861379839553
3.691901408450704,0.20151673632073178
3.691901408450704,0.20132359412705259
3.691901408450704,0.20038608527832955
3.691901408450704,0.19990115173287773
3.691901408450704,0.19900008481039527
3.691901408450704,0.19938614514765052
3.691901408450704,0.1991674273557214
3.691901408450704,0.1994582010780704
3.691901408450704,0.1989150850218071
3.691901408450704,0.19960042111900203
3.691901408450704,0.19998083966309055
3.691901408450704,0.20117153100955285
3.6602112676056335,0.20280619459110222
3.6602112676056335,0.20376679087799407
3.6602112676056335,0.2044063358990804
3.6602112676056335,0.2058483844192215
3.6602112676056335,0.20647415594575425
3.6602112676056335,0.2098798748827555
3.6602112676056335,0.21656566624026
3.6443661971830985,0.21726867171879916
3.6443661971830985,0.21734430846712782
3.6443661971830985,0.2148830428662037
3.6443661971830985,0.2127225400821167
3.6443661971830985,0.2116081321656767
3.6443661971830985,0.2107263738080109
3.6443661971830985,0.21191641081608512
3.6443661971830985,0.21276017092449034
3.6443661971830985,0.21405713981849211
3.6285211267605635,0.21527819175921617
3.6285211267605635,0.21445365845546904
3.6285211267605635,0.21694716562166025
3.6285211267605635,0.21772645269626248
3.6285211267605635,0.21837618012877347
3.6285211267605635,0.2197370863962734
3.6285211267605635,0.22060990817596063
3.6285211267605635,0.2212133688498783
3.6285211267605635,0.22257103015672292
3.6285211267605635,0.2265793861035474
3.6285211267605635,0.22888487248058623
3.6285211267605635,0.22861057028363338
3.612676056338028,0.23577039034756403
3.612676056338028,0.23605171285951887
3.612676056338028,0.23354601242760392
3.612676056338028,0.2335922676915367
3.612676056338028,0.2334872659501658
3.533450704225352,0.23164013108171774
3.533450704225352,0.22066910607389434
3.533450704225352,0.22065049145226162
3.533450704225352,0.22059342241997326
3.517605633802817,0.21809580640553225
3.517605633802817,0.21646441929600546
3.517605633802817,0.21309262894772069
3.517605633802817,0.21298155847446565
3.517605633802817,0.21183622258804274
3.517605633802817,0.21028349609097208
3.517605633802817,0.20940817065757505
3.517605633802817,0.20840154825772197
3.517605633802817,0.20739007265917547
3.517605633802817,0.20589056691766447
3.517605633802817,0.20602569766619563
3.517605633802817,0.2063611412505516
3.517605633802817,0.20739541794109895
3.517605633802817,0.20787307048949885
3.517605633802817,0.20872200154328008
3.517605633802817,0.209812881957566
3.517605633802817,0.21178517496204852
3.517605633802817,0.21285747022795126
3.517605633802817,0.2139998175564628
3.5017605633802815,0.21395193538172066
3.5017605633802815,0.21554755440832085
3.5017605633802815,0.21474777392042393
3.5017605633802815,0.2138332919849798
3.5017605633802815,0.21296111492747066
3.5017605633802815,0.2125329589318377
3.5017605633802815,0.2108969346079193
3.5017605633802815,0.20897201810461707
3.5017605633802815,0.20694709060941346
3.5017605633802815,0.2031116862551646
3.5017605633802815,0.1995876073031426
3.5017605633802815,0.2006304156784057
3.5017605633802815,0.20125695110975528
3.5017605633802815,0.20212557178667948
3.5017605633802815,0.20231664042801
3.4859154929577465,0.20265228379184458
3.4859154929577465,0.2025156928605592
3.4859154929577465,0.20435968522926762
3.470070422535211,0.20572859635603
3.470070422535211,0.20500791596334833
3.470070422535211,0.2102686783682122
3.470070422535211,0.21097435833674552
3.470070422535211,0.21088551751592818
3.470070422535211,0.21182640954108317
3.470070422535211,0.21290098000426086
3.4225352112676055,0.21520318268110528
3.4225352112676055,0.21713064694487727
3.4225352112676055,0.21779666393203767
3.4225352112676055,0.2183542335226969
3.4225352112676055,0.2183739661503545
3.4225352112676055,0.21954092933376235
3.4225352112676055,0.2215906336714474
3.4225352112676055,0.22388335750695945
3.4225352112676055,0.22497560263377314
3.4066901408450705,0.21818459686758793
3.4066901408450705,0.21817411407419
3.4066901408450705,0.2182706539474857
3.4066901408450705,0.21956239578731274
3.4066901408450705,0.22062103422580387
3.390845070422535,0.21659638284548915
3.390845070422535,0.21791753091253216
3.390845070422535,0.21791432254298015
3.390845070422535,0.2185021832561583
3.390845070422535,0.2183722371907316
3.390845070422535,0.2196279703033343
3.390845070422535,0.22019241344813587
3.390845070422535,0.22427797819267636
3.375,0.22393400527480012
3.375,0.22278762841531308
3.375,0.2153106768060985
3.375,0.20915305880352478
3.3591549295774645,0.20945310893706093
3.3591549295774645,0.20920143833988833
3.3591549295774645,0.20881909736298268
3.311619718309859,0.20845646842185897
3.311619718309859,0.20502769889621045
3.311619718309859,0.20549734094389238
3.311619718309859,0.2058831612603791
3.311619718309859,0.20851148998388144
3.311619718309859,0.20867640337753657
3.311619718309859,0.2084144707249476
3.311619718309859,0.20842909239638943
3.311619718309859,0.2084489175678018
3.311619718309859,0.2081152664475862
3.311619718309859,0.20697333466236706
3.311619718309859,0.20642756118470282
3.311619718309859,0.2059110692207391
3.295774647887324,0.20557893068409763
3.295774647887324,0.20466719367609063
3.295774647887324,0.2047347990281731
3.295774647887324,0.20668451771217983
3.295774647887324,0.20681245063178386
3.295774647887324,0.20690830079192
3.295774647887324,0.20748052407932
3.295774647887324,0.20837965696604588
3.295774647887324,0.208409720701261
3.295774647887324,0.20836411782835054
3.295774647887324,0.20843248170302942
3.295774647887324,0.20849105058438075
3.295774647887324,0.20461077267634142
3.295774647887324,0.20545488827032837
3.295774647887324,0.20510452560880685
3.2799295774647885,0.20441850844239173
3.2799295774647885,0.2024600475390093
3.2799295774647885,0.2040017709628079
3.2799295774647885,0.2042859978880815
3.2799295774647885,0.20416196904802725
3.216549295774648,0.2023253645995599
3.216549295774648,0.20321394665638998
3.216549295774648,0.2055197780283041
3.216549295774648,0.20663467182428932
3.216549295774648,0.20795270781628036
3.216549295774648,0.20935293369379823
3.216549295774648,0.21062951506240363
3.216549295774648,0.21101979096678491
3.216549295774648,0.21094275024227047
3.216549295774648,0.2103803642421387
3.216549295774648,0.21172694968137998
3.216549295774648,0.21038628818690872
3.216549295774648,0.20999051826879087
3.216549295774648,0.20925396787016973
3.216549295774648,0.21108209134861006
3.216549295774648,0.20962416354193425
3.216549295774648,0.2091550971970198
3.216549295774648,0.20887173562138422
3.216549295774648,0.20960876256451874
3.2007042253521125,0.20819773504327493
3.2007042253521125,0.20809373289532118
3.169014084507042,0.20189305396497972
3.169014084507042,0.20262641762213368
3.169014084507042,0.20331217356433828
3.169014084507042,0.20157325542358
3.169014084507042,0.2008242263918398
3.137323943661972,0.19923854913419678
3.137323943661972,0.19935556401574858
3.137323943661972,0.19920181090140418
3.137323943661972,0.1984796830462562
3.137323943661972,0.19785137943259082
3.137323943661972,0.20041299864118775
3.137323943661972,0.2003526131713356
3.137323943661972,0.1999721005461346
3.137323943661972,0.20096860710854808
3.137323943661972,0.20126742092198102
3.137323943661972,0.20108437525655892
3.137323943661972,0.20068932401019754
3.137323943661972,0.20115437210709486
3.1214788732394365,0.20128531721433532
3.1214788732394365,0.2100826167878375
3.1214788732394365,0.20961685289530646
3.1214788732394365,0.21060302544358653
3.1214788732394365,0.20320941392927147
3.1214788732394365,0.2043470502003297
3.1214788732394365,0.20439649627396975
3.1214788732394365,0.2059776680168013
3.1214788732394365,0.20702131954194827
3.089788732394366,0.20667849216942483
3.089788732394366,0.20822920992135502
3.089788732394366,0.20995173259536454
3.089788732394366,0.21021731445164835
3.089788732394366,0.21090159490257857
3.089788732394366,0.21187803564885818
3.089788732394366,0.21194016219383846
3.089788732394366,0.21442241696222447
3.089788732394366,0.21464110000693506
3.089788732394366,0.2147328456964572
3.089788732394366,0.21470775409551057
3.0264084507042255,0.2061445995524975
3.0264084507042255,0.20619988600916864
3.0264084507042255,0.20616081818871498
3.0264084507042255,0.2016594390305501
3.0264084507042255,0.20179867450936267
3.0264084507042255,0.20069240614449607
3.0264084507042255,0.2005539698383696
3.0264084507042255,0.20020106558909384
3.0264084507042255,0.20036332988012967
3.0264084507042255,0.20006065275290527
3.0264084507042255,0.20425950166208354
3.0264084507042255,0.20437579616512874
3.0264084507042255,0.20433992677077778
3.0264084507042255,0.20849543678343813
3.0264084507042255,0.2092483750125745
3.01056338028169,0.20782211826452127
3.01056338028169,0.20873000869034267
3.01056338028169,0.2075520101290798
2.994718309859155,0.20534491166308655
2.994718309859155,0.20508738825840206
2.994718309859155,0.20470653952301326
2.994718309859155,0.20338294360625242
2.994718309859155,0.20230160057430233
2.994718309859155,0.2020162421140868
2.9788732394366195,0.20124445220412918
2.9788732394366195,0.2004097912346342
2.9630281690140845,0.2002672954037864
2.931338028169014,0.19471412089035992
2.931338028169014,0.19471007712187816
2.931338028169014,0.19414706217948208
2.931338028169014,0.19414105042866164
2.931338028169014,0.1938740339387905
2.931338028169014,0.19270159562619432
2.931338028169014,0.1927111371174858
2.931338028169014,0.19291181455840264
2.915492957746479,0.19182788265108947
2.915492957746479,0.19119216962873498
2.915492957746479,0.19261813384842547
2.915492957746479,0.1931708273099698
2.915492957746479,0.19306034167395345
2.915492957746479,0.19285691513195055
2.915492957746479,0.19332535731983247
2.931338028169014,0.18782953542721378
2.931338028169014,0.18803280470068742
2.915492957746479,0.18753704198703142
2.915492957746479,0.18805320898752986
2.915492957746479,0.18871270591720707
2.915492957746479,0.18911773221448103
2.915492957746479,0.1908840166185536
2.915492957746479,0.19146280290656417
2.915492957746479,0.19155399896119096
2.8996478873239435,0.1926038654439781
2.8996478873239435,0.1929478820878921
2.8838028169014085,0.19803017946831003
2.8838028169014085,0.19797834002996806
2.8838028169014085,0.19793290421321083
2.8838028169014085,0.19790981859218318
2.8838028169014085,0.19793903969303442
2.8838028169014085,0.20105415330189927
2.8838028169014085,0.20227974559556608
2.867957746478873,0.20148802851948908
2.867957746478873,0.20138227678450774
2.867957746478873,0.2021351806888564
2.836267605633803,0.19962643123128931
2.836267605633803,0.20015809528105866
2.836267605633803,0.19828484165466745
2.836267605633803,0.19910311696987681
2.836267605633803,0.19974427394784866
2.8045774647887325,0.2005121879469676
2.8045774647887325,0.20046333840360508
2.8045774647887325,0.1999723230988498
2.8045774647887325,0.1992960668439089
2.788732394366197,0.19816322247253046
2.788732394366197,0.19763969384503544
2.788732394366197,0.1939844910726962
2.788732394366197,0.19360483654974023
2.788732394366197,0.19355565952305187
2.788732394366197,0.19005224497049922
2.788732394366197,0.1897952724775294
2.788732394366197,0.18791143255257364
2.788732394366197,0.18786133379552408
2.788732394366197,0.18777902235751917
2.772887323943662,0.18620002638772137
2.772887323943662,0.18623198211422484
2.772887323943662,0.18623536352813158
2.772887323943662,0.18622377938109055
2.772887323943662,0.18661400602449071
2.772887323943662,0.18582095597895026
2.772887323943662,0.18518359082849836
2.772887323943662,0.18575126499074066
2.772887323943662,0.18572546485791794
2.772887323943662,0.18567280094451422
2.772887323943662,0.18452780459637547
2.7570422535211265,0.18401148570018616
2.7570422535211265,0.1836471764424595
2.7570422535211265,0.18304384222014236
2.7411971830985915,0.18073555732206675
2.7411971830985915,0.18099906335102303
2.7411971830985915,0.17870526997333627
2.7411971830985915,0.1781075649634343
2.7411971830985915,0.1770436718357177
2.7411971830985915,0.17631415941929493
2.7411971830985915,0.17507365726276852
2.7411971830985915,0.1738219675583296
2.7411971830985915,0.1749517594928083
2.7411971830985915,0.17588687487413207
2.7411971830985915,0.18151094525708558
2.7411971830985915,0.18152710523603158
2.709507042253521,0.18634737122404038
2.709507042253521,0.18655424619446112
2.709507042253521,0.18719531453887317
2.709507042253521,0.188448844808887
2.709507042253521,0.18959665930591746
2.709507042253521,0.19115562643981887
2.709507042253521,0.19133089075395213
2.709507042253521,0.1913114335490196
2.709507042253521,0.19713454413310216
2.709507042253521,0.19798015789676215
2.709507042253521,0.19893708341035202
2.6778169014084505,0.19936283046455192
2.6778169014084505,0.19775335829619328
2.6778169014084505,0.19817016743573196
2.6619718309859155,0.19690017196031712
2.6619718309859155,0.19702471041106642
2.6619718309859155,0.196409891644981
2.6619718309859155,0.19462647790707652
2.6619718309859155,0.19485513089252351
2.6619718309859155,0.19325941412885847
2.630281690140845,0.1946991137480187
2.630281690140845,0.1956477303497064
2.630281690140845,0.1945752982411092
2.630281690140845,0.19391836514768743
2.630281690140845,0.19254398600783373
2.630281690140845,0.19167738753743616
2.630281690140845,0.19156243987697794
2.5985915492957745,0.18991056838740566
2.5985915492957745,0.18886527678224635
2.5985915492957745,0.18722444940267288
2.5985915492957745,0.18733910214411187
2.5985915492957745,0.18746858187486382
2.5985915492957745,0.1868467016657267
2.5985915492957745,0.18494599754224295
2.5985915492957745,0.18502347129493116
2.5985915492957745,0.18497903052992876
2.5985915492957745,0.18274452496497673
2.5985915492957745,0.1840134984471081
2.5985915492957745,0.18056154840237607
2.5985915492957745,0.18085722329331874
2.5985915492957745,0.18102193730237218
2.5985915492957745,0.17923041291869873
2.5985915492957745,0.17917630412421218
2.5985915492957745,0.17790292800985155
2.5985915492957745,0.17726232745862577
2.5985915492957745,0.1765254479236425
2.5985915492957745,0.17723005708875111
2.5985915492957745,0.17751164266457298
2.5985915492957745,0.17879385904252046
2.5985915492957745,0.1788552499992105
2.5985915492957745,0.17904809525650278
2.535211267605634,0.1792161537514717
2.535211267605634,0.179082420563348
2.535211267605634,0.1805753524301466
2.535211267605634,0.18055060562395586
2.535211267605634,0.18049871332043846
2.535211267605634,0.18257861589788404
2.535211267605634,0.18483897024902451
2.535211267605634,0.18487924989817572
2.535211267605634,0.18487717519776337
2.5193661971830985,0.18366791385504214
2.5193661971830985,0.18357668866640678
2.5193661971830985,0.1803296457529455
2.5193661971830985,0.1803155906794668
2.5193661971830985,0.17864572736755
2.5193661971830985,0.1775194822679998
2.5193661971830985,0.17695336871126058
2.5193661971830985,0.1761223640657853
2.5193661971830985,0.1753359552752166
2.5193661971830985,0.17443064696091856
2.5035211267605635,0.17710378667052826
2.5035211267605635,0.1775236111672874
2.4559859154929575,0.17863402343178736
2.4559859154929575,0.17912048846146672
2.4559859154929575,0.17904762466028726
2.4559859154929575,0.18423748186487723
2.4559859154929575,0.18371545359452326
2.4559859154929575,0.18584398481802933
2.4559859154929575,0.18608878359908837
2.4559859154929575,0.18613367658413563
2.4401408450704225,0.18678742073839577
2.4401408450704225,0.1875468620422351
2.4401408450704225,0.18850813824779752
2.4401408450704225,0.188503388526448
2.4401408450704225,0.1848807895557553
2.4401408450704225,0.1850961746307241
2.4401408450704225,0.18273153497006106
2.4401408450704225,0.182704289548945
2.4401408450704225,0.18308802122452303
2.4242957746478875,0.18138113560424987
2.4242957746478875,0.18133018707482973
2.4242957746478875,0.178934472521545
2.4242957746478875,0.1792897385721211
2.4242957746478875,0.17948282473676624
2.3767605633802815,0.17502784053781956
2.3767605633802815,0.17490879894834044
2.3767605633802815,0.1746361333910999
2.3609154929577465,0.1742064246752144
2.3609154929577465,0.1735011305282721
2.3609154929577465,0.17110640806316843
2.3609154929577465,0.1701895929227101
2.3609154929577465,0.1685844221987904
2.3609154929577465,0.16882368655394012
2.3609154929577465,0.16892179144767225
2.3609154929577465,0.16684363095682267
2.3609154929577465,0.1661947942658814
2.3609154929577465,0.16352475195809743
2.3609154929577465,0.16375631792993334
2.3609154929577465,0.16393294519495477
2.3609154929577465,0.16668475688953274
2.3609154929577465,0.16986338457330363
2.3609154929577465,0.169762162488581
2.3609154929577465,0.16993487985204767
2.3609154929577465,0.1701186852122438
2.3609154929577465,0.17023534132709114
2.3609154929577465,0.17159003047066668
2.3609154929577465,0.17184438385434017
2.3609154929577465,0.17195626705715436
2.3609154929577465,0.17335222187318194
2.3609154929577465,0.17341977587360166
2.345070422535211,0.17340097443148783
2.345070422535211,0.17357135388198525
2.345070422535211,0.17361090662212347
2.329225352112676,0.17534055380988942
2.329225352112676,0.17569322107460633
2.329225352112676,0.17595453883714451
2.329225352112676,0.1759508385033805
2.329225352112676,0.17593484060976605
2.2816901408450705,0.17427903333829373
2.2816901408450705,0.1717869224039844
2.2816901408450705,0.1717869224039844
2.2816901408450705,0.1717869224039844
2.2816901408450705,0.1717869224039844
2.2816901408450705,0.1717869224039844
2.2816901408450705,0.17215993864936746
2.2816901408450705,0.17215993864936746
2.2816901408450705,0.17251454181580184
2.2816901408450705,0.1745503557950937
2.2816901408450705,0.17478236343705295
2.265845070422535,0.17691558357435347
2.265845070422535,0.1771505477962545
2.265845070422535,0.177286893335542
2.2341549295774645,0.17758481522812272
2.2341549295774645,0.17770951867427504
2.2341549295774645,0.17640597004523387
2.2341549295774645,0.177093436585669
2.2341549295774645,0.17592232564100782
2.2341549295774645,0.17547813211791088
2.2341549295774645,0.1742204323583716
2.2341549295774645,0.17394789786006468
2.2341549295774645,0.1740346004962091
2.2341549295774645,0.17408107303197803
2.2341549295774645,0.1721977162084365
2.2341549295774645,0.1727047598355765
2.2341549295774645,0.17285470900690006
2.2341549295774645,0.17294757442544675
2.2183098591549295,0.17329895618918542
2.2183098591549295,0.17303734737879775
2.2024647887323945,0.17278043474797472
2.2024647887323945,0.17363522211920226
2.170774647887324,0.17307076482538095
2.170774647887324,0.17201042908624412
2.170774647887324,0.1721092995302124
2.170774647887324,0.1709363544527207
2.170774647887324,0.17127724459621932
2.170774647887324,0.17146227142734705
2.170774647887324,0.17092224713221005
2.1549295774647885,0.17102258897474618
2.1549295774647885,0.16719522653666283
2.1549295774647885,0.16793491501604194
2.1549295774647885,0.16800299032861296
2.1549295774647885,0.16431653741236046
2.1549295774647885,0.16420238491534606
2.1549295774647885,0.16023795971487179
2.1549295774647885,0.16089545822636558
2.1549295774647885,0.16143466685673416
2.1549295774647885,0.1589762085483968
2.1549295774647885,0.16058403320866899
2.1549295774647885,0.15879868004410694
2.1549295774647885,0.1594898026807327
2.1390845070422535,0.15829354439073823
2.1390845070422535,0.16000430810364533
2.1390845070422535,0.15979748880563324
2.1390845070422535,0.15972294344058985
2.1390845070422535,0.16185948998618124
2.1390845070422535,0.1618177835835771
2.1390845070422535,0.1629232499630187
2.1390845070422535,0.16425335953356626
2.1390845070422535,0.1645926726911461
2.1390845070422535,0.16483798841532538
2.091549295774648,0.1694062764477236
2.091549295774648,0.16947695938765756
2.091549295774648,0.173214568179037
2.091549295774648,0.173436265494193
2.091549295774648,0.17345350491499184
2.0757042253521125,0.17279324339820532
2.0757042253521125,0.17288808117087948
2.0757042253521125,0.1740293632802297
2.0757042253521125,0.17399239980872444
2.0757042253521125,0.17390295265699282
2.0757042253521125,0.17472324650987792
2.0598591549295775,0.17253680215122444
2.0598591549295775,0.17255623213656815
2.0598591549295775,0.1725641925114804
2.044014084507042,0.17089133689924665
2.044014084507042,0.17094321637201557
2.028169014084507,0.16769319620075557
2.028169014084507,0.1675442790491722
2.028169014084507,0.167559456545041
2.028169014084507,0.16600367941392727
2.028169014084507,0.16575160492230076
2.012323943661972,0.16299441351538704
2.012323943661972,0.1630862407393535
2.012323943661972,0.16316081104090588
2.012323943661972,0.16209855332322967
2.012323943661972,0.16229720994458502
1.9964788732394365,0.1609913277870723
1.9964788732394365,0.16207955810979796
1.9964788732394365,0.16207218528986883
1.9964788732394365,0.1619767906245973
1.9964788732394365,0.1619335361054007
1.9964788732394365,0.16371922008239914
1.9964788732394365,0.1649282760268795
1.9964788732394365,0.16563056031312245
1.9964788732394365,0.1684732862904324
1.9964788732394365,0.17027552867414872
1.9806338028169013,0.17072841181686896
1.9806338028169013,0.17110734070924305
1.9647887323943662,0.17241835565738367
1.9647887323943662,0.17304201148793272
1.948943661971831,0.17155163026840228
1.948943661971831,0.17162794135980697
1.948943661971831,0.1719169445955493
1.948943661971831,0.17179699857055145
1.948943661971831,0.17198853100557682
1.948943661971831,0.17205980641975124
1.948943661971831,0.17263248144101487
1.948943661971831,0.17301453253455001
1.9330985915492958,0.17284212513047062
1.9330985915492958,0.1752207796348005
1.9330985915492958,0.1742827195512178
1.9172535211267605,0.17421739994490623
1.9172535211267605,0.17436434047204327
1.9172535211267605,0.17215428974587374
1.9172535211267605,0.17087652735694905
1.9172535211267605,0.16914219105431252
1.9014084507042253,0.1695509144622361
1.9014084507042253,0.17001243199397353
1.9014084507042253,0.16715883727027034
1.88556338028169,0.16157988544870705
1.88556338028169,0.1615985875225482
1.88556338028169,0.16160200773104813
1.88556338028169,0.1617565567975114
1.88556338028169,0.1630705557958792
1.88556338028169,0.16426983551853788
1.88556338028169,0.16539212042164506
1.88556338028169,0.17073901537417419
1.869718309859155,0.17054682063743337
1.869718309859155,0.17087525946496046
1.8538732394366197,0.16783620707009794
1.8538732394366197,0.1685216341620093
1.8538732394366197,0.16910347360750583
1.8538732394366197,0.16863551660115694
1.8538732394366197,0.16848616311046993
1.8380281690140845,0.16950429514001064
1.8380281690140845,0.16952810348730563
1.8380281690140845,0.16948047888858758
1.8380281690140845,0.17204936914017588
1.8380281690140845,0.17200806076917804
1.8380281690140845,0.17199756626394905
1.8380281690140845,0.17196319576988806
1.8380281690140845,0.1721607924111593
1.806338028169014,0.19538063185000418
1.7904929577464788,0.19910427337567815
1.7904929577464788,0.19930834228974845
1.7904929577464788,0.1994550870681209
1.7904929577464788,0.19968824546395522
1.7904929577464788,0.20341598340105604
1.7904929577464788,0.20365492302281246
1.7904929577464788,0.20386872073177112
1.7746478873239435,0.2038336966593167
1.7746478873239435,0.2050315476978905
1.7746478873239435,0.20600605226833976
1.7746478873239435,0.20734445861944747
1.7746478873239435,0.20825078443122153
1.7588028169014085,0.21324322118492445
1.7588028169014085,0.21362244893050955
1.7588028169014085,0.21377458842519578
1.7588028169014085,0.213890461815846
1.7588028169014085,0.21399450880065038
1.727112676056338,0.20965727783559207
1.727112676056338,0.21022665545439057
1.727112676056338,0.21056365597610396
1.727112676056338,0.20988864259171683
1.727112676056338,0.20851350710766955
1.7112676056338028,0.20574440557509174
1.7112676056338028,0.20521946962706733
1.7112676056338028,0.2026431045650642
1.7112676056338028,0.20293491574731576
1.7112676056338028,0.1990647595248529
1.7112676056338028,0.19949163849862833
1.7112676056338028,0.1998336884777298
1.6954225352112675,0.2010266491307259
1.6954225352112675,0.20220827345092984
1.6954225352112675,0.20328972336388515
1.6954225352112675,0.20402659084321662
1.6954225352112675,0.20559304103407228
1.6954225352112675,0.2066488346880502
1.6954225352112675,0.20745790219004548
1.6954225352112675,0.21250965432185104
1.6954225352112675,0.21303851884810776
1.6795774647887323,0.20962904943078786
1.6795774647887323,0.20975179626961535
1.6795774647887323,0.21119340008091836
1.6795774647887323,0.21332482093688718
1.6637323943661972,0.21352134638858758
1.6637323943661972,0.21299782947986073
1.6637323943661972,0.21422927039865425
1.6637323943661972,0.21497543685098422
1.647887323943662,0.23410891883571108
1.647887323943662,0.2368144649266844
1.647887323943662,0.23881341808504256
1.647887323943662,0.24039843582356143
1.647887323943662,0.2437066851763973
1.647887323943662,0.2453241464660418
1.6320422535211268,0.25399860221373377
1.6320422535211268,0.2539723498582053
1.6320422535211268,0.2539029952820486
1.6320422535211268,0.2568348062794907
1.6320422535211268,0.25829251900968814
1.584507042253521,0.26020592870888254
1.584507042253521,0.26095803881807944
1.584507042253521,0.2618961110298419
1.584507042253521,0.26505912780191143
1.584507042253521,0.2790769397888191
1.584507042253521,0.2833206828108071
1.584507042253521,0.28352139141126
1.584507042253521,0.2836091170312584
1.584507042253521,0.29089141386663964
1.584507042253521,0.29114168428715437
1.568661971830986,0.2872114269648801
1.568661971830986,0.28843404223331054
1.568661971830986,0.28834418260658523
1.568661971830986,0.2876101634340728
1.568661971830986,0.28665996024897605
1.5211267605633803,0.2883325925064297
1.5211267605633803,0.2883412861389093
1.5211267605633803,0.28364371489246515
1.5211267605633803,0.2810234588102747
1.5211267605633803,0.27849361699792724
1.5211267605633803,0.28014654190201455
1.5211267605633803,0.28121636390210925
1.5211267605633803,0.2810909127452091
1.505281690140845,0.28257783773498774
1.505281690140845,0.28127305883328785
1.505281690140845,0.2847403123067823
1.505281690140845,0.28476386019227823
1.505281690140845,0.28240038001739426
1.505281690140845,0.2826639375970887
1.505281690140845,0.283030761049765
1.505281690140845,0.2842465129480518
1.4894366197183098,0.2849749343350756
1.4894366197183098,0.285811579789771
1.4894366197183098,0.2863070589484928
1.4894366197183098,0.28599367927278196
1.4894366197183098,0.2866408117902533
1.4894366197183098,0.28689944172832055
1.4894366197183098,0.28823088283326836
1.426056338028169,0.2874347380126429
1.426056338028169,0.2874489056683287
1.426056338028169,0.2870774187533192
1.426056338028169,0.2857652572598538
1.426056338028169,0.2865581825660977
1.426056338028169,0.29331444927571604
1.426056338028169,0.2933419104029648
1.426056338028169,0.29337852523929653
1.426056338028169,0.29409060202391796
1.426056338028169,0.2955591506612944
1.426056338028169,0.29792146674367903
1.426056338028169,0.2995236309811439
1.426056338028169,0.2991274923300785
1.426056338028169,0.2974395402085951
1.426056338028169,0.29709242100839633
1.426056338028169,0.2966818372292454
1.426056338028169,0.29569529193637734
1.426056338028169,0.294836631556118
1.426056338028169,0.2964188855535359
1.426056338028169,0.29646627127824055
1.426056338028169,0.2958390273420793
1.426056338028169,0.29565907041149364
1.426056338028169,0.2951734829216899
1.426056338028169,0.2941821543847147
1.426056338028169,0.2941719991571043
1.426056338028169,0.2942674504633763
1.426056338028169,0.2942674504633763
1.426056338028169,0.29429225400952275
1.426056338028169,0.29449716798366177
1.426056338028169,0.2943191661906198
1.426056338028169,0.29448948906612127
1.426056338028169,0.29461329215806314
1.426056338028169,0.295217691652276
1.426056338028169,0.29702903482867743
1.426056338028169,0.29695953280498694
1.4102112676056338,0.29884987438689925
1.4102112676056338,0.3021159289618758
1.4102112676056338,0.3034386071432981
1.4102112676056338,0.30610326686101536
1.3626760563380282,0.30945168648663596
1.3626760563380282,0.31032185754881786
1.3626760563380282,0.31054052864470116
1.3626760563380282,0.31068931498859725
1.3626760563380282,0.3115077455331248
1.3626760563380282,0.3136514480922278
1.3626760563380282,0.3160588539916952
1.3626760563380282,0.3178943512598868
1.3626760563380282,0.31959874742101413
1.346830985915493,0.3193728059604123
1.346830985915493,0.32377590710745635
1.346830985915493,0.32591959574320717
1.346830985915493,0.32760854562853364
1.346830985915493,0.3276488885849058
1.346830985915493,0.3288788404666518
1.346830985915493,0.32902982403491243
1.346830985915493,0.32920969875069084
1.346830985915493,0.3293069454522188
1.346830985915493,0.3293475068846609
1.3309859154929577,0.32650740860278615
1.3309859154929577,0.3268999923989145
1.3309859154929577,0.3271071011399859
1.3309859154929577,0.32690386416864814
1.3309859154929577,0.32710901437177053
1.3309859154929577,0.3255498172748382
1.3309859154929577,0.32560658658020397
1.3309859154929577,0.32568764811721074
1.3151408450704225,0.32072986148137134
1.3151408450704225,0.32136239673582395
1.2992957746478873,0.3209165640117052
1.2992957746478873,0.3220378357165303
1.2992957746478873,0.32193864109903214
1.2992957746478873,0.32146366505969465
1.2992957746478873,0.3214319841661254
1.283450704225352,0.32268060719189184
1.283450704225352,0.323856757106161
1.283450704225352,0.32336022115541385
1.283450704225352,0.32399374285433824
1.267605633802817,0.32267732812291366
1.267605633802817,0.32286398041582226
1.267605633802817,0.32297517415503485
1.267605633802817,0.3240001916911488
1.267605633802817,0.3262016434837082
1.267605633802817,0.32581166259277294
1.267605633802817,0.3284307511874566
1.267605633802817,0.3300077402821462
1.267605633802817,0.3302961048814921
1.267605633802817,0.3305728074394304
1.2517605633802817,0.3320696482590378
1.2517605633802817,0.33278261364654976
1.2517605633802817,0.33292485507927405
1.2517605633802817,0.3347229236541878
1.2517605633802817,0.335227940855533
1.2517605633802817,0.3341197088959208
1.2517605633802817,0.3362221707504067
1.2517605633802817,0.3378345847235534
1.2200704225352113,0.3333610218472579
1.2200704225352113,0.333804563079835
1.204225352112676,0.33770031198195893
1.1883802816901408,0.3382313487879062
1.1725352112676055,0.33880218924027594
1.1725352112676055,0.3383250058233489
1.1725352112676055,0.3369335839162206
1.1725352112676055,0.3369889203683953
1.1725352112676055,0.3366233009113539
1.1725352112676055,0.3339547370220281
1.1725352112676055,0.3356419319549913
1.1566901408450705,0.3277238978956171
1.1566901408450705,0.32812952996599376
1.1566901408450705,0.32589604826101537
1.1566901408450705,0.32264774203090674
1.1566901408450705,0.3222791783495604
1.1566901408450705,0.31921082640041454
1.1566901408450705,0.3198589947377538
1.1566901408450705,0.3204511232002071
1.125,0.3173605668696251
1.125,0.31743510517705287
1.125,0.3180712403116835
1.125,0.3199573809742391
1.125,0.3212042872323126
1.125,0.32191215271752965
1.125,0.3232174261091487
1.125,0.32503571912242685
1.125,0.3267556337384971
1.125,0.3284193063119605
1.1091549295774648,0.32816408320831086
1.1091549295774648,0.33695840460238363
1.1091549295774648,0.3371751222539297
1.1091549295774648,0.337424906100424
1.1091549295774648,0.34029354626495634
1.1091549295774648,0.34431227830931477
1.1091549295774648,0.3431432846204054
1.1091549295774648,0.3448172803568122
1.1091549295774648,0.3476000043388717
1.1091549295774648,0.3474126672253064
1.1091549295774648,0.34939462316344544
1.1091549295774648,0.34945155058716415
1.1091549295774648,0.3504413617109231
1.1091549295774648,0.3510783530977743
1.1091549295774648,0.3504976128127585
1.1091549295774648,0.35102805669198517
1.0933098591549295,0.35268098163387634
1.0933098591549295,0.3540615537258629
1.0933098591549295,0.35467783585697477
1.0933098591549295,0.3552979552997166
1.045774647887324,0.3565893984574363
1.045774647887324,0.3572293922975685
1.045774647887324,0.35841328191527505
1.0299295774647887,0.3582350750799089
1.0299295774647887,0.35736126811615826
1.0299295774647887,0.35593068366888553
1.0299295774647887,0.35713405857884284
1.0299295774647887,0.35789166084995955
1.0299295774647887,0.35819097919306925
1.0299295774647887,0.3604164321695753
1.0299295774647887,0.371835073933607
1.0299295774647887,0.37390031108567373
1.0299295774647887,0.3755205723935007
1.0140845070422535,0.3689520378706375
1.0140845070422535,0.3742103600033404
1.0140845070422535,0.368838841395383
1.0140845070422535,0.36986930438564936
1.0140845070422535,0.3705719462568667
0.9982394366197183,0.3757658180310965
0.9982394366197183,0.3757658180310965
0.9982394366197183,0.37505273492232166
0.9823943661971831,0.375986170370209
0.9823943661971831,0.3782185149648887
0.9823943661971831,0.3805232671584285
0.9823943661971831,0.3823736992474367
0.9823943661971831,0.3730313157223886
0.9823943661971831,0.3713049321465903
0.9665492957746479,0.3658814875767559
0.9665492957746479,0.3659767403526713
0.9665492957746479,0.3615846401277804
0.9665492957746479,0.3615846401277804
0.9665492957746479,0.3615846401277804
0.9665492957746479,0.36030393243570946
0.9665492957746479,0.36007556765308163
0.9665492957746479,0.35989357592857796
0.9665492957746479,0.3599236642133728
0.9507042253521126,0.35997349253171795
0.9507042253521126,0.36648179865647235
0.9507042253521126,0.36941325980736883
0.9348591549295775,0.3704606069763158
0.9348591549295775,0.37133919100047624
0.9348591549295775,0.3718938180461124
0.9348591549295775,0.3736345145017422
0.9348591549295775,0.37424397404641424
0.9348591549295775,0.37543074991183073
0.7130281690140845,0.3755570964638234
0.7130281690140845,0.3757084393268201
0.903169014084507,0.3747250471356788
0.903169014084507,0.37765802560939654
0.8873239436619718,0.37954269707299726
0.8873239436619718,0.3766452156175786
0.8873239436619718,0.376506215785821
0.8873239436619718,0.37635720039435216
0.8873239436619718,0.37658309159575215
0.8873239436619718,0.3763905928321999
0.8873239436619718,0.37501391284282515
0.8873239436619718,0.3764340959326332
0.8873239436619718,0.3723104427764411
0.8714788732394366,0.37434842249529765
0.8714788732394366,0.37385107572353093
0.8556338028169014,0.37323554359522004
0.8556338028169014,0.3737303441766072
0.8556338028169014,0.37577089821551873
0.8556338028169014,0.3757627638789701
0.8556338028169014,0.3757627638789701
0.8397887323943661,0.3808679653227313
0.8397887323943661,0.38088558739592243
0.8397887323943661,0.38102089591408655
0.8397887323943661,0.3810993159296675
0.8397887323943661,0.3811797115342966
0.8397887323943661,0.3957871701465872
0.823943661971831,0.3898056722688323
0.823943661971831,0.39071221872077977
0.823943661971831,0.39211369925870004
0.823943661971831,0.3924594721747688
0.823943661971831,0.392552510888823
0.7922535211267605,0.4000381571777819
0.7922535211267605,0.3999978945424201
0.7922535211267605,0.39998550603923183
0.7922535211267605,0.3999469540689189
0.7922535211267605,0.4017334042735392
0.7605633802816901,0.3996195741369555
0.7605633802816901,0.40070555934699353
0.7605633802816901,0.40064078951169013
0.7605633802816901,0.39998333377151135
0.7605633802816901,0.3997892119984147
0.7605633802816901,0.39923726655352554
0.7605633802816901,0.3994503126487497
0.7605633802816901,0.3996169759502553
0.7447183098591549,0.39311926082853116
0.7447183098591549,0.39307732608817336
0.7447183098591549,0.38822948548413344
0.7447183098591549,0.3908292006924286
0.7447183098591549,0.3887347948572559
0.7447183098591549,0.3863594619178394
0.7447183098591549,0.38668816775291337
0.7447183098591549,0.38658774430537485
0.7447183098591549,0.38520900281590126
0.7288732394366197,0.38001319286547497
0.7288732394366197,0.378393759022475
0.7288732394366197,0.3761244009466423
0.7288732394366197,0.3766422527998967
0.7288732394366197,0.3767931448102399
0.7288732394366197,0.37658581658656354
0.7288732394366197,0.3761153617897457
0.7130281690140845,0.3753373367286126
0.7130281690140845,0.3744311636630438
0.7130281690140845,0.3742014153483986
0.7130281690140845,0.3680309600299326
0.7130281690140845,0.3662820839200281
0.7130281690140845,0.3643206584228218
0.7130281690140845,0.36243814748421693
0.7130281690140845,0.36029162644036705
0.7130281690140845,0.3583163043272213
0.7130281690140845,0.3557289330273095
0.7130281690140845,0.35138453727685265
0.7130281690140845,0.34605356778495455
0.7130281690140845,0.34230231041270565
0.7130281690140845,0.3372523659004074
0.6971830985915493,0.22113360280487443
0.6971830985915493,0.2132537686369146
0.6971830985915493,0.18161548662227991
0.6813380281690141,0.17363422089799355
0.6813380281690141,0.1632207592404747
0.6813380281690141,0.15963871513741726
0.6813380281690141,0.15691475758526144
0.6813380281690141,0.1557853466926474
0.6813380281690141,0.15403496713072642
0.6813380281690141,0.15234989928626855
0.6813380281690141,0.15168409306134423
0.6813380281690141,0.14955536701112382
0.6654929577464789,0.14539815369469733
0.6654929577464789,0.1421216746064243
0.6654929577464789,0.14008403132377875
0.6654929577464789,0.1405723888661583
0.6654929577464789,0.14034735909508878
0.6654929577464789,0.1402877080352744
0.6654929577464789,0.13982184959980143
0.6496478873239436,0.17545152745712247
0.6496478873239436,0.18239085708531605
0.6496478873239436,0.17520268838439465
0.6496478873239436,0.171104898622504
0.6496478873239436,0.1766387742203908
0.6496478873239436,0.18307553605587062
0.6496478873239436,0.18612117956635216
0.6338028169014085,0.1830100476516712
0.6338028169014085,0.1800074157554185
0.6338028169014085,0.17544328884015226
0.6338028169014085,0.17526815711712224
0.6338028169014085,0.17534424653106964
0.6179577464788732,0.17291058851512858
0.6179577464788732,0.16960516072332885
0.6179577464788732,0.16689984252529563
0.6179577464788732,0.16527051046551677
0.6179577464788732,0.16416431202714657
0.6179577464788732,0.16242017666182834
0.6179577464788732,0.1614139220804103
0.6179577464788732,0.16021015753880008
0.602112676056338,0.15927228610051908
0.602112676056338,0.1577651736840941
0.602112676056338,0.1559114543020897
0.602112676056338,0.1464656629622562
0.602112676056338,0.1541551266573328
0.602112676056338,0.15298616742810167
0.602112676056338,0.15198705110277655
0.602112676056338,0.15041148166344048
0.602112676056338,0.15113320688898513
0.602112676056338,0.1517489769106884
0.602112676056338,0.15189831066941994
0.602112676056338,0.1515456573180239
0.602112676056338,0.15437626492019008
0.602112676056338,0.1567785889693096
0.602112676056338,0.15720319991162696
0.602112676056338,0.1578195025544864
0.602112676056338,0.15921978204461498
0.602112676056338,0.16084879124122234
0.602112676056338,0.1622198079240002
0.602112676056338,0.16344261238590374
0.5862676056338028,0.16190503110144291
0.5862676056338028,0.16039196000984343
0.5862676056338028,0.15872573660819714
0.5862676056338028,0.15772727782346707
0.5862676056338028,0.15611819627190732
0.5862676056338028,0.15427616467106953
0.5862676056338028,0.15772546542380678
0.5862676056338028,0.15644315076346454
0.5862676056338028,0.15412699453556328
0.5862676056338028,0.15445972778003672
0.5862676056338028,0.15798435960677784
0.5704225352112676,0.1597070450796575
0.5704225352112676,0.16044794300135284
0.5704225352112676,0.1599810398584264
0.5545774647887324,0.15929897978598356
0.5545774647887324,0.14995833689461183
0.5545774647887324,0.1464212559909368
0.5545774647887324,0.14308781506724794
0.5545774647887324,0.1426568911989353
0.5545774647887324,0.14430363598141593
0.5545774647887324,0.14010790107591675
0.5545774647887324,0.13569425846991123
0.5545774647887324,0.13460974854389748
0.5545774647887324,0.13390092500372794
0.5545774647887324,0.13463093023718173
0.5545774647887324,0.13521393154456823
0.5545774647887324,0.13508783428477042
0.5545774647887324,0.13511940623163915
0.5545774647887324,0.1350365379129685
0.5545774647887324,0.13546777402282065
0.5545774647887324,0.13564854968823922
0.5545774647887324,0.13597095837145978
0.5387323943661971,0.13527295757044916
0.5387323943661971,0.13509493648864723
0.5387323943661971,0.13423451573073764
0.5387323943661971,0.1338728912350693
0.5387323943661971,0.13365300835483332
0.5387323943661971,0.13302029786693578
0.5387323943661971,0.13284004511327466
0.5387323943661971,0.13226493456948085
0.5387323943661971,0.13221522250766896
0.5387323943661971,0.1319428381884069
0.5387323943661971,0.13196193722800562
0.5387323943661971,0.13175731651189104
0.5387323943661971,0.1319991219501969
0.5387323943661971,0.13195539706276663
0.5387323943661971,0.13201365352428338
0.5387323943661971,0.13168897942365218
0.5387323943661971,0.13262534003307128
0.5387323943661971,0.13271349253522
0.5387323943661971,0.13292111681999275
0.5387323943661971,0.1326914936533784
0.5545774647887324,0.13236811139142918
0.5545774647887324,0.13230707919284393
0.5545774647887324,0.13191163975748102
0.5545774647887324,0.1319755508209345
0.5545774647887324,0.13208564406724266
0.5545774647887324,0.13212226096790627
0.5545774647887324,0.13206878982744005
0.5545774647887324,0.13239725851541564
0.5545774647887324,0.13261745996323146
0.5545774647887324,0.1325739810850511
0.5545774647887324,0.13253239751793416
0.5387323943661971,0.1325680056447443
0.5387323943661971,0.132518942523899
0.5387323943661971,0.13254981022821663
0.5387323943661971,0.1324773634880235
0.5387323943661971,0.13246945758495254
0.5545774647887324,0.13242830984747297
0.5545774647887324,0.13234102171291579
0.5545774647887324,0.1321583640697016
0.5545774647887324,0.13218255276140436
0.5545774647887324,0.13213153933909133
0.5545774647887324,0.13208119211482375
0.5545774647887324,0.1321778362431836
0.5545774647887324,0.13218721886413715
0.5545774647887324,0.13225615836619023
0.5545774647887324,0.1322426791167525
0.5545774647887324,0.13213566951551997
0.5545774647887324,0.13213566951551997
0.5545774647887324,0.13213566951551997
0.5545774647887324,0.13213566951551997
0.5545774647887324,0.13213566951551997
0.5545774647887324,0.13212053838066376
0.5545774647887324,0.13206037139934884
0.5545774647887324,0.13205864378196117
0.5545774647887324,0.13199840590623785
0.5545774647887324,0.13197936307124333
0.5545774647887324,0.131922918459971
0.5545774647887324,0.13192055289934967
0.5545774647887324,0.13170014991624918
0.5545774647887324,0.13170014991624918
0.5545774647887324,0.13170014991624918
0.5545774647887324,0.13170014991624918
0.5545774647887324,0.13170014991624918
0.5545774647887324,0.13177931003546595
0.5545774647887324,0.13187516282465367
0.5545774647887324,0.1320237290882197
0.5545774647887324,0.13218843909010577
0.5545774647887324,0.1321378163679212
0.5545774647887324,0.13221912592071292
0.5545774647887324,0.13210982240648217
0.5545774647887324,0.1321541003195991
0.5545774647887324,0.1321981514245465
0.5545774647887324,0.13217757449800285
0.5545774647887324,0.13219421995282377
0.5545774647887324,0.1321409146044671
0.5545774647887324,0.13208817174393958
0.5545774647887324,0.13206393347625453
0.5545774647887324,0.13205073034704368
0.5545774647887324,0.13205039935536228
0.5545774647887324,0.13247296056882718
0.5545774647887324,0.1324555810284021
0.5545774647887324,0.13264735549098766
0.5545774647887324,0.1324809188773428
0.5545774647887324,0.1327650988549092
0.5545774647887324,0.13286433461626634
0.5545774647887324,0.1330108450936352
0.5545774647887324,0.1330215089839811
0.5545774647887324,0.13326121224643067
0.5545774647887324,0.13337010234750935
0.5545774647887324,0.13356659315223163
0.5545774647887324,0.1335388341905189
0.5545774647887324,0.13367181757216517
0.5545774647887324,0.13367241054799345
0.5545774647887324,0.13382583356762437
0.5545774647887324,0.13388901370193496
0.5545774647887324,0.13401884260051838
0.5387323943661971,0.1340102981699464
0.5387323943661971,0.13405121406351245
0.5387323943661971,0.13407167837128892
0.5387323943661971,0.1339183268049639
0.5387323943661971,0.13383249949776424
0.5387323943661971,0.13372349203595324
0.5387323943661971,0.13383978444452685
0.5387323943661971,0.13387759492873785
0.5387323943661971,0.13382659272347344
0.5387323943661971,0.13373964715172323
0.5387323943661971,0.13367340144266013
0.5387323943661971,0.13383356997335635
0.5387323943661971,0.13377009215676994
0.5387323943661971,0.1340525077822432
0.5387323943661971,0.1339351578231954
0.5387323943661971,0.1339198512525193
0.5545774647887324,0.13384305153302692
0.5545774647887324,0.13381831462561805
0.5545774647887324,0.13416241467112108
0.5545774647887324,0.13413517574472306
0.5545774647887324,0.1343982417107031
0.5545774647887324,0.134310399246777
0.5545774647887324,0.13412983023272487
0.5545774647887324,0.13412983023272487
0.5545774647887324,0.13398497743291923
0.5545774647887324,0.13397546163068222
0.5545774647887324,0.13397546163068222
0.5545774647887324,0.13397546163068222
0.5545774647887324,0.13397546163068222
0.5545774647887324,0.13397546163068222
0.5545774647887324,0.13397546163068222
0.5545774647887324,0.13397546163068222
