8.589065255731922,0.20399141088796388
8.518518518518517,0.14714487730360762
8.589065255731922,0.11918733735518802
8.518518518518517,0.18709017320128365
8.518518518518517,0.11060739729867027
8.218694885361552,0.19944761632256827
8.74779541446208,0.13369540874141778
9.47089947089947,0.09438822516292246
8.589065255731922,0.11708643219519155
8.589065255731922,0.16054968996145477
8.589065255731922,0.19129412366127357
8.518518518518517,0.207360202220928
8.518518518518517,0.1973689053792416
8.518518518518517,0.12369420702754091
8.518518518518517,0.10238446160568546
8.218694885361552,0.2716036260183082
7.795414462081128,0.46132147054465816
7.795414462081128,0.3140553467350853
7.707231040564373,0.3390047376975476
7.707231040564373,0.3292538812033972
7.724867724867725,0.3431599742969251
7.707231040564373,0.5261276789054573
7.707231040564373,0.49593445662984686
7.619047619047619,0.45716142207370297
7.389770723104056,0.40761847299023607
7.389770723104056,0.4173139501778
7.389770723104056,0.45840489179350513
7.336860670194003,0.34455843979653616
7.319223985890652,0.33516717424763404
7.248677248677248,0.37868436289533075
7.231040564373897,0.3828904896071697
7.089947089947089,0.3057203427573801
7.089947089947089,0.3700947971781305
7.089947089947089,0.3164844685312523
6.966490299823633,0.37359026718185023
6.966490299823633,0.4074447376475229
6.966490299823633,0.30589914647885674
6.966490299823633,0.3167560882933121
6.966490299823633,0.31489995742869326
6.966490299823633,0.2709917414182207
6.966490299823633,0.29646964832149986
6.966490299823633,0.4014471529352481
6.966490299823633,0.32420557566756303
6.878306878306878,0.30907268147557243
6.860670194003527,0.3366806789539871
6.825396825396825,0.3486549200076589
6.825396825396825,0.32997583121039964
6.754850088183421,0.3913091519517226
6.754850088183421,0.44290661160579875
6.73721340388007,0.4440290127672416
6.73721340388007,0.3617017222984306
6.73721340388007,0.36795225658154035
6.631393298059964,0.3664349690493487
6.631393298059964,0.3056308645725131
6.56084656084656,0.2872013002731961
6.56084656084656,0.38459086651857727
6.54320987654321,0.3261216378500332
6.54320987654321,0.3303351538851186
6.419753086419753,0.2876053456375044
6.419753086419753,0.3020986229271468
6.419753086419753,0.3194339678754598
6.402116402116402,0.3339774801763106
6.402116402116402,0.373525319761879
6.349206349206349,0.3672998265196846
6.313932980599647,0.315926692738287
6.296296296296296,0.24268949564347622
6.296296296296296,0.2742233256939131
6.296296296296296,0.2826036230961772
6.296296296296296,0.30254153179725213
6.243386243386243,0.27711846404981244
6.243386243386243,0.28078655175091277
6.208112874779541,0.30456612912753306
6.19047619047619,0.29730087002636363
6.119929453262786,0.2970220585396718
6.119929453262786,0.2635327635327633
6.102292768959435,0.29122548196590137
6.031746031746032,0.29416869628509845
6.031746031746032,0.31252426851677834
6.031746031746032,0.24259815370926505
6.031746031746032,0.25712210810249997
6.01410934744268,0.25205502718162653
5.978835978835979,0.2527752348540876
5.961199294532627,0.2529585028515284
5.908289241622574,0.2555782943327747
5.873015873015873,0.20900186786983443
5.873015873015873,0.2301328269825505
5.873015873015873,0.24332548154381817
5.837742504409171,0.23728302237074145
5.82010582010582,0.24187179145901463
5.82010582010582,0.2524276008245909
5.7671957671957665,0.23980597345828633
5.7671957671957665,0.23799351993011822
5.679012345679012,0.2685857770603531
5.679012345679012,0.2550225310790421
5.679012345679012,0.2287617061843714
5.626102292768959,0.23831138020163864
5.626102292768959,0.23275810947043815
5.608465608465608,0.23489238568603724
5.573192239858907,0.2371075946125884
5.555555555555555,0.2413848832503026
5.537918871252204,0.24484007817341158
5.520282186948854,0.24126640079097175
5.485008818342151,0.22195134604544364
5.467372134038801,0.22582161586040747
5.467372134038801,0.22353978628488452
5.379188712522046,0.2342890960110606
5.379188712522046,0.22526417745363184
5.379188712522046,0.21485099262876978
5.361552028218695,0.21315268142077187
5.308641975308642,0.21520312919999213
5.308641975308642,0.21200567229705827
5.291005291005291,0.2244204176571329
5.220458553791887,0.20092882626757935
5.220458553791887,0.1978909169704047
5.220458553791887,0.19298110127918047
5.2028218694885355,0.20530932810665456
5.167548500881834,0.2018434245486245
5.1499118165784825,0.20300037430593446
5.1499118165784825,0.2145517954900214
5.09700176366843,0.21343810421453147
5.079365079365079,0.1955468471846706
5.079365079365079,0.19012732978924837
5.026455026455026,0.1965191005231493
5.008818342151676,0.1949144879905354
4.973544973544973,0.19630248775236037
4.973544973544973,0.19830910993278741
4.938271604938271,0.20581347820691112
4.90299823633157,0.19859352890201773
4.90299823633157,0.19407046758263555
4.90299823633157,0.2163250067691483
4.850088183421517,0.22051579474713512
4.797178130511464,0.20002504220059936
4.779541446208112,0.1997340226660287
4.761904761904762,0.1955018112827591
4.761904761904762,0.18593905213149522
4.761904761904762,0.1928398075242465
4.708994708994709,0.19393789005896606
4.708994708994709,0.20088183863147988
4.6913580246913575,0.19617888527556238
4.656084656084656,0.20101840412738234
4.620811287477954,0.1996671031020766
4.603174603174603,0.19140246488431972
4.5855379188712515,0.18631015543736873
4.532627865961199,0.19214850485161736
4.532627865961199,0.1925794156869617
4.514991181657848,0.19178060090738935
4.462081128747795,0.1879640122560046
4.462081128747795,0.20066643603344334
4.444444444444445,0.20341171286950646
4.37389770723104,0.19698261302638365
4.37389770723104,0.18629577695238475
4.320987654320987,0.18148215563944445
4.320987654320987,0.17967554747221273
4.303350970017636,0.1881332876521232
4.303350970017636,0.18814364134906053
4.250440917107584,0.17955025845274258
4.232804232804233,0.18517380268243902
4.232804232804233,0.18900585177381624
4.197530864197531,0.1863932288571199
4.162257495590829,0.19037393926536014
4.144620811287478,0.1863087057847488
4.109347442680776,0.18302310036583977
4.091710758377425,0.1784350863879127
4.091710758377425,0.1777903952555665
4.056437389770723,0.1764129988347632
4.0211640211640205,0.18136985246773613
3.985890652557319,0.18303277969244117
3.968253968253968,0.178571931599236
3.968253968253968,0.17773958033904774
3.950617283950617,0.18193379551348246
3.9153439153439153,0.1854766128818678
3.897707231040564,0.18487584166870297
3.8624338624338623,0.17771019764349807
3.82716049382716,0.17759604698499085
3.8095238095238093,0.1715559176249113
3.8095238095238093,0.17659077303995896
3.7742504409171076,0.17916181354553462
3.7389770723104054,0.18357554946014018
3.7037037037037033,0.1805531415964787
3.6860670194003524,0.1706466511586738
3.6860670194003524,0.17104972639617638
3.6684303350970016,0.16871778665293105
3.6155202821869485,0.1714645259768049
3.5978835978835977,0.1769856736071095
3.5978835978835977,0.17825048388113188
3.5626102292768955,0.17694646471738504
3.527336860670194,0.17606295137829203
3.509700176366843,0.17329860995189583
3.492063492063492,0.16257301850018455
3.474426807760141,0.16610871980475794
3.45679012345679,0.17618580889251073
3.403880070546737,0.1822692583320553
3.386243386243386,0.17952828838116736
3.3509700176366843,0.17786597402689083
3.3509700176366843,0.17515879619630031
3.315696649029982,0.17320833561975393
3.2980599647266313,0.171537143673459
3.28042328042328,0.17066141980588007
3.2451499118165783,0.1866987271215525
3.2098765432098766,0.19076323270675435
3.1922398589065253,0.19156604337343683
3.1746031746031744,0.18611821309418225
3.1569664902998236,0.18031905155418299
3.1393298059964723,0.17711246180728044
3.1216931216931214,0.18159446172321303
3.1040564373897706,0.19503920657630258
3.068783068783069,0.2121670575574037
3.0335097001763667,0.23147231494603296
3.0335097001763667,0.2324579216657804
2.9982363315696645,0.2306886075878866
2.962962962962963,0.23102025457995645
2.962962962962963,0.2273840347789934
2.945326278659612,0.22898776096718287
2.91005291005291,0.24519116833943996
2.892416225749559,0.24624511402571947
2.892416225749559,0.2484151652655929
2.8571428571428568,0.2511460446450176
2.839506172839506,0.2531367708745644
2.821869488536155,0.2593948743479729
2.768959435626102,0.26360795219731475
2.768959435626102,0.26500948657421636
2.751322751322751,0.27000609575474027
2.7336860670194003,0.2842666517331521
2.716049382716049,0.29487113806621207
2.6807760141093473,0.3042218371910891
2.6807760141093473,0.3068297691947036
2.6278659611992943,0.3145470221051193
2.6102292768959434,0.3150039316583514
2.5925925925925926,0.31517071639612604
2.5749559082892413,0.321508283346589
2.5396825396825395,0.3201879490935953
2.5396825396825395,0.32039257539930094
2.5220458553791887,0.3209928820713773
2.504409171075838,0.323212325340153
2.4867724867724865,0.33308222651297975
2.4691358024691357,0.34109662687280845
2.4338624338624335,0.34728565217155644
2.36331569664903,0.3524590951682446
2.36331569664903,0.3490912865074808
2.36331569664903,0.3602268526756975
2.3456790123456788,0.3625171532939261
2.3456790123456788,0.36531114579126084
2.275132275132275,0.3675474715743735
2.18694885361552,0.374852107394713
2.151675485008818,0.37520942861094303
2.151675485008818,0.37675412783279644
2.134038800705467,0.3849717686067317
2.1164021164021163,0.38992545577013926
2.0811287477954146,0.3916805895709586
2.0458553791887124,0.39246537249823654
2.0458553791887124,0.3835248119615564
2.0105820105820102,0.3905271971799788
2.0105820105820102,0.3957492032353166
2.0105820105820102,0.3980456000154032
1.9929453262786594,0.40022179304743066
1.9753086419753085,0.39974184402504465
1.9400352733686066,0.3986274382305045
1.9400352733686066,0.40259878277090133
1.8871252204585538,0.4109865105178792
1.8694885361552027,0.40952916291603336
1.8518518518518516,0.40890989878901374
1.8518518518518516,0.41306879004677
1.8342151675485008,0.423209750610645
1.7989417989417988,0.42775106754838016
1.7989417989417988,0.43258324836116036
1.746031746031746,0.44169693066824595
1.8694885361552027,0.4336288023886955
1.6754850088183422,0.44095394970879775
1.657848324514991,0.4506235844841424
1.64021164021164,0.45723005135057293
1.6225749559082892,0.47034087959317944
1.5873015873015872,0.47657719152179523
1.5696649029982361,0.47971580296849453
1.693121693121693,0.4801518942469902
1.6754850088183422,0.4760706549791333
1.657848324514991,0.4780264517163843
1.4285714285714284,0.4806981564544507
1.4285714285714284,0.4879744083359905
1.3756613756613756,0.48903299571437886
1.3756613756613756,0.49064288656619875
1.3580246913580245,0.49790445814373513
1.3403880070546736,0.5024064085557902
1.3051146384479717,0.5117058471223633
1.2698412698412698,0.510817496732913
1.4285714285714284,0.5175088055667204
1.4285714285714284,0.5182386802867666
1.4109347442680775,0.5173466544457738
1.1463844797178129,0.5175955268377689
1.128747795414462,0.5169783165034636
1.1111111111111112,0.5215328111215114
1.09347442680776,0.5259538735586868
1.0582010582010581,0.5270857642650777
1.252204585537919,0.5327129365057074
1.252204585537919,0.5324883482725613
1.2345679012345678,0.5325399992610218
1.2169312169312168,0.5327051787410353
1.181657848324515,0.5356168116888002
1.164021164021164,0.5358847343137216
1.164021164021164,0.5364736878428121
1.128747795414462,0.5403488368862498
1.1111111111111112,0.5330956917462395
1.09347442680776,0.5331925250392976
1.0582010582010581,0.540698465621593
1.0582010582010581,0.541528113885059
1.0405643738977073,0.5428096015787657
1.0229276895943562,0.5452488605735193
1.0229276895943562,0.5494101780934568
0.9876543209876543,0.5434353594998621
0.9523809523809523,0.5518493922644087
0.9523809523809523,0.5539262851184038
0.9347442680776014,0.565183207993489
0.8994708994708994,0.5601003960265484
0.8641975308641975,0.5360450151337935
0.8465608465608465,0.361982579892243
0.8112874779541446,0.3058021148967318
0.7936507936507936,0.28756123106037973
0.7760141093474426,0.28380966030600907
0.7583774250440917,0.27856284259436426
0.7231040564373897,0.25738547242054116
0.7054673721340388,0.23462994827190053
0.6701940035273368,0.23584031916988532
0.6701940035273368,0.22764397832429809
0.6525573192239859,0.1589718457815689
0.6349206349206349,0.13781752464880037
0.599647266313933,0.1459167712218284
0.582010582010582,0.12401442428714336
0.564373897707231,0.110524727938123
0.5291005291005291,0.1030252775088567
0.49382716049382713,0.10408151087039003
1.1463844797178129,0.12214409727972116
1.164021164021164,0.11020629047369482
1.164021164021164,0.1129584069074727
1.164021164021164,0.11006041413398696
1.164021164021164,0.11242366481038983
1.164021164021164,0.11467258107311047
1.164021164021164,0.11616088614203719
1.164021164021164,0.11836874377040105
1.164021164021164,0.11850007492709012
1.164021164021164,0.1183318008775326
1.164021164021164,0.12025787438944005
1.164021164021164,0.12051868030499166
1.164021164021164,0.11922579330956286
1.164021164021164,0.11900926975470077
1.164021164021164,0.12007659138716846
1.164021164021164,0.12039082326028502
1.164021164021164,0.12106131643243734
1.164021164021164,0.11995791716610027
1.164021164021164,0.11780267972779951
1.164021164021164,0.11675882344101658
1.164021164021164,0.12034328181410506
1.164021164021164,0.11925232114189047
1.164021164021164,0.1203325855734421
1.164021164021164,0.12088857399484265
1.164021164021164,0.11912530585162984
1.164021164021164,0.11780704990770352
1.164021164021164,0.11882893400116294
1.164021164021164,0.11781121924551125
1.164021164021164,0.12069763335586113
1.164021164021164,0.12202322234606337
1.164021164021164,0.12231338979214171
1.164021164021164,0.12060542384616452
1.164021164021164,0.12061251135993133
1.164021164021164,0.11815029237077024
1.164021164021164,0.11616969174214557
1.164021164021164,0.1162784359345516
1.164021164021164,0.12086947211937539
1.164021164021164,0.12231209004082624
1.164021164021164,0.11940146974949754
1.164021164021164,0.12067945869931715
1.164021164021164,0.11972518086018386
1.164021164021164,0.11899142671322724
1.164021164021164,0.11706484178363048
1.164021164021164,0.11800422104198795
1.164021164021164,0.12004645410926708
1.164021164021164,0.12140922548761714
1.164021164021164,0.11911611595155894
1.164021164021164,0.1196770523878221
