7.385542168674699,0.4244607664168253
7.373493975903615,0.4318997200924906
7.385542168674699,0.4235458660824223
7.385542168674699,0.43759275591148517
7.385542168674699,0.4056592096761815
7.385542168674699,0.4108827368585883
7.385542168674699,0.4107888245896968
7.301204819277109,0.4585386201904905
7.385542168674699,0.4726648372518111
7.385542168674699,0.439160569346108
7.421686746987953,0.4463357011833789
7.385542168674699,0.4527192823016209
7.385542168674699,0.44624399236289425
7.385542168674699,0.4217515667063851
7.385542168674699,0.4906889841893012
7.385542168674699,0.48991813407475965
7.385542168674699,0.45244073124268674
7.421686746987953,0.42010712021016366
7.397590361445784,0.5613437643810398
7.433734939759036,0.5703652845102211
7.433734939759036,0.48441609575557226
7.385542168674699,0.5073486261038118
7.385542168674699,0.5900442961112032
7.385542168674699,0.48042175878832216
7.433734939759036,0.4621228552777847
7.433734939759036,0.4448715439374821
7.433734939759036,0.4553519721519312
7.289156626506024,0.4920029069418261
7.301204819277109,0.44327145262651957
7.289156626506024,0.44785022442712114
7.289156626506024,0.44466022842182046
7.253012048192772,0.395952986640653
7.240963855421687,0.3986553889098192
7.240963855421687,0.43669167150123367
7.156626506024097,0.41884192614614235
7.156626506024097,0.422678532936465
6.602409638554217,0.4227363969888543
6.602409638554217,0.43427849737703317
6.602409638554217,0.39108961096912825
6.590361445783133,0.3972038487635122
6.590361445783133,0.3863731874784747
6.518072289156627,0.38092239225444435
6.518072289156627,0.358028058178661
6.506024096385542,0.34254891050144337
6.506024096385542,0.34583714532843934
6.397590361445784,0.33058514894492513
6.397590361445784,0.3283353192991744
6.385542168674699,0.3626998603697275
6.385542168674699,0.35900448679175423
6.385542168674699,0.3466173033276495
6.385542168674699,0.346961161809152
6.385542168674699,0.36457762501522695
6.385542168674699,0.3668155387230453
6.385542168674699,0.40825741863334836
6.385542168674699,0.4299992387828028
6.253012048192772,0.4340551729259102
6.253012048192772,0.4238237475693127
6.253012048192772,0.4189971474308827
6.096385542168675,0.43174385534263005
6.096385542168675,0.42191681794305974
6.096385542168675,0.4005154336716434
6.0843373493975905,0.35606688190671115
6.0843373493975905,0.35567760028986434
6.0843373493975905,0.3565605720106071
6.072289156626506,0.3347873643502942
6.0843373493975905,0.33975345495408016
6.072289156626506,0.3585092216627956
6.072289156626506,0.3585978581023861
5.963855421686747,0.3603190012958813
5.963855421686747,0.36274755936997544
5.963855421686747,0.3651420839419469
5.963855421686747,0.3796543223168957
5.927710843373494,0.38597046156840764
5.83132530120482,0.4211367800200232
5.83132530120482,0.41373461573861886
5.83132530120482,0.36884491862600755
5.83132530120482,0.3686078126492993
5.819277108433735,0.36718277539060673
5.819277108433735,0.3767128873167787
5.819277108433735,0.4027655546481005
5.686746987951808,0.4037873586000883
5.686746987951808,0.40052419059993444
5.686746987951808,0.3796143682046862
5.686746987951808,0.38535425926842237
5.686746987951808,0.4006581967307547
5.686746987951808,0.4071902842829756
5.55421686746988,0.38095121875327
5.55421686746988,0.3836788662410174
5.530120481927711,0.3806169047310531
5.530120481927711,0.36943699768568333
5.530120481927711,0.3672180099709182
5.518072289156627,0.37360057352140624
5.457831325301205,0.39728124120366726
5.457831325301205,0.3825739928716012
5.385542168674699,0.37018330630792823
5.385542168674699,0.38404818642904326
5.385542168674699,0.3818420839941504
5.373493975903615,0.38479731054052146
5.373493975903615,0.39059639585992617
5.36144578313253,0.39327684933281554
5.36144578313253,0.40067152269465783
5.36144578313253,0.3968084526592238
5.289156626506024,0.38829785381795046
5.289156626506024,0.39489525847867063
5.216867469879518,0.4040662458346348
5.216867469879518,0.39828866208207075
5.216867469879518,0.3831138215814367
5.120481927710844,0.383523956480732
5.120481927710844,0.3871355621497275
5.1084337349397595,0.3809158334586225
5.1084337349397595,0.3522579830669215
5.1084337349397595,0.3551868989525644
5.096385542168675,0.35403616005541805
5.096385542168675,0.3336402209196112
5.096385542168675,0.3398366094791716
5.096385542168675,0.3480471268130125
5.096385542168675,0.3564029226666506
5.096385542168675,0.3713800214744364
5.072289156626506,0.3983509144908956
5.072289156626506,0.4057534023435361
4.963855421686747,0.4004671522223352
4.951807228915663,0.4045920196429627
4.951807228915663,0.4079638241708015
4.927710843373494,0.41853887973556186
4.9156626506024095,0.42837531978054555
4.9156626506024095,0.4311492039506805
4.807228915662651,0.42489173413871933
4.807228915662651,0.39860877460128324
4.807228915662651,0.39095884314383034
4.759036144578314,0.37995290229412015
4.759036144578314,0.3858650102920091
4.759036144578314,0.38790687086106374
4.759036144578314,0.3773906525905533
4.710843373493976,0.35999252724206987
4.710843373493976,0.36074663035081944
4.710843373493976,0.3538353973669387
4.710843373493976,0.35513029545067865
4.590361445783133,0.3602047343937357
4.590361445783133,0.36627364193960404
4.590361445783133,0.3816144156552362
4.590361445783133,0.3850382853606611
4.590361445783133,0.38478127722654004
4.566265060240964,0.37676150479429943
4.506024096385542,0.3936598051776614
4.493975903614458,0.3807999473652248
4.493975903614458,0.3842490673491992
4.433734939759036,0.3807304271480974
4.433734939759036,0.384093877206041
4.433734939759036,0.3857090413044012
4.421686746987952,0.38964319892312943
4.421686746987952,0.39084939038988764
4.325301204819278,0.379676965575551
4.325301204819278,0.37560871499626874
4.301204819277109,0.3865424796171535
4.301204819277109,0.37308703425636336
4.301204819277109,0.3758013661872754
4.289156626506024,0.3794980653092229
4.216867469879518,0.3824484061761081
4.216867469879518,0.37486525344782956
4.204819277108434,0.362476330851377
4.204819277108434,0.3541286997858654
4.132530120481928,0.35507065641481433
4.132530120481928,0.3524488418240297
4.132530120481928,0.35774314799913437
4.132530120481928,0.3604910464405841
4.0843373493975905,0.3532092780738385
4.072289156626506,0.36025004205450034
4.072289156626506,0.3651993631097923
4.072289156626506,0.36763037373402657
4.0602409638554215,0.3691847027443199
4.0602409638554215,0.3698120922061506
3.963855421686747,0.3596105821436814
3.951807228915663,0.35317560264358094
3.951807228915663,0.35998763607109946
3.879518072289157,0.3688445935652608
3.8674698795180724,0.3666610242623388
3.8674698795180724,0.36882757597533034
3.8674698795180724,0.3601384718968728
3.8674698795180724,0.3516784022583271
3.855421686746988,0.344740794763261
3.855421686746988,0.3434712654176269
3.855421686746988,0.3420916971958435
3.855421686746988,0.34432276569424886
3.7228915662650603,0.3403123024420103
3.7228915662650603,0.3408616275372343
3.7228915662650603,0.3420127973732402
3.7228915662650603,0.34646492640276494
3.698795180722892,0.3556022636410658
3.6746987951807233,0.3310959007125333
3.6746987951807233,0.32033210331227213
3.6746987951807233,0.31501867308950654
3.5542168674698797,0.31843489244565115
3.5542168674698797,0.3246594290022094
3.530120481927711,0.33101298687315633
3.530120481927711,0.33376025135015175
3.530120481927711,0.3369019745014136
3.5180722891566267,0.33633232932691565
3.5060240963855422,0.3385740372277491
3.4819277108433737,0.3299987656286144
3.433734939759036,0.3312624556617755
3.433734939759036,0.32838084761451014
3.36144578313253,0.32956293111741813
3.36144578313253,0.33250015254448007
3.3373493975903616,0.32884482996952424
3.3373493975903616,0.3233295899538096
3.313253012048193,0.31532517447641206
3.313253012048193,0.3204789942403154
3.289156626506024,0.319778571787939
3.2650602409638556,0.3009188119952763
3.240963855421687,0.30088539317016416
3.240963855421687,0.30662501940645237
3.168674698795181,0.3058781677589887
3.168674698795181,0.3136139693489648
3.168674698795181,0.3157237111060286
3.144578313253012,0.3151344079138264
3.1204819277108435,0.3182352725214152
3.1204819277108435,0.3221915180187649
3.0481927710843375,0.3194656810199932
3.0481927710843375,0.3154557430216472
3.036144578313253,0.3048339992417591
2.9759036144578315,0.3015334782787571
2.951807228915663,0.29575233494886216
2.951807228915663,0.28562334020366015
2.951807228915663,0.2866706747322688
2.9397590361445785,0.2888629656897589
2.927710843373494,0.2920769480479289
2.91566265060241,0.30069208462166186
2.855421686746988,0.29431828209022687
2.855421686746988,0.29322661558612995
2.783132530120482,0.28368261500286424
2.783132530120482,0.27955157239563827
2.783132530120482,0.28025860747534487
2.783132530120482,0.27881208067414953
2.7590361445783134,0.27508316615435696
2.7590361445783134,0.2784848330825781
2.710843373493976,0.28208861677275315
2.662650602409639,0.28257706149272427
2.626506024096386,0.2771956897519149
2.626506024096386,0.2775529391636858
2.626506024096386,0.26612513358833556
2.566265060240964,0.2639977694759565
2.566265060240964,0.2656856912450716
2.5542168674698797,0.26052368711790846
2.5421686746987953,0.26238786171857936
2.4939759036144578,0.27283093405231584
2.4939759036144578,0.27281439181345596
2.4457831325301207,0.2573430354300577
2.397590361445783,0.2542564181621377
2.3734939759036147,0.2522605373038067
2.3734939759036147,0.2511828436159092
2.3734939759036147,0.24996537600526827
2.36144578313253,0.24988383755585716
2.3012048192771086,0.24382372789330536
2.3012048192771086,0.24532256528294158
2.27710843373494,0.2524028172168499
2.253012048192771,0.2473142059042966
2.180722891566265,0.23554529192201412
2.180722891566265,0.22637517368121346
2.180722891566265,0.22564298597584118
2.168674698795181,0.2292071394733448
2.108433734939759,0.2286994889907477
2.108433734939759,0.2164998232704746
2.108433734939759,0.21787595859789902
2.0843373493975905,0.2262792699972591
2.024096385542169,0.225185923394982
2.0120481927710845,0.2189407369861073
2.0120481927710845,0.21910822904426808
1.963855421686747,0.21669079204633626
1.9518072289156627,0.21124232993556677
1.9156626506024097,0.20547212253993463
1.9156626506024097,0.20168088286020835
1.8915662650602412,0.20039591705225396
1.8674698795180724,0.20532077590291578
1.8554216867469882,0.2055214931753663
1.8433734939759037,0.2065416001862261
1.7951807228915664,0.20186769983625943
1.7590361445783134,0.20747227749081334
1.7228915662650603,0.20031549856597192
1.6987951807228916,0.19166252160678676
1.674698795180723,0.18116981805854984
1.6626506024096386,0.18085132758110364
1.6626506024096386,0.18191611850066106
1.6506024096385543,0.17901205147018975
1.602409638554217,0.1802812642705909
1.5903614457831325,0.1768364376932179
1.5783132530120483,0.18137617363044636
1.5542168674698795,0.18393572205942507
1.5180722891566265,0.1772056671362218
1.5060240963855422,0.17548367920220925
1.5060240963855422,0.1749572569336715
1.493975903614458,0.17291891500500553
1.4457831325301205,0.16956315213165477
1.4337349397590362,0.16000340668562266
1.4337349397590362,0.16228909238084246
1.421686746987952,0.1616812309852806
1.3734939759036144,0.15962166495023805
1.3614457831325302,0.16250626902970036
1.349397590361446,0.16756351368932557
1.3373493975903614,0.16561910954637982
1.313253012048193,0.15684656037530678
1.2891566265060241,0.15164106710252814
1.2771084337349399,0.14640382990470588
1.2650602409638554,0.15008984456588698
1.216867469879518,0.1645013801626245
1.2048192771084338,0.1633901323766506
1.180722891566265,0.165547254537807
1.1566265060240966,0.15661662116444405
1.1204819277108435,0.1556059054029884
1.108433734939759,0.14965052992793623
1.0963855421686748,0.1558641431737846
1.072289156626506,0.16853033699825642
1.036144578313253,0.1730555387163526
1.0120481927710845,0.1687239068736125
0.9879518072289157,0.16172786768951766
0.963855421686747,0.1695306168107026
0.9518072289156627,0.17524179712566051
0.9397590361445783,0.18034535807711222
0.8915662650602411,0.18047293697070754
0.8915662650602411,0.1823343003339728
0.8674698795180723,0.19155592391901186
0.855421686746988,0.19724470868012295
0.8313253012048193,0.19860787823473222
0.819277108433735,0.21717615502759904
0.7951807228915663,0.21838279281457523
0.7710843373493976,0.22201937477223108
0.7228915662650602,0.21763877002675874
0.710843373493976,0.21768778537219116
0.710843373493976,0.22601957160385822
0.6867469879518072,0.23422927325790427
0.6626506024096386,0.23695249491876216
0.6626506024096386,0.2405470050058877
0.6385542168674699,0.2503473144691051
0.6265060240963856,0.25767750940457523
0.5903614457831325,0.25745279846199837
0.5783132530120483,0.2621013581635662
0.5662650602409639,0.26837391350327205
0.5421686746987953,0.2872334161042114
0.5060240963855422,0.29505478336965346
0.49397590361445787,0.2943671274016386
0.4819277108433735,0.29684280410591446
0.44578313253012053,0.2870878424358941
0.43373493975903615,0.2711791030211439
0.42168674698795183,0.2543785482460162
0.3855421686746988,0.2330928459118043
0.3493975903614458,0.21883404644781654
0.3373493975903615,0.18459832749343735
0.3253012048192771,0.21330148691826692
0.3132530120481928,0.21556864798599984
0.30120481927710846,0.21438685167507263
0.30120481927710846,0.21326352573971247
0.30120481927710846,0.21646482741472456
0.30120481927710846,0.21912861192181654
0.30120481927710846,0.22731137746438526
0.30120481927710846,0.22506892032185763
0.30120481927710846,0.22561251718282524
0.30120481927710846,0.22895869570530114
0.30120481927710846,0.22872669289031222
0.30120481927710846,0.227349662587536
0.30120481927710846,0.2280941270256286
0.30120481927710846,0.22670893562723332
0.30120481927710846,0.227159262801111
0.30120481927710846,0.22635074747592612
0.30120481927710846,0.22892791260736725
0.30120481927710846,0.22798151295317068
0.30120481927710846,0.22879914861376086
0.30120481927710846,0.23001799219451904
0.30120481927710846,0.23216142487322047
0.30120481927710846,0.2310437636678779
0.30120481927710846,0.22839893901242883
0.30120481927710846,0.22975867207738834
0.30120481927710846,0.23129191817411313
0.30120481927710846,0.23302496730139882
0.30120481927710846,0.23242018339472617
0.30120481927710846,0.23188536858457304
0.30120481927710846,0.23135999130384438
0.30120481927710846,0.23241575061793035
0.30120481927710846,0.23046595446690993
0.30120481927710846,0.22923520675951686
0.30120481927710846,0.23032574619704557
0.30120481927710846,0.2327063433794817
