13.297872340425531,0.35438611431366496
13.297872340425531,0.36172076997729163
13.297872340425531,0.36517675416509243
13.297872340425531,0.3421389555069224
13.297872340425531,0.3578167358087568
13.297872340425531,0.3728159612349731
13.297872340425531,0.3663183154578169
13.297872340425531,0.3754715463538451
13.27127659574468,0.3989990625568154
13.297872340425531,0.3600217234473247
13.297872340425531,0.3544255346416144
13.297872340425531,0.36676907556859817
13.297872340425531,0.3479651574025244
13.297872340425531,0.35195664263092247
13.297872340425531,0.3781532336393788
13.297872340425531,0.39496644671873615
13.297872340425531,0.3841558941684101
13.297872340425531,0.3766312865922965
13.297872340425531,0.37505221250489496
13.297872340425531,0.3881491830505421
13.297872340425531,0.35556737017897644
13.297872340425531,0.33063301946280765
13.297872340425531,0.40628601798814507
13.297872340425531,0.4101616627740247
13.297872340425531,0.39158637734831087
13.297872340425531,0.4001399308218579
13.297872340425531,0.40807108290338984
13.27127659574468,0.3834017762831713
13.27127659574468,0.38221558087241314
13.27127659574468,0.3713657395161499
13.27127659574468,0.38004702246977184
13.27127659574468,0.4570871503572914
13.24468085106383,0.5074967285573918
13.058510638297873,0.49949466554875216
13.058510638297873,0.5102516930624441
13.058510638297873,0.4965710145746604
12.952127659574469,0.5088060250887443
12.952127659574469,0.5060282500143765
12.872340425531915,0.4251408831088946
12.872340425531915,0.42092844795554035
12.872340425531915,0.4181609487507463
12.872340425531915,0.4441660609371197
12.872340425531915,0.46940620335635563
12.76595744680851,0.46402009677602385
12.686170212765958,0.4883846755440644
12.659574468085106,0.5014203304476862
12.606382978723405,0.4967596573897495
12.606382978723405,0.4948334135403479
12.579787234042554,0.5053165494453871
12.579787234042554,0.4988926197168387
12.52659574468085,0.4854894654414269
12.5,0.46397213337659865
12.393617021276595,0.4731438934737602
12.393617021276595,0.5100080696490266
12.367021276595745,0.5150024729957695
12.367021276595745,0.5113993260368066
12.367021276595745,0.522285089811854
12.287234042553191,0.5256154534189974
12.26063829787234,0.5065460602033419
12.154255319148936,0.5022637663684747
12.154255319148936,0.5100773915575064
12.127659574468085,0.5078062008752257
12.02127659574468,0.5133517319617984
12.02127659574468,0.5041414735396869
12.02127659574468,0.4877095750036873
11.99468085106383,0.5026219316391024
11.914893617021276,0.4912589807326611
11.914893617021276,0.4807830947954983
11.914893617021276,0.4939226700823257
11.914893617021276,0.5027212070446705
11.888297872340425,0.51421872386263
11.75531914893617,0.5222173917656572
11.72872340425532,0.5307224217300309
11.72872340425532,0.5303719054653133
11.72872340425532,0.5330001315932628
11.622340425531915,0.563961797094394
11.569148936170214,0.5626351977415809
11.569148936170214,0.5257331977859415
11.569148936170214,0.5327649193965057
11.462765957446809,0.541806829253381
11.462765957446809,0.5463366820491792
11.462765957446809,0.5332920900885161
11.356382978723405,0.5292528161838742
11.356382978723405,0.5242348828665125
11.356382978723405,0.5250703377666113
11.329787234042554,0.5193161980695689
11.25,0.5083581247452686
11.25,0.5183935066375118
11.143617021276595,0.5266608005862305
11.117021276595745,0.5189666392140998
11.117021276595745,0.5132538343819341
11.117021276595745,0.5529102061415916
11.117021276595745,0.5688264122150252
11.090425531914894,0.5646280796704508
10.930851063829786,0.5559644394449901
10.930851063829786,0.5456319467441094
10.904255319148936,0.536199879130695
10.904255319148936,0.5366580497635212
10.904255319148936,0.5519810560794254
10.877659574468085,0.5555551187509046
10.77127659574468,0.5656020629759181
10.77127659574468,0.5275824118676372
10.77127659574468,0.5260697301639146
10.71808510638298,0.5333399876473658
10.638297872340425,0.534923159566137
10.50531914893617,0.5331268767777612
10.50531914893617,0.5244564511416188
10.50531914893617,0.5239444490893026
10.50531914893617,0.5252711481856468
10.47872340425532,0.5053452845385723
10.47872340425532,0.4971461758312031
10.47872340425532,0.5015718192878788
10.47872340425532,0.4986262582257785
10.47872340425532,0.517753315690898
10.26595744680851,0.5119543420945359
10.26595744680851,0.506980622849753
10.23936170212766,0.5075240792135272
10.23936170212766,0.511109193985811
10.23936170212766,0.5253623342547978
10.159574468085106,0.5216105011028697
10.132978723404255,0.5089699521896851
10.079787234042554,0.5005152136204104
10.053191489361701,0.493718857836734
10.053191489361701,0.5023283044716661
10.02659574468085,0.5088466960286235
9.97340425531915,0.5084221659730606
9.920212765957446,0.49961937900652803
9.893617021276595,0.4904827949949479
9.867021276595745,0.4782331186779759
9.867021276595745,0.47851459017291903
9.867021276595745,0.47679328534545895
9.867021276595745,0.47728094145415895
9.840425531914894,0.4871046512454344
9.813829787234043,0.48369985477594046
9.76063829787234,0.486881507168663
9.680851063829786,0.49022107633579964
9.654255319148936,0.4972451390031083
9.654255319148936,0.49624503327228414
9.654255319148936,0.49963903068670756
9.601063829787234,0.4891415939050482
9.601063829787234,0.49078760666643734
9.601063829787234,0.4857674626006679
9.441489361702128,0.4772516724987816
9.441489361702128,0.4779520061924889
9.441489361702128,0.4815777015254211
9.441489361702128,0.4888307060762438
9.361702127659575,0.48042381455616123
9.335106382978724,0.47156168323461295
9.308510638297873,0.46541940531629045
9.308510638297873,0.46246486215653887
9.28191489361702,0.4697518811356799
9.175531914893616,0.4819159104859526
9.148936170212766,0.45995922625109037
9.148936170212766,0.458982615345027
9.122340425531915,0.45653681921776224
9.122340425531915,0.4615700636024081
9.069148936170214,0.4663235644491239
8.98936170212766,0.45852930357295585
8.962765957446809,0.4432453455199012
8.962765957446809,0.4455609439734619
8.936170212765958,0.4501660502195663
8.909574468085106,0.44869136040235535
8.882978723404255,0.4528282758299319
8.803191489361701,0.45349595892070377
8.77659574468085,0.45465492734618773
8.75,0.4476849793486581
8.75,0.44330994130594215
8.643617021276595,0.4331216067452852
8.617021276595745,0.42792365196461296
8.617021276595745,0.4278258520333457
8.590425531914894,0.4378781174001004
8.590425531914894,0.43817385752863885
8.563829787234043,0.4401427471180415
8.430851063829786,0.43755302719542677
8.430851063829786,0.4301275083979926
8.404255319148936,0.42739338800916804
8.377659574468085,0.43269021855141765
8.351063829787234,0.42708061130502895
8.324468085106384,0.42031452139974984
8.297872340425531,0.4153983257734814
8.27127659574468,0.4275496851768998
8.191489361702128,0.42491187944544184
8.164893617021276,0.4313862985204055
8.138297872340425,0.4278063328625592
8.111702127659575,0.42735995235330665
8.111702127659575,0.4270236526468278
8.085106382978724,0.41584226532274154
7.9787234042553195,0.42420181789694617
7.952127659574468,0.397720078511143
7.925531914893617,0.4053503472644487
7.925531914893617,0.39729473119775366
7.925531914893617,0.4027979354715653
7.898936170212766,0.4094819411689615
7.819148936170213,0.41363281567890847
7.819148936170213,0.41341626356888794
7.792553191489362,0.41130542578994295
7.73936170212766,0.4082353411421599
7.6861702127659575,0.4118888657599106
7.659574468085107,0.4063506277602764
7.632978723404255,0.39824829861278155
7.632978723404255,0.3904087424475674
7.632978723404255,0.38671662557567804
7.6063829787234045,0.38066598161264364
7.579787234042553,0.386178663734596
7.5,0.38179149486777386
7.5,0.3787297047438006
7.5,0.3784667987158682
7.5,0.3820645029023285
7.5,0.38436382302164024
7.5,0.3906443355837161
7.420212765957447,0.3837187671962434
7.3936170212765955,0.3793063764685669
7.340425531914894,0.38367101426044586
7.3138297872340425,0.38487033698789325
7.287234042553192,0.3811193444625722
7.23404255319149,0.38085760254171735
7.23404255319149,0.3809313342881516
7.180851063829787,0.3782122449293255
7.154255319148937,0.3710097720851939
7.101063829787234,0.36089210733350724
7.101063829787234,0.35940201841896624
7.074468085106383,0.36107158110448206
7.047872340425532,0.3618617302312483
6.99468085106383,0.36962544495550637
6.99468085106383,0.37344696844633957
6.941489361702128,0.3819182669694718
6.888297872340425,0.3743107680337285
6.835106382978723,0.35738793997479323
6.835106382978723,0.35262467519539553
6.781914893617022,0.3357589306742722
6.75531914893617,0.3404626349616717
6.7287234042553195,0.33947346867860656
6.702127659574468,0.3442246460963512
6.675531914893617,0.32437797841486055
6.648936170212766,0.34409978450583517
6.595744680851064,0.3443824420952176
6.542553191489362,0.3513974870926103
6.542553191489362,0.3511375154720322
6.48936170212766,0.34384318913331396
6.462765957446808,0.32905053428373865
6.4361702127659575,0.316397238156585
6.382978723404255,0.32698487258426406
6.3563829787234045,0.32067641497415
6.3563829787234045,0.33260896080530805
6.303191489361702,0.33910729711352433
6.25,0.33251855712489153
6.223404255319149,0.32847745432487735
6.170212765957447,0.325915516626838
6.1436170212765955,0.32161907568545656
6.090425531914894,0.3294747888373896
6.0638297872340425,0.33222253232457344
6.037234042553192,0.326561937973631
5.98404255319149,0.3195386932610468
5.957446808510638,0.31672212227411917
5.930851063829787,0.3140424978641591
5.904255319148937,0.31550120519990527
5.851063829787234,0.3185505312892628
5.824468085106383,0.3122600140683249
5.7712765957446805,0.32836115726978204
5.74468085106383,0.3236317800460838
5.718085106382979,0.319487851837225
5.691489361702128,0.3096238028072783
5.638297872340425,0.31668971211756874
5.585106382978723,0.32248589503707653
5.531914893617022,0.3102316320266126
5.531914893617022,0.3169453702075025
5.50531914893617,0.3222218134362017
5.452127659574468,0.3216728997024851
5.425531914893617,0.3225708385086126
5.372340425531915,0.32246921364942
5.345744680851064,0.3123612737565001
5.319148936170213,0.31849195446262063
5.26595744680851,0.32340284262431473
5.26595744680851,0.3197941065941575
5.212765957446808,0.3267451858181584
5.1861702127659575,0.32648538205894234
5.132978723404255,0.3247254803847219
5.1063829787234045,0.32084001761223013
5.079787234042553,0.32135849606522954
5.026595744680851,0.31028404053471076
5.0,0.31479398754499016
4.973404255319149,0.3228590335730243
4.946808510638298,0.32224593893047354
4.8936170212765955,0.32479839235314045
4.867021276595745,0.3258580435800212
4.840425531914893,0.31670095957828587
4.8138297872340425,0.3119891045152209
4.76063829787234,0.34288010553715315
4.707446808510638,0.3433680114546668
4.654255319148937,0.3440512098756829
4.627659574468085,0.33871171659354826
4.601063829787234,0.32758589386782067
4.574468085106383,0.3219317128352826
4.547872340425532,0.32372837876131655
4.49468085106383,0.33203784896222316
4.49468085106383,0.33576895261577416
4.414893617021277,0.35342384962218265
4.335106382978723,0.34530269637302163
4.335106382978723,0.34720198746931885
4.335106382978723,0.3491368216201404
4.281914893617022,0.35803741773386316
4.2287234042553195,0.34930498950060873
4.202127659574468,0.37338002268022913
4.122340425531915,0.36426192101696236
4.122340425531915,0.36129915124480577
4.095744680851064,0.3567630495632492
4.069148936170213,0.36152462770904237
3.9893617021276597,0.36193943834809433
3.9893617021276597,0.36116647495953863
3.9627659574468086,0.37597252209469645
3.9095744680851063,0.39201528321601237
3.882978723404255,0.39620039617417396
3.856382978723404,0.38976119423062544
3.8031914893617023,0.3922862293786981
3.75,0.3951560940260351
3.75,0.3877906355437747
3.723404255319149,0.38640434038604726
3.6968085106382977,0.3946069761259087
3.643617021276596,0.3995733739243943
3.643617021276596,0.40008592210984745
3.5904255319148937,0.40050254762400506
3.5904255319148937,0.41185683788884636
3.5372340425531914,0.4236473567818656
3.5372340425531914,0.42624278057413045
3.4574468085106385,0.4409672266913319
3.4308510638297873,0.4441110829556056
3.4308510638297873,0.4504491953368471
3.351063829787234,0.4695649246773589
3.324468085106383,0.4675713722941371
3.271276595744681,0.46957900078485515
3.271276595744681,0.47071609604221776
3.2180851063829787,0.4751895578832087
3.2180851063829787,0.4774496638317272
3.1117021276595747,0.48120797454662834
3.0851063829787235,0.48984544850682255
3.0585106382978724,0.48811663560816504
3.0585106382978724,0.4880320088273677
3.00531914893617,0.4949256951731773
3.00531914893617,0.5087111663332649
2.925531914893617,0.5110409000708838
2.898936170212766,0.5190937802610209
2.845744680851064,0.5173726282240393
2.8191489361702127,0.5205108372474491
2.765957446808511,0.5325428567946987
2.7393617021276597,0.5290997655622727
2.7127659574468086,0.5390610080036624
2.6595744680851063,0.5455262315177766
2.632978723404255,0.5552590459528562
2.5797872340425534,0.5574481530381491
2.526595744680851,0.5654541106118706
2.5,0.564836694381699
2.473404255319149,0.5626978988271764
2.473404255319149,0.5672920576035875
2.4468085106382977,0.580377349834849
2.393617021276596,0.5868800416941509
2.3138297872340425,0.6068834264488361
2.2872340425531914,0.6106913770542827
2.2606382978723403,0.611168317167858
2.2340425531914896,0.6093091941752793
2.2074468085106385,0.6067559582858182
2.154255319148936,0.6226397953742607
2.154255319148936,0.6235956106161793
2.127659574468085,0.6284012754355467
2.047872340425532,0.640850234815922
1.9946808510638299,0.6355183776653868
1.9946808510638299,0.6362025575579477
1.9414893617021276,0.6332922538784547
1.9414893617021276,0.6366745071395192
1.8882978723404256,0.6461893255631025
1.8617021276595744,0.6373657360633657
1.8085106382978724,0.6344851809111379
1.7819148936170213,0.6426472236625936
1.7553191489361701,0.6409358296755485
1.7287234042553192,0.638531363771576
1.702127659574468,0.6439851745675923
1.5957446808510638,0.6493068430350297
1.5957446808510638,0.6485540106975827
1.5691489361702127,0.6417069951594812
1.5425531914893618,0.619210619585682
1.5159574468085106,0.5431521695303797
1.4627659574468086,0.5193094870745303
1.4361702127659575,0.4960320699978144
1.4095744680851063,0.4970721915115067
1.3829787234042554,0.48109871433445867
1.3563829787234043,0.4671112316918415
1.303191489361702,0.45493418107309275
1.303191489361702,0.441547306546094
1.25,0.38605867796979715
1.2234042553191489,0.3068626323650252
1.2234042553191489,0.28415106152251546
1.1702127659574468,0.3182697417632303
1.1702127659574468,0.3475683969519147
1.1436170212765957,0.3445145024024994
1.1436170212765957,0.3437553221733446
1.1436170212765957,0.3413971689807849
1.1436170212765957,0.34291306105264663
1.1436170212765957,0.3411662545468001
1.1436170212765957,0.34029228486885577
1.1436170212765957,0.33881028219043513
1.1436170212765957,0.33900973482038155
1.1436170212765957,0.3392598221081139
1.1436170212765957,0.3389963673466346
1.1436170212765957,0.33874858595440166
1.1436170212765957,0.3395006949168553
1.1436170212765957,0.33993625706734165
1.1436170212765957,0.33944844164676236
1.1436170212765957,0.3406168283097818
1.1436170212765957,0.34121087327228083
1.1436170212765957,0.34159051749332225
1.1436170212765957,0.3423946365861553
1.1436170212765957,0.34164924489171794
1.1436170212765957,0.3416549318360591
1.1436170212765957,0.3409821531790662
1.1436170212765957,0.34122522511540093
1.1436170212765957,0.34108672337651164
1.1436170212765957,0.34182626126017335
1.1436170212765957,0.34198727360136255
1.1436170212765957,0.3414085487436188
1.1436170212765957,0.3419207126312461
1.1436170212765957,0.34172287301811316
1.1436170212765957,0.34092563974865403
1.1436170212765957,0.3404435467962222
1.1436170212765957,0.3410746458611937
1.1436170212765957,0.34125444368559504
1.1436170212765957,0.3420839961844475
1.1436170212765957,0.3411555497823703
