1.066810344827586,0.5807291666666674
1.03125,0.13413571247464498
1.03125,0.149066091954023
4.788793103448276,0.060221407153565845
4.729525862068965,0.1179235432536287
4.729525862068965,0.11365365111561838
4.646551724137931,0.13317275025806502
4.6346982758620685,0.12917057776643043
4.6346982758620685,0.08588461538461518
4.6346982758620685,0.1363653207315383
4.551724137931034,0.13772013546798045
4.539870689655173,0.07603059503767674
4.539870689655173,0.12374498401844569
4.46875,0.12319504678977221
4.385775862068965,0.14403893520272842
4.385775862068965,0.09603657746753246
4.338362068965517,0.09902871406886002
4.338362068965517,0.10287466533439572
4.338362068965517,0.1336793039806967
4.255387931034482,0.1799179968121407
4.255387931034482,0.19307176807671728
4.1842672413793105,0.153678160756298
4.1842672413793105,0.17700758644309197
4.136853448275862,0.16668202485456335
4.089439655172414,0.17491639407794984
4.089439655172414,0.16348689715834677
4.042025862068965,0.17075003517883047
4.042025862068965,0.15148856186856793
4.042025862068965,0.1784071168658517
3.982758620689655,0.1979120256245615
3.935344827586207,0.2164061249453328
3.9234913793103448,0.2171971157135419
3.8760775862068964,0.19540464143194053
3.852370689655172,0.20783862396100328
3.852370689655172,0.19887561800786058
3.8049568965517238,0.20514719543271767
3.769396551724138,0.20243809475180663
3.769396551724138,0.2061298840998759
3.7101293103448274,0.2036535233578718
3.7101293103448274,0.20610946132469518
3.7101293103448274,0.20850790627202265
3.686422413793103,0.20443938051214117
3.615301724137931,0.1992723550356259
3.615301724137931,0.21355303752835486
3.603448275862069,0.222697649871089
3.5441810344827585,0.20905516336917443
3.508620689655172,0.20188489565069306
3.49676724137931,0.19635062852910212
3.49676724137931,0.20557923518363966
3.4612068965517238,0.21712393215497242
3.3782327586206895,0.228103564374639
3.3545258620689653,0.2163720690300943
3.318965517241379,0.1939590206723588
3.307112068965517,0.1950460628348959
3.307112068965517,0.19849362298066459
3.307112068965517,0.1992711704466494
3.2241379310344827,0.21912360141609227
3.2122844827586206,0.22648580976401292
3.2122844827586206,0.23156606277252856
3.129310344827586,0.21543030110491612
3.117456896551724,0.2136025466309236
3.09375,0.21593978565871064
3.070043103448276,0.22141232228771782
3.0344827586206895,0.21723916234211335
3.0344827586206895,0.22387037487898587
2.975215517241379,0.21305917597451166
2.939655172413793,0.2148425695323286
2.927801724137931,0.22019720021185904
2.8922413793103448,0.21767530803719157
2.8922413793103448,0.21222978308595394
2.8448275862068964,0.21251769618482438
2.797413793103448,0.21191277376576317
2.785560344827586,0.19758805491612785
2.785560344827586,0.20020352480577439
2.75,0.21142561117635908
2.7025862068965516,0.20578810486993598
2.7025862068965516,0.20181073171880023
2.6907327586206895,0.20335478602838158
2.655172413793103,0.21845301650161753
2.595905172413793,0.21126835984609413
2.572198275862069,0.19834810986718263
2.5247844827586206,0.1961193040244548
2.5247844827586206,0.18468268944293578
2.5129310344827585,0.18451419488376314
2.5129310344827585,0.18982449705257132
2.418103448275862,0.20433537356952045
2.382543103448276,0.19066423246107644
2.3706896551724137,0.16968963162355394
2.3588362068965516,0.1661487059494912
2.3469827586206895,0.17440615574638316
2.3469827586206895,0.1749552242740271
2.2640086206896552,0.18094198774002795
2.2640086206896552,0.18733804163802845
2.228448275862069,0.18108369327844548
2.216594827586207,0.17032705607867604
2.1810344827586206,0.17527081876746534
2.1573275862068964,0.17704689093662943
2.1454741379310343,0.17402497453431112
2.133620689655172,0.15753872647465741
2.12176724137931,0.15690458908995011
2.0980603448275863,0.16189089862165465
2.086206896551724,0.17267624381790225
2.0625,0.17862929930000623
2.0269396551724137,0.16604563105184914
2.0032327586206895,0.16338405455026084
1.9795258620689655,0.15213291534057508
1.920258620689655,0.1613948018867342
1.908405172413793,0.15473302996278776
1.884698275862069,0.14903938615640003
1.8609913793103448,0.14599106598305683
1.8372844827586206,0.14687450907415286
1.8254310344827585,0.1517066903485856
1.7780172413793103,0.15031223360327434
1.742456896551724,0.14927447423543097
1.71875,0.1435304206260436
1.6950431034482758,0.1371197170228995
1.6713362068965516,0.13878782748345034
1.6594827586206895,0.1385788792196467
1.6239224137931034,0.1399640016572857
1.576508620689655,0.13506260168569628
1.552801724137931,0.1371618525294074
1.5290948275862069,0.1346874810476792
1.5053879310344827,0.13248327728326612
1.4816810344827585,0.14095510523189214
1.4461206896551724,0.1392862768454583
1.4342672413793103,0.13560394675891876
1.410560344827586,0.13287021396020415
1.375,0.14431414948948526
1.3394396551724137,0.14069068724969916
1.3038793103448276,0.13674544214433854
1.2683189655172413,0.13710168630722386
1.2564655172413792,0.14294671145501164
1.2446120689655171,0.14383614960548813
1.1853448275862069,0.17164753337735156
1.1616379310344827,0.16902405661127792
1.1379310344827585,0.1469591446001113
1.1142241379310345,0.15776065928692337
1.0905172413793103,0.17127163914577004
1.0786637931034482,0.17957297573512018
1.054956896551724,0.19279860584974748
1.03125,0.20229762891953904
0.9956896551724137,0.21783577476258378
0.9601293103448275,0.21602819263404113
0.9364224137931034,0.2412576764476164
0.9245689655172413,0.25214847059536505
0.8890086206896551,0.25670250985139775
0.8653017241379309,0.2667242488050772
0.8178879310344828,0.27541811866786575
0.8178879310344828,0.27718712911085347
0.8178879310344828,0.26939090084580003
0.8178879310344828,0.2690001696254862
0.699353448275862,0.27703309015840605
0.7230603448275862,0.2939645741706049
0.7112068965517241,0.2921170050178033
0.699353448275862,0.2870692581162893
0.6875,0.28842505908830074
0.6756465517241379,0.2906179049689565
0.6637931034482758,0.29461489106846284
0.6519396551724138,0.30318733596838393
0.6282327586206896,0.3146192266428455
0.6045258620689655,0.33076174218402965
0.5808189655172413,0.3247989081558915
0.5571120689655172,0.31104315296654084
0.5571120689655172,0.30577691079042807
0.533405172413793,0.1342186082279773
0.521551724137931,0.11420880355583095
0.49784482758620685,0.09812864722960216
0.4859913793103448,0.08789213022412323
0.47413793103448276,0.09168375988470585
0.4504310344827586,0.0934168954403043
0.4385775862068965,0.09268720279703566
0.4267241379310345,0.09006413899456939
0.4267241379310345,0.09020442207523913
0.4267241379310345,0.09065389681674312
0.4267241379310345,0.09140838117883267
0.4148706896551724,0.09168822206683905
0.4148706896551724,0.09127900048901127
0.4148706896551724,0.09114631007709867
0.4148706896551724,0.09107225393447105
0.4148706896551724,0.09129729622348742
0.4148706896551724,0.09167617688840649
0.4148706896551724,0.09118203243446864
0.4148706896551724,0.09081331200257152
0.4148706896551724,0.09087360941788312
0.4148706896551724,0.09095894415641059
0.4148706896551724,0.09057383114411775
0.4148706896551724,0.09079200433260626
0.4148706896551724,0.09064043392401731
0.4148706896551724,0.09050489082183223
0.4148706896551724,0.09057339703212429
0.4148706896551724,0.09052087555882227
0.4148706896551724,0.0904515322581281
0.4148706896551724,0.09031809456427595
0.4148706896551724,0.09025711607250123
