18.85135135135135,0.17726504914004731
18.85135135135135,0.2846282264455509
18.513513513513516,0.39376491604062996
18.513513513513516,0.4311139908132858
18.513513513513516,0.44224029840751433
18.513513513513516,0.5007470130690316
18.513513513513516,0.6000109507702036
18.513513513513516,0.6486290625463487
18.513513513513516,0.6864184451299766
18.175675675675677,0.727039931120336
18.175675675675677,0.7765554334014826
18.175675675675677,0.8991897336352491
18.175675675675677,1.0008808982813417
17.972972972972975,1.031752710409821
17.972972972972975,1.039562767978564
17.972972972972975,1.0834760882999865
17.972972972972975,1.1333264259187967
17.972972972972975,1.2086890172163982
17.972972972972975,1.1142070879749746
17.972972972972975,1.187154809772245
17.972972972972975,1.2727132022483911
17.972972972972975,1.2973869299343017
17.702702702702705,1.4452877349079536
17.66891891891892,1.442087496510463
17.66891891891892,1.4053589868807272
17.66891891891892,1.3621029575894266
17.66891891891892,1.288838536029546
17.12837837837838,1.2763729601431448
17.12837837837838,1.279208388356231
17.12837837837838,1.2764887125223252
17.12837837837838,1.2655377166680368
17.12837837837838,1.2793828311069684
17.094594594594597,1.2118473698662384
17.094594594594597,1.2006518362413277
17.094594594594597,1.1842124382446966
16.95945945945946,1.1757404113537353
16.95945945945946,1.0337693742870633
16.95945945945946,1.2561022478117103
16.95945945945946,1.2926569212890295
16.95945945945946,1.2324652554124629
16.95945945945946,1.2386278744507437
16.95945945945946,1.2557172813043427
16.95945945945946,1.2755159371327864
16.68918918918919,1.359175291395197
16.68918918918919,1.3767299038940124
16.25,1.394885517522693
16.25,1.4283707969903139
16.25,1.420884560934466
16.25,1.4218459419755596
16.25,1.3259031237869119
16.25,1.3174852347368542
16.25,1.375348261726674
16.25,1.2345416088625158
16.25,1.2541142937518595
15.97972972972973,1.2699461434706731
15.97972972972973,1.1455974755509513
15.97972972972973,1.1503586826259993
15.97972972972973,1.1244322222940646
15.97972972972973,1.186896031970331
15.97972972972973,1.2216094274417555
15.97972972972973,1.2990956996119136
15.97972972972973,1.298535726587093
15.97972972972973,1.2776245860485007
15.574324324324325,1.3257041857220877
15.540540540540542,1.3519571798082002
15.540540540540542,1.4224416395744492
15.540540540540542,1.4331600825388164
15.540540540540542,1.3909565299243196
15.540540540540542,1.4208007417260577
15.540540540540542,1.3541095962959484
15.540540540540542,1.3563802361963113
15.540540540540542,1.38333435425966
15.304054054054054,1.5224369635311679
15.304054054054054,1.5405913728738707
15.202702702702704,1.5544141731362882
15.202702702702704,1.5571129089087834
15.033783783783784,1.3580852556951104
15.033783783783784,1.3548241958802305
15.0,1.3315797243220464
15.0,1.3424389193619968
15.0,1.3331355857912734
14.594594594594595,1.124436044130813
14.594594594594595,1.1337945146650084
14.594594594594595,1.2264538528159978
14.594594594594595,1.2818847281304626
14.594594594594595,1.3211873538430643
14.594594594594595,1.3214862365751747
14.594594594594595,1.2796296330408918
14.628378378378379,1.3984544612034653
14.628378378378379,1.4191304537969798
14.628378378378379,1.4901150194274264
14.628378378378379,1.476359306311627
14.087837837837839,1.4673881791227141
14.087837837837839,1.459477532760516
13.952702702702704,1.44591649190603
13.952702702702704,1.4525700389606684
13.952702702702704,1.3845542234123107
13.952702702702704,1.3945363893164566
13.91891891891892,1.4077129193911961
13.952702702702704,1.6207575431238297
13.952702702702704,1.6453201141643177
13.952702702702704,1.6702014923114956
13.952702702702704,1.572938077425561
13.581081081081082,1.5681102658983126
13.547297297297298,1.5512452557525835
13.547297297297298,1.492303274782034
13.547297297297298,1.4313076211968818
13.141891891891893,1.4307904076643292
13.074324324324325,1.4252607282005512
13.074324324324325,1.3217870611923082
13.074324324324325,1.4286123358218605
13.074324324324325,1.3288584625170599
13.074324324324325,1.3287065329021637
13.074324324324325,1.333141806429235
13.074324324324325,1.3149756497211735
13.074324324324325,1.2893590162743396
13.040540540540542,1.2917484921654774
13.040540540540542,1.30096561787948
13.040540540540542,1.2175786651255718
12.601351351351353,1.1880960904139715
12.601351351351353,1.2571453368417318
12.601351351351353,1.3098967345667414
12.533783783783784,1.3224281418772466
12.533783783783784,1.3258337017249533
12.432432432432433,1.3331334680044944
12.39864864864865,1.332055924089367
12.39864864864865,1.3150253836947514
12.39864864864865,1.263459980464457
12.39864864864865,1.2736770770478636
12.39864864864865,1.3170757244708553
12.027027027027028,1.301841159878611
12.060810810810812,1.2336919767183627
12.027027027027028,1.2906347715460225
12.027027027027028,1.3001299691374062
12.060810810810812,1.3273721777298881
11.858108108108109,1.4082615467323267
11.858108108108109,1.3645040847222576
11.824324324324325,1.385083544867189
11.68918918918919,1.3732750312203332
11.68918918918919,1.3528178828080684
11.68918918918919,1.3324664319865418
11.452702702702704,1.3412548325112175
11.452702702702704,1.3147874068450187
11.452702702702704,1.2940190992837068
11.452702702702704,1.3105111085038967
11.452702702702704,1.298052899883809
11.452702702702704,1.2384779636712642
11.452702702702704,1.2387821890772086
11.283783783783784,1.2469994442787828
11.14864864864865,1.2319040831586316
11.14864864864865,1.1819787852399442
11.14864864864865,1.1792568574116495
10.97972972972973,1.1199356313943536
10.97972972972973,1.2213157458302422
10.97972972972973,1.194897172748061
10.97972972972973,1.1571693568769348
10.70945945945946,1.0949621751937952
10.70945945945946,1.126099336655346
10.70945945945946,1.1153718576850578
10.70945945945946,1.1041307298837268
10.70945945945946,1.0945024585507022
10.371621621621623,1.0659744386346135
10.371621621621623,1.0214028301315214
10.371621621621623,1.0154814054143126
10.371621621621623,0.9917252198585159
10.371621621621623,0.9464439056355805
10.371621621621623,0.9811775179785049
10.236486486486488,0.9805100692781994
10.236486486486488,0.9768314968973594
10.236486486486488,0.9651056204032773
10.236486486486488,0.8949243568543378
10.101351351351353,0.8740623153809584
10.101351351351353,0.8379817943035998
10.101351351351353,0.8575188636267363
10.101351351351353,0.8726488380286438
9.831081081081082,0.9255321945334566
9.831081081081082,0.9426662856998964
9.831081081081082,0.9221877580516146
9.831081081081082,0.8804930397537236
9.831081081081082,0.9206890246481443
9.797297297297298,0.9358958361350015
9.831081081081082,0.936577007810633
9.56081081081081,0.9347853113259397
9.56081081081081,0.9259931476130115
9.56081081081081,0.8960881373018891
9.324324324324325,0.9364328146185371
9.324324324324325,0.9178731197350968
9.324324324324325,0.9096856053377798
9.324324324324325,0.906088659402903
9.324324324324325,0.8413571396770168
9.29054054054054,0.8211298020440541
9.02027027027027,0.8353153417695014
9.02027027027027,0.8367731233678546
9.02027027027027,0.8479055680574373
8.986486486486488,0.7867345428041866
8.986486486486488,0.7911526371942369
8.986486486486488,0.8468929187044301
8.986486486486488,0.8635279010139961
8.986486486486488,0.8647485475315658
8.986486486486488,0.8404426460635698
8.986486486486488,0.8414641526341738
8.75,0.8466565821160313
8.75,0.84964243680064
8.75,0.8487541595649704
8.716216216216218,0.8478541119342119
8.716216216216218,0.8479111029540846
8.716216216216218,0.8465055486585003
8.716216216216218,0.8498744348859929
8.716216216216218,0.8499233824226843
8.716216216216218,0.8499991151403563
8.716216216216218,0.8518003763256929
8.716216216216218,0.8509477312626396
8.716216216216218,0.8515385997424023
8.716216216216218,0.85074082662899
8.716216216216218,0.8514767462556178
8.716216216216218,0.8527055304021038
8.716216216216218,0.8520552805694007
8.716216216216218,0.8525391996756404
8.716216216216218,0.8529604997887729
8.716216216216218,0.8524005954825508
8.716216216216218,0.8511350870764078
8.716216216216218,0.8506993300090273
8.716216216216218,0.851215863238487
8.716216216216218,0.8510808050738263
8.716216216216218,0.8518095009058225
8.716216216216218,0.8512574779689978
8.716216216216218,0.8508095562255328
8.716216216216218,0.8514090703047684
8.716216216216218,0.8520583410507748
8.716216216216218,0.8504983111179253
8.716216216216218,0.8494342693483936
8.716216216216218,0.8489988601108841
8.716216216216218,0.850164339636621
8.716216216216218,0.8505673829373255
8.716216216216218,0.8496021504992206
8.716216216216218,0.849580892468824
8.716216216216218,0.8495845838832072
