0.000000000000000000e+00 7.648809523809524080e+01
1.911864406779660921e-02 6.841964285714286120e+01
3.823728813559321843e-02 5.709821428571428470e+01
5.735593220338983111e-02 4.601488095238094900e+01
7.647457627118643686e-02 3.223214285714285410e+01
9.559322033898304261e-02 1.585119047619047628e+01
1.147118644067796622e-01 2.770833333333333481e+00
1.338305084745762541e-01 8.958333333333333703e-01
1.529491525423728737e-01 6.785714285714286031e-01
1.720677966101694933e-01 6.934523809523809312e-01
1.911864406779660852e-01 3.154761904761904656e-01
2.103050847457627048e-01 1.547619047619047672e-01
2.294237288135593245e-01 1.815476190476190410e-01
2.485423728813559163e-01 1.488095238095238082e-01
2.676610169491525082e-01 1.636904761904761918e-01
2.867796610169491278e-01 1.458333333333333426e-01
3.058983050847457474e-01 1.815476190476190410e-01
3.250169491525423671e-01 1.428571428571428492e-01
3.441355932203389867e-01 0.000000000000000000e+00
3.632542372881355508e-01 0.000000000000000000e+00
3.823728813559321704e-01 0.000000000000000000e+00
4.014915254237287900e-01 0.000000000000000000e+00
4.206101694915254097e-01 0.000000000000000000e+00
4.397288135593220293e-01 0.000000000000000000e+00
4.588474576271186489e-01 0.000000000000000000e+00
4.779661016949152130e-01 0.000000000000000000e+00
4.970847457627118327e-01 0.000000000000000000e+00
5.162033898305083968e-01 0.000000000000000000e+00
5.353220338983050164e-01 0.000000000000000000e+00
5.544406779661016360e-01 0.000000000000000000e+00
5.735593220338982556e-01 0.000000000000000000e+00
5.926779661016948753e-01 0.000000000000000000e+00
6.117966101694914949e-01 0.000000000000000000e+00
6.309152542372881145e-01 0.000000000000000000e+00
6.500338983050847341e-01 0.000000000000000000e+00
6.691525423728813537e-01 0.000000000000000000e+00
6.882711864406779734e-01 0.000000000000000000e+00
7.073898305084745930e-01 0.000000000000000000e+00
7.265084745762711016e-01 0.000000000000000000e+00
7.456271186440677212e-01 0.000000000000000000e+00
7.647457627118643408e-01 0.000000000000000000e+00
7.838644067796609605e-01 0.000000000000000000e+00
8.029830508474575801e-01 0.000000000000000000e+00
8.221016949152541997e-01 0.000000000000000000e+00
8.412203389830508193e-01 0.000000000000000000e+00
8.603389830508474390e-01 0.000000000000000000e+00
8.794576271186440586e-01 0.000000000000000000e+00
8.985762711864406782e-01 0.000000000000000000e+00
9.176949152542372978e-01 0.000000000000000000e+00
9.368135593220338064e-01 0.000000000000000000e+00
9.559322033898304261e-01 0.000000000000000000e+00
9.750508474576270457e-01 0.000000000000000000e+00
9.941694915254236653e-01 0.000000000000000000e+00
1.013288135593220396e+00 0.000000000000000000e+00
1.032406779661016794e+00 0.000000000000000000e+00
1.051525423728813413e+00 0.000000000000000000e+00
1.070644067796610033e+00 0.000000000000000000e+00
1.089762711864406652e+00 0.000000000000000000e+00
1.108881355932203272e+00 0.000000000000000000e+00
1.127999999999999892e+00 0.000000000000000000e+00
1.147118644067796511e+00 0.000000000000000000e+00
1.166237288135593131e+00 0.000000000000000000e+00
1.185355932203389751e+00 0.000000000000000000e+00
1.204474576271186370e+00 0.000000000000000000e+00
1.223593220338982990e+00 0.000000000000000000e+00
1.242711864406779609e+00 0.000000000000000000e+00
1.261830508474576229e+00 0.000000000000000000e+00
1.280949152542372849e+00 0.000000000000000000e+00
1.300067796610169468e+00 0.000000000000000000e+00
1.319186440677966088e+00 0.000000000000000000e+00
1.338305084745762707e+00 0.000000000000000000e+00
1.357423728813559327e+00 0.000000000000000000e+00
1.376542372881355947e+00 0.000000000000000000e+00
1.395661016949152566e+00 0.000000000000000000e+00
1.414779661016949186e+00 0.000000000000000000e+00
1.433898305084745584e+00 0.000000000000000000e+00
1.453016949152542203e+00 0.000000000000000000e+00
1.472135593220338823e+00 0.000000000000000000e+00
1.491254237288135442e+00 0.000000000000000000e+00
1.510372881355932062e+00 0.000000000000000000e+00
1.529491525423728682e+00 0.000000000000000000e+00
1.548610169491525301e+00 0.000000000000000000e+00
1.567728813559321921e+00 0.000000000000000000e+00
1.586847457627118541e+00 0.000000000000000000e+00
1.605966101694915160e+00 0.000000000000000000e+00
1.625084745762711780e+00 0.000000000000000000e+00
1.644203389830508399e+00 0.000000000000000000e+00
1.663322033898305019e+00 0.000000000000000000e+00
1.682440677966101639e+00 0.000000000000000000e+00
1.701559322033898258e+00 0.000000000000000000e+00
1.720677966101694878e+00 0.000000000000000000e+00
1.739796610169491498e+00 0.000000000000000000e+00
1.758915254237288117e+00 0.000000000000000000e+00
1.778033898305084737e+00 0.000000000000000000e+00
1.797152542372881356e+00 0.000000000000000000e+00
1.816271186440677976e+00 0.000000000000000000e+00
1.835389830508474596e+00 0.000000000000000000e+00
1.854508474576270993e+00 0.000000000000000000e+00
1.873627118644067613e+00 0.000000000000000000e+00
1.892745762711864232e+00 0.000000000000000000e+00
1.911864406779660852e+00 0.000000000000000000e+00
1.930983050847457472e+00 0.000000000000000000e+00
1.950101694915254091e+00 0.000000000000000000e+00
1.969220338983050711e+00 0.000000000000000000e+00
1.988338983050847331e+00 0.000000000000000000e+00
2.007457627118644172e+00 0.000000000000000000e+00
2.026576271186440792e+00 0.000000000000000000e+00
2.045694915254236967e+00 0.000000000000000000e+00
2.064813559322033587e+00 0.000000000000000000e+00
2.083932203389830207e+00 0.000000000000000000e+00
2.103050847457626826e+00 0.000000000000000000e+00
2.122169491525423446e+00 0.000000000000000000e+00
2.141288135593220066e+00 0.000000000000000000e+00
2.160406779661016685e+00 0.000000000000000000e+00
2.179525423728813305e+00 0.000000000000000000e+00
2.198644067796609924e+00 0.000000000000000000e+00
2.217762711864406544e+00 0.000000000000000000e+00
2.236881355932203164e+00 0.000000000000000000e+00
2.255999999999999783e+00 0.000000000000000000e+00
2.275118644067796403e+00 0.000000000000000000e+00
2.294237288135593023e+00 0.000000000000000000e+00
2.313355932203389642e+00 0.000000000000000000e+00
2.332474576271186262e+00 0.000000000000000000e+00
2.351593220338982881e+00 0.000000000000000000e+00
2.370711864406779501e+00 0.000000000000000000e+00
2.389830508474576121e+00 0.000000000000000000e+00
2.408949152542372740e+00 0.000000000000000000e+00
2.428067796610169360e+00 0.000000000000000000e+00
2.447186440677965980e+00 0.000000000000000000e+00
2.466305084745762599e+00 0.000000000000000000e+00
2.485423728813559219e+00 0.000000000000000000e+00
2.504542372881355838e+00 0.000000000000000000e+00
2.523661016949152458e+00 0.000000000000000000e+00
2.542779661016949078e+00 0.000000000000000000e+00
2.561898305084745697e+00 0.000000000000000000e+00
2.581016949152542317e+00 0.000000000000000000e+00
2.600135593220338937e+00 0.000000000000000000e+00
2.619254237288135556e+00 0.000000000000000000e+00
2.638372881355932176e+00 0.000000000000000000e+00
2.657491525423728795e+00 0.000000000000000000e+00
2.676610169491525415e+00 0.000000000000000000e+00
2.695728813559322035e+00 0.000000000000000000e+00
2.714847457627118654e+00 0.000000000000000000e+00
2.733966101694915274e+00 0.000000000000000000e+00
2.753084745762711893e+00 0.000000000000000000e+00
2.772203389830508513e+00 0.000000000000000000e+00
2.791322033898305133e+00 0.000000000000000000e+00
2.810440677966101752e+00 0.000000000000000000e+00
2.829559322033898372e+00 0.000000000000000000e+00
2.848677966101694992e+00 0.000000000000000000e+00
2.867796610169491167e+00 0.000000000000000000e+00
2.886915254237287787e+00 0.000000000000000000e+00
2.906033898305084406e+00 0.000000000000000000e+00
2.925152542372881026e+00 0.000000000000000000e+00
2.944271186440677646e+00 0.000000000000000000e+00
2.963389830508474265e+00 0.000000000000000000e+00
2.982508474576270885e+00 0.000000000000000000e+00
3.001627118644067505e+00 0.000000000000000000e+00
3.020745762711864124e+00 0.000000000000000000e+00
3.039864406779660744e+00 0.000000000000000000e+00
3.058983050847457363e+00 0.000000000000000000e+00
3.078101694915253983e+00 0.000000000000000000e+00
3.097220338983050603e+00 0.000000000000000000e+00
3.116338983050847222e+00 0.000000000000000000e+00
3.135457627118643842e+00 0.000000000000000000e+00
3.154576271186440461e+00 0.000000000000000000e+00
3.173694915254237081e+00 0.000000000000000000e+00
3.192813559322033701e+00 0.000000000000000000e+00
3.211932203389830320e+00 0.000000000000000000e+00
3.231050847457626940e+00 0.000000000000000000e+00
3.250169491525423560e+00 0.000000000000000000e+00
3.269288135593220179e+00 0.000000000000000000e+00
3.288406779661016799e+00 0.000000000000000000e+00
3.307525423728813418e+00 0.000000000000000000e+00
3.326644067796610038e+00 0.000000000000000000e+00
3.345762711864406658e+00 0.000000000000000000e+00
3.364881355932203277e+00 0.000000000000000000e+00
3.383999999999999897e+00 0.000000000000000000e+00
3.403118644067796517e+00 0.000000000000000000e+00
3.422237288135593136e+00 0.000000000000000000e+00
3.441355932203389756e+00 0.000000000000000000e+00
3.460474576271186375e+00 0.000000000000000000e+00
3.479593220338982995e+00 0.000000000000000000e+00
3.498711864406779615e+00 0.000000000000000000e+00
3.517830508474576234e+00 0.000000000000000000e+00
3.536949152542372854e+00 0.000000000000000000e+00
3.556067796610169474e+00 0.000000000000000000e+00
3.575186440677966093e+00 0.000000000000000000e+00
3.594305084745762713e+00 0.000000000000000000e+00
3.613423728813559332e+00 0.000000000000000000e+00
3.632542372881355952e+00 0.000000000000000000e+00
3.651661016949152572e+00 0.000000000000000000e+00
3.670779661016949191e+00 0.000000000000000000e+00
3.689898305084745367e+00 0.000000000000000000e+00
3.709016949152541986e+00 0.000000000000000000e+00
3.728135593220338606e+00 0.000000000000000000e+00
3.747254237288135226e+00 0.000000000000000000e+00
3.766372881355931845e+00 0.000000000000000000e+00
3.785491525423728465e+00 0.000000000000000000e+00
3.804610169491525085e+00 0.000000000000000000e+00
3.823728813559321704e+00 0.000000000000000000e+00
3.842847457627118324e+00 0.000000000000000000e+00
3.861966101694914943e+00 0.000000000000000000e+00
3.881084745762711563e+00 0.000000000000000000e+00
3.900203389830508183e+00 0.000000000000000000e+00
3.919322033898304802e+00 0.000000000000000000e+00
3.938440677966101422e+00 0.000000000000000000e+00
3.957559322033898042e+00 0.000000000000000000e+00
3.976677966101694661e+00 0.000000000000000000e+00
3.995796610169491281e+00 0.000000000000000000e+00
4.014915254237288345e+00 0.000000000000000000e+00
4.034033898305084520e+00 0.000000000000000000e+00
4.053152542372881584e+00 0.000000000000000000e+00
4.072271186440677759e+00 0.000000000000000000e+00
4.091389830508473935e+00 0.000000000000000000e+00
4.110508474576270999e+00 0.000000000000000000e+00
4.129627118644067174e+00 0.000000000000000000e+00
4.148745762711864238e+00 0.000000000000000000e+00
4.167864406779660413e+00 0.000000000000000000e+00
4.186983050847457477e+00 0.000000000000000000e+00
4.206101694915253653e+00 0.000000000000000000e+00
4.225220338983050716e+00 0.000000000000000000e+00
4.244338983050846892e+00 0.000000000000000000e+00
4.263457627118643956e+00 0.000000000000000000e+00
4.282576271186440131e+00 0.000000000000000000e+00
4.301694915254237195e+00 0.000000000000000000e+00
4.320813559322033370e+00 0.000000000000000000e+00
4.339932203389830434e+00 0.000000000000000000e+00
4.359050847457626610e+00 0.000000000000000000e+00
4.378169491525423673e+00 0.000000000000000000e+00
4.397288135593219849e+00 0.000000000000000000e+00
4.416406779661016913e+00 0.000000000000000000e+00
4.435525423728813088e+00 0.000000000000000000e+00
4.454644067796610152e+00 0.000000000000000000e+00
4.473762711864406327e+00 0.000000000000000000e+00
4.492881355932203391e+00 0.000000000000000000e+00
4.511999999999999567e+00 0.000000000000000000e+00
4.531118644067796630e+00 0.000000000000000000e+00
4.550237288135592806e+00 0.000000000000000000e+00
4.569355932203389870e+00 0.000000000000000000e+00
4.588474576271186045e+00 0.000000000000000000e+00
4.607593220338983109e+00 0.000000000000000000e+00
4.626711864406779284e+00 0.000000000000000000e+00
4.645830508474576348e+00 0.000000000000000000e+00
4.664949152542372524e+00 0.000000000000000000e+00
4.684067796610169587e+00 0.000000000000000000e+00
4.703186440677965763e+00 0.000000000000000000e+00
4.722305084745762827e+00 0.000000000000000000e+00
4.741423728813559002e+00 0.000000000000000000e+00
4.760542372881356066e+00 0.000000000000000000e+00
4.779661016949152241e+00 0.000000000000000000e+00
4.798779661016949305e+00 0.000000000000000000e+00
4.817898305084745481e+00 0.000000000000000000e+00
4.837016949152542544e+00 0.000000000000000000e+00
4.856135593220338720e+00 0.000000000000000000e+00
4.875254237288135784e+00 0.000000000000000000e+00
4.894372881355931959e+00 0.000000000000000000e+00
4.913491525423728135e+00 0.000000000000000000e+00
4.932610169491525198e+00 0.000000000000000000e+00
4.951728813559321374e+00 0.000000000000000000e+00
4.970847457627118438e+00 0.000000000000000000e+00
4.989966101694914613e+00 0.000000000000000000e+00
5.009084745762711677e+00 0.000000000000000000e+00
5.028203389830507852e+00 0.000000000000000000e+00
5.047322033898304916e+00 0.000000000000000000e+00
5.066440677966101092e+00 0.000000000000000000e+00
5.085559322033898155e+00 0.000000000000000000e+00
5.104677966101694331e+00 0.000000000000000000e+00
5.123796610169491395e+00 0.000000000000000000e+00
5.142915254237287570e+00 0.000000000000000000e+00
5.162033898305084634e+00 0.000000000000000000e+00
5.181152542372880809e+00 0.000000000000000000e+00
5.200271186440677873e+00 0.000000000000000000e+00
5.219389830508474049e+00 0.000000000000000000e+00
5.238508474576271112e+00 0.000000000000000000e+00
5.257627118644067288e+00 0.000000000000000000e+00
5.276745762711864352e+00 0.000000000000000000e+00
5.295864406779660527e+00 0.000000000000000000e+00
5.314983050847457591e+00 0.000000000000000000e+00
5.334101694915253766e+00 0.000000000000000000e+00
5.353220338983050830e+00 0.000000000000000000e+00
5.372338983050847006e+00 0.000000000000000000e+00
5.391457627118644069e+00 0.000000000000000000e+00
5.410576271186440245e+00 0.000000000000000000e+00
5.429694915254237308e+00 0.000000000000000000e+00
5.448813559322033484e+00 0.000000000000000000e+00
5.467932203389830548e+00 0.000000000000000000e+00
5.487050847457626723e+00 0.000000000000000000e+00
5.506169491525423787e+00 0.000000000000000000e+00
5.525288135593219963e+00 0.000000000000000000e+00
5.544406779661017026e+00 0.000000000000000000e+00
5.563525423728813202e+00 0.000000000000000000e+00
5.582644067796610265e+00 0.000000000000000000e+00
5.601762711864406441e+00 0.000000000000000000e+00
5.620881355932203505e+00 0.000000000000000000e+00
5.639999999999999680e+00 0.000000000000000000e+00
5.659118644067796744e+00 0.000000000000000000e+00
5.678237288135592920e+00 0.000000000000000000e+00
5.697355932203389983e+00 0.000000000000000000e+00
5.716474576271186159e+00 0.000000000000000000e+00
5.735593220338982334e+00 0.000000000000000000e+00
5.754711864406779398e+00 0.000000000000000000e+00
5.773830508474575574e+00 0.000000000000000000e+00
5.792949152542372637e+00 0.000000000000000000e+00
5.812067796610168813e+00 0.000000000000000000e+00
5.831186440677965876e+00 0.000000000000000000e+00
5.850305084745762052e+00 0.000000000000000000e+00
5.869423728813559116e+00 0.000000000000000000e+00
5.888542372881355291e+00 0.000000000000000000e+00
5.907661016949152355e+00 0.000000000000000000e+00
5.926779661016948531e+00 0.000000000000000000e+00
5.945898305084745594e+00 0.000000000000000000e+00
5.965016949152541770e+00 0.000000000000000000e+00
5.984135593220338833e+00 0.000000000000000000e+00
6.003254237288135009e+00 0.000000000000000000e+00
6.022372881355932073e+00 0.000000000000000000e+00
6.041491525423728248e+00 0.000000000000000000e+00
6.060610169491525312e+00 0.000000000000000000e+00
6.079728813559321488e+00 0.000000000000000000e+00
6.098847457627118551e+00 0.000000000000000000e+00
6.117966101694914727e+00 0.000000000000000000e+00
6.137084745762711790e+00 0.000000000000000000e+00
6.156203389830507966e+00 0.000000000000000000e+00
6.175322033898305030e+00 0.000000000000000000e+00
6.194440677966101205e+00 0.000000000000000000e+00
6.213559322033898269e+00 0.000000000000000000e+00
6.232677966101694444e+00 0.000000000000000000e+00
6.251796610169491508e+00 0.000000000000000000e+00
6.270915254237287684e+00 0.000000000000000000e+00
6.290033898305084747e+00 0.000000000000000000e+00
6.309152542372880923e+00 0.000000000000000000e+00
6.328271186440677987e+00 0.000000000000000000e+00
6.347389830508474162e+00 0.000000000000000000e+00
6.366508474576271226e+00 0.000000000000000000e+00
6.385627118644067401e+00 0.000000000000000000e+00
6.404745762711864465e+00 0.000000000000000000e+00
6.423864406779660641e+00 0.000000000000000000e+00
6.442983050847457704e+00 0.000000000000000000e+00
6.462101694915253880e+00 0.000000000000000000e+00
6.481220338983050944e+00 0.000000000000000000e+00
6.500338983050847119e+00 0.000000000000000000e+00
6.519457627118644183e+00 0.000000000000000000e+00
6.538576271186440358e+00 0.000000000000000000e+00
6.557694915254236534e+00 0.000000000000000000e+00
6.576813559322033598e+00 0.000000000000000000e+00
6.595932203389829773e+00 0.000000000000000000e+00
6.615050847457626837e+00 0.000000000000000000e+00
6.634169491525423012e+00 0.000000000000000000e+00
6.653288135593220076e+00 0.000000000000000000e+00
6.672406779661016252e+00 0.000000000000000000e+00
6.691525423728813315e+00 0.000000000000000000e+00
6.710644067796609491e+00 0.000000000000000000e+00
6.729762711864406555e+00 0.000000000000000000e+00
6.748881355932202730e+00 0.000000000000000000e+00
6.767999999999999794e+00 0.000000000000000000e+00
6.787118644067795969e+00 0.000000000000000000e+00
6.806237288135593033e+00 0.000000000000000000e+00
6.825355932203389209e+00 0.000000000000000000e+00
6.844474576271186272e+00 0.000000000000000000e+00
6.863593220338982448e+00 0.000000000000000000e+00
6.882711864406779512e+00 0.000000000000000000e+00
6.901830508474575687e+00 0.000000000000000000e+00
6.920949152542372751e+00 0.000000000000000000e+00
6.940067796610168926e+00 0.000000000000000000e+00
6.959186440677965990e+00 0.000000000000000000e+00
6.978305084745762166e+00 0.000000000000000000e+00
6.997423728813559229e+00 0.000000000000000000e+00
7.016542372881355405e+00 0.000000000000000000e+00
7.035661016949152469e+00 0.000000000000000000e+00
7.054779661016948644e+00 0.000000000000000000e+00
7.073898305084745708e+00 0.000000000000000000e+00
7.093016949152541883e+00 0.000000000000000000e+00
7.112135593220338947e+00 0.000000000000000000e+00
7.131254237288135123e+00 0.000000000000000000e+00
7.150372881355932186e+00 0.000000000000000000e+00
7.169491525423728362e+00 0.000000000000000000e+00
7.188610169491525426e+00 0.000000000000000000e+00
7.207728813559321601e+00 0.000000000000000000e+00
7.226847457627118665e+00 0.000000000000000000e+00
7.245966101694914840e+00 0.000000000000000000e+00
7.265084745762711904e+00 0.000000000000000000e+00
7.284203389830508080e+00 0.000000000000000000e+00
7.303322033898305143e+00 0.000000000000000000e+00
7.322440677966101319e+00 0.000000000000000000e+00
7.341559322033898383e+00 0.000000000000000000e+00
7.360677966101694558e+00 0.000000000000000000e+00
7.379796610169490734e+00 0.000000000000000000e+00
7.398915254237287797e+00 0.000000000000000000e+00
7.418033898305083973e+00 0.000000000000000000e+00
7.437152542372881037e+00 0.000000000000000000e+00
7.456271186440677212e+00 0.000000000000000000e+00
7.475389830508474276e+00 0.000000000000000000e+00
7.494508474576270451e+00 0.000000000000000000e+00
7.513627118644067515e+00 0.000000000000000000e+00
7.532745762711863691e+00 0.000000000000000000e+00
7.551864406779660754e+00 0.000000000000000000e+00
7.570983050847456930e+00 0.000000000000000000e+00
7.590101694915253994e+00 0.000000000000000000e+00
7.609220338983050169e+00 0.000000000000000000e+00
7.628338983050847233e+00 0.000000000000000000e+00
7.647457627118643408e+00 0.000000000000000000e+00
7.666576271186440472e+00 0.000000000000000000e+00
7.685694915254236648e+00 0.000000000000000000e+00
7.704813559322033711e+00 0.000000000000000000e+00
7.723932203389829887e+00 0.000000000000000000e+00
7.743050847457626951e+00 0.000000000000000000e+00
7.762169491525423126e+00 0.000000000000000000e+00
7.781288135593220190e+00 0.000000000000000000e+00
7.800406779661016365e+00 0.000000000000000000e+00
7.819525423728813429e+00 2.678571428571428423e-02
7.838644067796609605e+00 1.369047619047619180e-01
7.857762711864406668e+00 1.577380952380952328e-01
7.876881355932202844e+00 2.559523809523809312e-01
7.895999999999999908e+00 4.255952380952380820e-01
7.915118644067796083e+00 4.553571428571428492e-01
7.934237288135593147e+00 3.601190476190476164e-01
7.953355932203389322e+00 2.261904761904761918e-01
7.972474576271186386e+00 3.303571428571428492e-01
7.991593220338982562e+00 4.136904761904761640e-01
8.010711864406779625e+00 3.184523809523809312e-01
8.029830508474576689e+00 2.083333333333333426e-01
8.048949152542371976e+00 1.875000000000000000e-01
8.068067796610169040e+00 1.994047619047619180e-01
8.087186440677966104e+00 8.630952380952380820e-02
8.106305084745763168e+00 1.011904761904761918e-01
8.125423728813558455e+00 2.023809523809523836e-01
8.144542372881355519e+00 2.946428571428571508e-01
8.163661016949152582e+00 4.226190476190476164e-01
8.182779661016947870e+00 7.023809523809523281e-01
8.201898305084744933e+00 8.750000000000000000e-01
8.221016949152541997e+00 9.940476190476190688e-01
8.240135593220339061e+00 1.267857142857142794e+00
8.259254237288134348e+00 1.892857142857142794e+00
8.278372881355931412e+00 2.613095238095238138e+00
8.297491525423728476e+00 2.910714285714285587e+00
8.316610169491525539e+00 3.616071428571428381e+00
8.335728813559320827e+00 4.363095238095238138e+00
8.354847457627117890e+00 4.470238095238094900e+00
8.373966101694914954e+00 3.741071428571428381e+00
8.393084745762712018e+00 3.250000000000000000e+00
8.412203389830507305e+00 3.068452380952380931e+00
8.431322033898304369e+00 3.485119047619047450e+00
8.450440677966101433e+00 3.494047619047619069e+00
8.469559322033898496e+00 3.678571428571428381e+00
8.488677966101693784e+00 4.431547619047618625e+00
8.507796610169490847e+00 5.404761904761905100e+00
8.526915254237287911e+00 4.723214285714285587e+00
8.546033898305084975e+00 3.395833333333333481e+00
8.565152542372880262e+00 2.529761904761904656e+00
8.584271186440677326e+00 2.324404761904761862e+00
8.603389830508474390e+00 1.461309523809523725e+00
8.622508474576271453e+00 9.851190476190476719e-01
8.641627118644066741e+00 5.982142857142856984e-01
8.660745762711863804e+00 4.940476190476190688e-01
8.679864406779660868e+00 3.750000000000000000e-01
8.698983050847457932e+00 2.708333333333333148e-01
8.718101694915253219e+00 2.648809523809523836e-01
8.737220338983050283e+00 2.321428571428571508e-01
8.756338983050847347e+00 4.464285714285714385e-02
8.775457627118644410e+00 2.083333333333333218e-02
8.794576271186439698e+00 1.785714285714285615e-02
8.813694915254236761e+00 1.488095238095238013e-02
8.832813559322033825e+00 5.952380952380952051e-03
8.851932203389830889e+00 2.976190476190476025e-03
8.871050847457626176e+00 2.976190476190476025e-03
8.890169491525423240e+00 2.976190476190476025e-03
8.909288135593220304e+00 0.000000000000000000e+00
8.928406779661017367e+00 0.000000000000000000e+00
8.947525423728812655e+00 0.000000000000000000e+00
8.966644067796609718e+00 0.000000000000000000e+00
8.985762711864406782e+00 0.000000000000000000e+00
9.004881355932202069e+00 0.000000000000000000e+00
9.023999999999999133e+00 0.000000000000000000e+00
9.043118644067796197e+00 0.000000000000000000e+00
9.062237288135593261e+00 0.000000000000000000e+00
9.081355932203388548e+00 0.000000000000000000e+00
9.100474576271185612e+00 0.000000000000000000e+00
9.119593220338982675e+00 0.000000000000000000e+00
9.138711864406779739e+00 0.000000000000000000e+00
9.157830508474575026e+00 0.000000000000000000e+00
9.176949152542372090e+00 0.000000000000000000e+00
9.196067796610169154e+00 0.000000000000000000e+00
9.215186440677966218e+00 0.000000000000000000e+00
9.234305084745761505e+00 0.000000000000000000e+00
9.253423728813558569e+00 0.000000000000000000e+00
9.272542372881355632e+00 0.000000000000000000e+00
9.291661016949152696e+00 0.000000000000000000e+00
9.310779661016947983e+00 0.000000000000000000e+00
9.329898305084745047e+00 0.000000000000000000e+00
9.349016949152542111e+00 0.000000000000000000e+00
9.368135593220339175e+00 0.000000000000000000e+00
9.387254237288134462e+00 0.000000000000000000e+00
9.406372881355931526e+00 0.000000000000000000e+00
9.425491525423728589e+00 0.000000000000000000e+00
9.444610169491525653e+00 0.000000000000000000e+00
9.463728813559320940e+00 0.000000000000000000e+00
9.482847457627118004e+00 0.000000000000000000e+00
9.501966101694915068e+00 0.000000000000000000e+00
9.521084745762712132e+00 0.000000000000000000e+00
9.540203389830507419e+00 0.000000000000000000e+00
9.559322033898304483e+00 0.000000000000000000e+00
9.578440677966101546e+00 0.000000000000000000e+00
9.597559322033898610e+00 0.000000000000000000e+00
9.616677966101693897e+00 0.000000000000000000e+00
9.635796610169490961e+00 0.000000000000000000e+00
9.654915254237288025e+00 0.000000000000000000e+00
9.674033898305085089e+00 0.000000000000000000e+00
9.693152542372880376e+00 0.000000000000000000e+00
9.712271186440677440e+00 0.000000000000000000e+00
9.731389830508474503e+00 0.000000000000000000e+00
9.750508474576271567e+00 0.000000000000000000e+00
9.769627118644066854e+00 0.000000000000000000e+00
9.788745762711863918e+00 0.000000000000000000e+00
9.807864406779660982e+00 0.000000000000000000e+00
9.826983050847456269e+00 0.000000000000000000e+00
9.846101694915253333e+00 0.000000000000000000e+00
9.865220338983050397e+00 0.000000000000000000e+00
9.884338983050847460e+00 0.000000000000000000e+00
9.903457627118642748e+00 0.000000000000000000e+00
9.922576271186439811e+00 0.000000000000000000e+00
9.941694915254236875e+00 0.000000000000000000e+00
9.960813559322033939e+00 0.000000000000000000e+00
9.979932203389829226e+00 0.000000000000000000e+00
9.999050847457626290e+00 0.000000000000000000e+00
1.001816949152542335e+01 0.000000000000000000e+00
1.003728813559322042e+01 0.000000000000000000e+00
1.005640677966101570e+01 0.000000000000000000e+00
1.007552542372881277e+01 0.000000000000000000e+00
1.009464406779660983e+01 0.000000000000000000e+00
1.011376271186440690e+01 0.000000000000000000e+00
1.013288135593220218e+01 0.000000000000000000e+00
1.015199999999999925e+01 0.000000000000000000e+00
1.017111864406779631e+01 0.000000000000000000e+00
1.019023728813559337e+01 0.000000000000000000e+00
1.020935593220338866e+01 0.000000000000000000e+00
1.022847457627118573e+01 0.000000000000000000e+00
1.024759322033898279e+01 0.000000000000000000e+00
1.026671186440677985e+01 0.000000000000000000e+00
1.028583050847457514e+01 0.000000000000000000e+00
1.030494915254237220e+01 0.000000000000000000e+00
1.032406779661016927e+01 0.000000000000000000e+00
1.034318644067796633e+01 0.000000000000000000e+00
1.036230508474576162e+01 0.000000000000000000e+00
1.038142372881355868e+01 0.000000000000000000e+00
1.040054237288135575e+01 0.000000000000000000e+00
1.041966101694915281e+01 0.000000000000000000e+00
1.043877966101694810e+01 0.000000000000000000e+00
1.045789830508474516e+01 0.000000000000000000e+00
1.047701694915254222e+01 0.000000000000000000e+00
1.049613559322033929e+01 0.000000000000000000e+00
1.051525423728813458e+01 0.000000000000000000e+00
1.053437288135593164e+01 0.000000000000000000e+00
1.055349152542372870e+01 0.000000000000000000e+00
1.057261016949152577e+01 0.000000000000000000e+00
1.059172881355932105e+01 0.000000000000000000e+00
1.061084745762711812e+01 0.000000000000000000e+00
1.062996610169491518e+01 0.000000000000000000e+00
1.064908474576271047e+01 0.000000000000000000e+00
1.066820338983050753e+01 0.000000000000000000e+00
1.068732203389830460e+01 0.000000000000000000e+00
1.070644067796610166e+01 0.000000000000000000e+00
1.072555932203389695e+01 0.000000000000000000e+00
1.074467796610169401e+01 0.000000000000000000e+00
1.076379661016949107e+01 0.000000000000000000e+00
1.078291525423728814e+01 0.000000000000000000e+00
1.080203389830508343e+01 0.000000000000000000e+00
1.082115254237288049e+01 0.000000000000000000e+00
1.084027118644067755e+01 0.000000000000000000e+00
1.085938983050847462e+01 0.000000000000000000e+00
1.087850847457626990e+01 0.000000000000000000e+00
1.089762711864406697e+01 0.000000000000000000e+00
1.091674576271186403e+01 0.000000000000000000e+00
1.093586440677966110e+01 0.000000000000000000e+00
1.095498305084745638e+01 0.000000000000000000e+00
1.097410169491525345e+01 0.000000000000000000e+00
1.099322033898305051e+01 0.000000000000000000e+00
1.101233898305084757e+01 0.000000000000000000e+00
1.103145762711864286e+01 0.000000000000000000e+00
1.105057627118643993e+01 0.000000000000000000e+00
1.106969491525423699e+01 0.000000000000000000e+00
1.108881355932203405e+01 0.000000000000000000e+00
1.110793220338982934e+01 0.000000000000000000e+00
1.112705084745762640e+01 0.000000000000000000e+00
1.114616949152542347e+01 0.000000000000000000e+00
1.116528813559322053e+01 0.000000000000000000e+00
1.118440677966101582e+01 0.000000000000000000e+00
1.120352542372881288e+01 0.000000000000000000e+00
1.122264406779660995e+01 0.000000000000000000e+00
1.124176271186440701e+01 0.000000000000000000e+00
1.126088135593220230e+01 0.000000000000000000e+00
1.127999999999999936e+01 0.000000000000000000e+00
