0.000000000000000000e+00 6.249222797927460959e+01
3.164983164983164315e-02 5.377202072538860023e+01
6.329966329966328631e-02 3.716580310880829074e+01
9.494949494949492252e-02 2.480310880829015474e+01
1.265993265993265726e-01 2.080829015544041383e+01
1.582491582491582227e-01 1.761139896373056857e+01
1.898989898989898450e-01 1.281347150259067291e+01
2.215488215488214951e-01 9.362694300518134227e+00
2.531986531986531452e-01 1.094300518134715006e+01
2.848484848484847953e-01 1.036787564766839331e+01
3.164983164983164454e-01 5.450777202072538685e+00
3.481481481481480955e-01 3.310880829015544258e+00
3.797979797979796901e-01 3.943005181347150057e+00
4.114478114478113402e-01 4.849740932642487401e+00
4.430976430976429903e-01 4.103626943005181715e+00
4.747474747474746404e-01 2.134715025906735786e+00
5.063973063973062905e-01 2.668393782383419843e+00
5.380471380471378851e-01 4.502590673575129543e+00
5.696969696969695907e-01 5.077720207253886286e+00
6.013468013468011852e-01 3.880829015544041471e+00
6.329966329966328908e-01 4.041450777202072686e+00
6.646464646464644854e-01 4.300518134715026086e+00
6.962962962962961910e-01 3.544041450777202229e+00
7.279461279461277856e-01 1.445595854922279822e+00
7.595959595959593802e-01 1.450777202072538741e-01
7.912457912457910858e-01 4.145077720207254041e-02
8.228956228956226804e-01 1.088082901554404125e-01
8.545454545454543860e-01 0.000000000000000000e+00
8.861952861952859806e-01 0.000000000000000000e+00
9.178451178451176862e-01 0.000000000000000000e+00
9.494949494949492808e-01 0.000000000000000000e+00
9.811447811447809864e-01 0.000000000000000000e+00
1.012794612794612581e+00 0.000000000000000000e+00
1.044444444444444287e+00 0.000000000000000000e+00
1.076094276094275770e+00 0.000000000000000000e+00
1.107744107744107476e+00 0.000000000000000000e+00
1.139393939393939181e+00 0.000000000000000000e+00
1.171043771043770887e+00 0.000000000000000000e+00
1.202693602693602370e+00 0.000000000000000000e+00
1.234343434343434076e+00 0.000000000000000000e+00
1.265993265993265782e+00 0.000000000000000000e+00
1.297643097643097265e+00 0.000000000000000000e+00
1.329292929292928971e+00 0.000000000000000000e+00
1.360942760942760676e+00 0.000000000000000000e+00
1.392592592592592382e+00 0.000000000000000000e+00
1.424242424242423866e+00 0.000000000000000000e+00
1.455892255892255571e+00 0.000000000000000000e+00
1.487542087542087277e+00 0.000000000000000000e+00
1.519191919191918760e+00 0.000000000000000000e+00
1.550841750841750466e+00 0.000000000000000000e+00
1.582491582491582172e+00 0.000000000000000000e+00
1.614141414141413877e+00 0.000000000000000000e+00
1.645791245791245361e+00 0.000000000000000000e+00
1.677441077441077066e+00 0.000000000000000000e+00
1.709090909090908772e+00 0.000000000000000000e+00
1.740740740740740478e+00 0.000000000000000000e+00
1.772390572390571961e+00 0.000000000000000000e+00
1.804040404040403667e+00 0.000000000000000000e+00
1.835690235690235372e+00 0.000000000000000000e+00
1.867340067340066856e+00 0.000000000000000000e+00
1.898989898989898562e+00 0.000000000000000000e+00
1.930639730639730267e+00 0.000000000000000000e+00
1.962289562289561973e+00 0.000000000000000000e+00
1.993939393939393456e+00 0.000000000000000000e+00
2.025589225589225162e+00 0.000000000000000000e+00
2.057239057239056645e+00 0.000000000000000000e+00
2.088888888888888573e+00 0.000000000000000000e+00
2.120538720538720057e+00 0.000000000000000000e+00
2.152188552188551540e+00 0.000000000000000000e+00
2.183838383838383468e+00 0.000000000000000000e+00
2.215488215488214951e+00 0.000000000000000000e+00
2.247138047138046879e+00 0.000000000000000000e+00
2.278787878787878363e+00 0.000000000000000000e+00
2.310437710437709846e+00 0.000000000000000000e+00
2.342087542087541774e+00 0.000000000000000000e+00
2.373737373737373257e+00 0.000000000000000000e+00
2.405387205387204741e+00 0.000000000000000000e+00
2.437037037037036669e+00 0.000000000000000000e+00
2.468686868686868152e+00 0.000000000000000000e+00
2.500336700336699636e+00 0.000000000000000000e+00
2.531986531986531563e+00 0.000000000000000000e+00
2.563636363636363047e+00 0.000000000000000000e+00
2.595286195286194530e+00 0.000000000000000000e+00
2.626936026936026458e+00 0.000000000000000000e+00
2.658585858585857942e+00 0.000000000000000000e+00
2.690235690235689869e+00 0.000000000000000000e+00
2.721885521885521353e+00 0.000000000000000000e+00
2.753535353535352836e+00 0.000000000000000000e+00
2.785185185185184764e+00 0.000000000000000000e+00
2.816835016835016248e+00 0.000000000000000000e+00
2.848484848484847731e+00 0.000000000000000000e+00
2.880134680134679659e+00 0.000000000000000000e+00
2.911784511784511142e+00 0.000000000000000000e+00
2.943434343434342626e+00 0.000000000000000000e+00
2.975084175084174554e+00 0.000000000000000000e+00
3.006734006734006037e+00 0.000000000000000000e+00
3.038383838383837521e+00 0.000000000000000000e+00
3.070033670033669448e+00 0.000000000000000000e+00
3.101683501683500932e+00 0.000000000000000000e+00
3.133333333333332860e+00 0.000000000000000000e+00
3.164983164983164343e+00 0.000000000000000000e+00
3.196632996632995827e+00 0.000000000000000000e+00
3.228282828282827754e+00 0.000000000000000000e+00
3.259932659932659238e+00 0.000000000000000000e+00
3.291582491582490722e+00 0.000000000000000000e+00
3.323232323232322649e+00 0.000000000000000000e+00
3.354882154882154133e+00 0.000000000000000000e+00
3.386531986531985616e+00 0.000000000000000000e+00
3.418181818181817544e+00 0.000000000000000000e+00
3.449831649831649028e+00 0.000000000000000000e+00
3.481481481481480955e+00 0.000000000000000000e+00
3.513131313131312439e+00 0.000000000000000000e+00
3.544781144781143922e+00 0.000000000000000000e+00
3.576430976430975850e+00 0.000000000000000000e+00
3.608080808080807333e+00 0.000000000000000000e+00
3.639730639730638817e+00 0.000000000000000000e+00
3.671380471380470745e+00 0.000000000000000000e+00
3.703030303030302228e+00 0.000000000000000000e+00
3.734680134680133712e+00 0.000000000000000000e+00
3.766329966329965639e+00 0.000000000000000000e+00
3.797979797979797123e+00 0.000000000000000000e+00
3.829629629629628607e+00 0.000000000000000000e+00
3.861279461279460534e+00 0.000000000000000000e+00
3.892929292929292018e+00 0.000000000000000000e+00
3.924579124579123945e+00 0.000000000000000000e+00
3.956228956228955429e+00 0.000000000000000000e+00
3.987878787878786913e+00 0.000000000000000000e+00
4.019528619528618840e+00 0.000000000000000000e+00
4.051178451178450324e+00 0.000000000000000000e+00
4.082828282828281807e+00 0.000000000000000000e+00
4.114478114478113291e+00 0.000000000000000000e+00
4.146127946127945663e+00 0.000000000000000000e+00
4.177777777777777146e+00 0.000000000000000000e+00
4.209427609427608630e+00 0.000000000000000000e+00
4.241077441077440113e+00 0.000000000000000000e+00
4.272727272727271597e+00 0.000000000000000000e+00
4.304377104377103080e+00 0.000000000000000000e+00
4.336026936026935452e+00 0.000000000000000000e+00
4.367676767676766936e+00 0.000000000000000000e+00
4.399326599326598419e+00 0.000000000000000000e+00
4.430976430976429903e+00 0.000000000000000000e+00
4.462626262626261386e+00 0.000000000000000000e+00
4.494276094276093758e+00 0.000000000000000000e+00
4.525925925925925242e+00 0.000000000000000000e+00
4.557575757575756725e+00 0.000000000000000000e+00
4.589225589225588209e+00 0.000000000000000000e+00
4.620875420875419692e+00 0.000000000000000000e+00
4.652525252525251176e+00 0.000000000000000000e+00
4.684175084175083548e+00 0.000000000000000000e+00
4.715824915824915031e+00 0.000000000000000000e+00
4.747474747474746515e+00 0.000000000000000000e+00
4.779124579124577998e+00 0.000000000000000000e+00
4.810774410774409482e+00 0.000000000000000000e+00
4.842424242424240965e+00 0.000000000000000000e+00
4.874074074074073337e+00 0.000000000000000000e+00
4.905723905723904821e+00 0.000000000000000000e+00
4.937373737373736304e+00 0.000000000000000000e+00
4.969023569023567788e+00 0.000000000000000000e+00
5.000673400673399271e+00 0.000000000000000000e+00
5.032323232323231643e+00 0.000000000000000000e+00
5.063973063973063127e+00 0.000000000000000000e+00
5.095622895622894610e+00 0.000000000000000000e+00
5.127272727272726094e+00 0.000000000000000000e+00
5.158922558922557577e+00 0.000000000000000000e+00
5.190572390572389061e+00 0.000000000000000000e+00
5.222222222222221433e+00 0.000000000000000000e+00
5.253872053872052916e+00 0.000000000000000000e+00
5.285521885521884400e+00 0.000000000000000000e+00
5.317171717171715883e+00 0.000000000000000000e+00
5.348821548821547367e+00 0.000000000000000000e+00
5.380471380471379739e+00 0.000000000000000000e+00
5.412121212121211222e+00 0.000000000000000000e+00
5.443771043771042706e+00 0.000000000000000000e+00
5.475420875420874189e+00 0.000000000000000000e+00
5.507070707070705673e+00 0.000000000000000000e+00
5.538720538720537157e+00 0.000000000000000000e+00
5.570370370370369528e+00 0.000000000000000000e+00
5.602020202020201012e+00 0.000000000000000000e+00
5.633670033670032495e+00 0.000000000000000000e+00
5.665319865319863979e+00 0.000000000000000000e+00
5.696969696969695462e+00 0.000000000000000000e+00
5.728619528619527834e+00 0.000000000000000000e+00
5.760269360269359318e+00 0.000000000000000000e+00
5.791919191919190801e+00 0.000000000000000000e+00
5.823569023569022285e+00 0.000000000000000000e+00
5.855218855218853768e+00 0.000000000000000000e+00
5.886868686868685252e+00 0.000000000000000000e+00
5.918518518518517624e+00 0.000000000000000000e+00
5.950168350168349107e+00 0.000000000000000000e+00
5.981818181818180591e+00 0.000000000000000000e+00
6.013468013468012074e+00 0.000000000000000000e+00
6.045117845117843558e+00 0.000000000000000000e+00
6.076767676767675042e+00 0.000000000000000000e+00
6.108417508417507413e+00 0.000000000000000000e+00
6.140067340067338897e+00 0.000000000000000000e+00
6.171717171717170380e+00 0.000000000000000000e+00
6.203367003367001864e+00 0.000000000000000000e+00
6.235016835016833348e+00 0.000000000000000000e+00
6.266666666666665719e+00 0.000000000000000000e+00
6.298316498316497203e+00 0.000000000000000000e+00
6.329966329966328686e+00 0.000000000000000000e+00
6.361616161616160170e+00 0.000000000000000000e+00
6.393265993265991654e+00 0.000000000000000000e+00
6.424915824915823137e+00 0.000000000000000000e+00
6.456565656565655509e+00 0.000000000000000000e+00
6.488215488215486992e+00 0.000000000000000000e+00
6.519865319865318476e+00 0.000000000000000000e+00
6.551515151515149959e+00 0.000000000000000000e+00
6.583164983164981443e+00 0.000000000000000000e+00
6.614814814814813815e+00 0.000000000000000000e+00
6.646464646464645298e+00 0.000000000000000000e+00
6.678114478114476782e+00 0.000000000000000000e+00
6.709764309764308265e+00 0.000000000000000000e+00
6.741414141414139749e+00 0.000000000000000000e+00
6.773063973063971233e+00 0.000000000000000000e+00
6.804713804713803604e+00 0.000000000000000000e+00
6.836363636363635088e+00 0.000000000000000000e+00
6.868013468013466571e+00 0.000000000000000000e+00
6.899663299663298055e+00 0.000000000000000000e+00
6.931313131313129539e+00 0.000000000000000000e+00
6.962962962962961910e+00 0.000000000000000000e+00
6.994612794612793394e+00 0.000000000000000000e+00
7.026262626262624877e+00 0.000000000000000000e+00
7.057912457912456361e+00 0.000000000000000000e+00
7.089562289562287845e+00 0.000000000000000000e+00
7.121212121212119328e+00 0.000000000000000000e+00
7.152861952861951700e+00 0.000000000000000000e+00
7.184511784511783183e+00 0.000000000000000000e+00
7.216161616161614667e+00 0.000000000000000000e+00
7.247811447811446151e+00 0.000000000000000000e+00
7.279461279461277634e+00 0.000000000000000000e+00
7.311111111111110006e+00 0.000000000000000000e+00
7.342760942760941489e+00 0.000000000000000000e+00
7.374410774410772973e+00 0.000000000000000000e+00
7.406060606060604457e+00 0.000000000000000000e+00
7.437710437710435940e+00 0.000000000000000000e+00
7.469360269360267424e+00 0.000000000000000000e+00
7.501010101010099795e+00 0.000000000000000000e+00
7.532659932659931279e+00 0.000000000000000000e+00
7.564309764309762762e+00 0.000000000000000000e+00
7.595959595959594246e+00 0.000000000000000000e+00
7.627609427609425730e+00 0.000000000000000000e+00
7.659259259259257213e+00 0.000000000000000000e+00
7.690909090909089585e+00 0.000000000000000000e+00
7.722558922558921068e+00 0.000000000000000000e+00
7.754208754208752552e+00 0.000000000000000000e+00
7.785858585858584036e+00 0.000000000000000000e+00
7.817508417508415519e+00 0.000000000000000000e+00
7.849158249158247891e+00 0.000000000000000000e+00
7.880808080808079374e+00 0.000000000000000000e+00
7.912457912457910858e+00 0.000000000000000000e+00
7.944107744107742342e+00 0.000000000000000000e+00
7.975757575757573825e+00 0.000000000000000000e+00
8.007407407407406197e+00 0.000000000000000000e+00
8.039057239057237680e+00 0.000000000000000000e+00
8.070707070707069164e+00 0.000000000000000000e+00
8.102356902356900648e+00 0.000000000000000000e+00
8.134006734006732131e+00 0.000000000000000000e+00
8.165656565656563615e+00 0.000000000000000000e+00
8.197306397306395098e+00 0.000000000000000000e+00
8.228956228956226582e+00 0.000000000000000000e+00
8.260606060606058065e+00 0.000000000000000000e+00
8.292255892255891325e+00 0.000000000000000000e+00
8.323905723905722809e+00 0.000000000000000000e+00
8.355555555555554292e+00 0.000000000000000000e+00
8.387205387205385776e+00 0.000000000000000000e+00
8.418855218855217259e+00 0.000000000000000000e+00
8.450505050505048743e+00 0.000000000000000000e+00
8.482154882154880227e+00 0.000000000000000000e+00
8.513804713804711710e+00 0.000000000000000000e+00
8.545454545454543194e+00 0.000000000000000000e+00
8.577104377104374677e+00 0.000000000000000000e+00
8.608754208754206161e+00 0.000000000000000000e+00
8.640404040404039421e+00 0.000000000000000000e+00
8.672053872053870904e+00 0.000000000000000000e+00
8.703703703703702388e+00 0.000000000000000000e+00
8.735353535353533871e+00 0.000000000000000000e+00
8.767003367003365355e+00 0.000000000000000000e+00
8.798653198653196839e+00 0.000000000000000000e+00
8.830303030303028322e+00 0.000000000000000000e+00
8.861952861952859806e+00 0.000000000000000000e+00
8.893602693602691289e+00 0.000000000000000000e+00
8.925252525252522773e+00 0.000000000000000000e+00
8.956902356902354256e+00 0.000000000000000000e+00
8.988552188552187516e+00 0.000000000000000000e+00
9.020202020202019000e+00 0.000000000000000000e+00
9.051851851851850483e+00 0.000000000000000000e+00
9.083501683501681967e+00 0.000000000000000000e+00
9.115151515151513451e+00 0.000000000000000000e+00
9.146801346801344934e+00 0.000000000000000000e+00
9.178451178451176418e+00 0.000000000000000000e+00
9.210101010101007901e+00 0.000000000000000000e+00
9.241750841750839385e+00 0.000000000000000000e+00
9.273400673400670868e+00 0.000000000000000000e+00
9.305050505050502352e+00 0.000000000000000000e+00
9.336700336700335612e+00 0.000000000000000000e+00
9.368350168350167095e+00 0.000000000000000000e+00
9.399999999999998579e+00 0.000000000000000000e+00
9.431649831649830062e+00 0.000000000000000000e+00
9.463299663299661546e+00 4.145077720207254041e-02
9.494949494949493030e+00 7.253886010362693704e-02
9.526599326599324513e+00 7.772020725388600892e-02
9.558249158249155997e+00 5.181347150259067030e-02
9.589898989898987480e+00 1.036269430051813510e-02
9.621548821548818964e+00 1.036269430051813510e-02
9.653198653198650447e+00 1.036269430051813510e-02
9.684848484848481931e+00 3.108808290155440357e-02
9.716498316498315191e+00 4.352331606217616500e-01
9.748148148148146674e+00 6.580310880829015607e-01
9.779797979797978158e+00 2.865284974093264214e+00
9.811447811447809642e+00 7.062176165803109029e+00
9.843097643097641125e+00 1.359067357512953400e+01
9.874747474747472609e+00 1.643523316062176320e+01
9.906397306397304092e+00 1.788082901554404103e+01
9.938047138047135576e+00 1.992746113989637280e+01
9.969696969696967059e+00 2.668911917098445485e+01
1.000134680134679854e+01 3.341450777202072686e+01
1.003299663299663003e+01 3.909326424870466354e+01
1.006464646464646329e+01 4.241968911917098239e+01
1.009629629629629477e+01 4.865284974093264481e+01
1.012794612794612625e+01 5.324870466321243612e+01
1.015959595959595774e+01 5.603626943005181005e+01
1.019124579124578922e+01 5.900000000000000000e+01
1.022289562289562070e+01 6.335233160621761783e+01
1.025454545454545219e+01 6.641450777202072686e+01
1.028619528619528367e+01 6.895336787564767178e+01
1.031784511784511515e+01 7.042487046632123793e+01
1.034949494949494664e+01 7.332124352331605621e+01
1.038114478114477812e+01 7.480829015544041738e+01
1.041279461279461138e+01 7.450259067357512777e+01
1.044444444444444287e+01 7.340414507772020158e+01
1.047609427609427435e+01 7.492746113989637990e+01
1.050774410774410583e+01 7.622797927461139977e+01
1.053939393939393732e+01 7.727461139896372799e+01
1.057104377104376880e+01 7.561658031088083476e+01
1.060269360269360028e+01 7.350777202072538330e+01
1.063434343434343177e+01 7.412953367875647359e+01
1.066599326599326325e+01 7.338860103626943499e+01
1.069764309764309473e+01 7.069948186528498013e+01
1.072929292929292622e+01 6.849740932642487223e+01
1.076094276094275948e+01 6.848704663212434696e+01
1.079259259259259096e+01 6.960103626943005395e+01
1.082424242424242244e+01 6.946113989637305508e+01
1.085589225589225393e+01 6.546113989637305508e+01
1.088754208754208541e+01 6.247150259067357325e+01
1.091919191919191690e+01 5.896373056994818995e+01
1.095084175084174838e+01 5.477720207253886286e+01
1.098249158249157986e+01 5.052849740932642675e+01
1.101414141414141135e+01 4.935233160621761783e+01
1.104579124579124283e+01 4.814507772020725440e+01
1.107744107744107431e+01 4.658549222797927314e+01
1.110909090909090757e+01 4.100518134715025553e+01
1.114074074074073906e+01 3.633678756476683702e+01
1.117239057239057054e+01 3.424352331606217348e+01
1.120404040404040202e+01 3.393264248704663544e+01
1.123569023569023351e+01 3.161139896373056857e+01
1.126734006734006499e+01 2.682383419689119108e+01
1.129898989898989647e+01 2.272020725388600937e+01
1.133063973063972796e+01 1.953367875647668228e+01
1.136228956228955944e+01 1.612953367875647714e+01
1.139393939393939092e+01 1.501554404145077726e+01
1.142558922558922241e+01 1.253886010362694314e+01
1.145723905723905567e+01 1.069948186528497480e+01
1.148888888888888715e+01 7.155440414507771685e+00
1.152053872053871864e+01 4.720207253886010257e+00
1.155218855218855012e+01 2.658031088082901672e+00
1.158383838383838160e+01 1.642487046632124414e+00
1.161548821548821309e+01 7.409326424870465999e-01
1.164713804713804457e+01 5.544041450777201785e-01
1.167878787878787605e+01 4.870466321243523411e-01
1.171043771043770754e+01 4.766839378238341696e-01
1.174208754208753902e+01 0.000000000000000000e+00
1.177373737373737050e+01 0.000000000000000000e+00
1.180538720538720376e+01 0.000000000000000000e+00
1.183703703703703525e+01 0.000000000000000000e+00
1.186868686868686673e+01 0.000000000000000000e+00
1.190033670033669821e+01 0.000000000000000000e+00
1.193198653198652970e+01 0.000000000000000000e+00
1.196363636363636118e+01 0.000000000000000000e+00
1.199528619528619267e+01 0.000000000000000000e+00
1.202693602693602415e+01 0.000000000000000000e+00
1.205858585858585563e+01 0.000000000000000000e+00
1.209023569023568712e+01 0.000000000000000000e+00
1.212188552188551860e+01 0.000000000000000000e+00
1.215353535353535008e+01 0.000000000000000000e+00
1.218518518518518334e+01 0.000000000000000000e+00
1.221683501683501483e+01 0.000000000000000000e+00
1.224848484848484631e+01 0.000000000000000000e+00
1.228013468013467779e+01 0.000000000000000000e+00
1.231178451178450928e+01 0.000000000000000000e+00
1.234343434343434076e+01 0.000000000000000000e+00
1.237508417508417224e+01 0.000000000000000000e+00
1.240673400673400373e+01 0.000000000000000000e+00
1.243838383838383521e+01 0.000000000000000000e+00
1.247003367003366670e+01 0.000000000000000000e+00
1.250168350168349818e+01 0.000000000000000000e+00
1.253333333333333144e+01 0.000000000000000000e+00
1.256498316498316292e+01 0.000000000000000000e+00
1.259663299663299441e+01 0.000000000000000000e+00
1.262828282828282589e+01 0.000000000000000000e+00
1.265993265993265737e+01 0.000000000000000000e+00
1.269158249158248886e+01 0.000000000000000000e+00
1.272323232323232034e+01 0.000000000000000000e+00
1.275488215488215182e+01 0.000000000000000000e+00
1.278653198653198331e+01 0.000000000000000000e+00
1.281818181818181479e+01 0.000000000000000000e+00
1.284983164983164627e+01 0.000000000000000000e+00
1.288148148148147953e+01 0.000000000000000000e+00
1.291313131313131102e+01 0.000000000000000000e+00
1.294478114478114250e+01 0.000000000000000000e+00
1.297643097643097398e+01 0.000000000000000000e+00
1.300808080808080547e+01 0.000000000000000000e+00
1.303973063973063695e+01 0.000000000000000000e+00
1.307138047138046844e+01 0.000000000000000000e+00
1.310303030303029992e+01 0.000000000000000000e+00
1.313468013468013140e+01 0.000000000000000000e+00
1.316632996632996289e+01 0.000000000000000000e+00
1.319797979797979437e+01 0.000000000000000000e+00
1.322962962962962763e+01 0.000000000000000000e+00
1.326127946127945911e+01 0.000000000000000000e+00
1.329292929292929060e+01 0.000000000000000000e+00
1.332457912457912208e+01 0.000000000000000000e+00
1.335622895622895356e+01 0.000000000000000000e+00
1.338787878787878505e+01 0.000000000000000000e+00
1.341952861952861653e+01 0.000000000000000000e+00
1.345117845117844801e+01 0.000000000000000000e+00
1.348282828282827950e+01 0.000000000000000000e+00
1.351447811447811098e+01 0.000000000000000000e+00
1.354612794612794247e+01 0.000000000000000000e+00
1.357777777777777573e+01 0.000000000000000000e+00
1.360942760942760721e+01 0.000000000000000000e+00
1.364107744107743869e+01 0.000000000000000000e+00
1.367272727272727018e+01 0.000000000000000000e+00
1.370437710437710166e+01 0.000000000000000000e+00
1.373602693602693314e+01 0.000000000000000000e+00
1.376767676767676463e+01 0.000000000000000000e+00
1.379932659932659611e+01 0.000000000000000000e+00
1.383097643097642759e+01 0.000000000000000000e+00
1.386262626262625908e+01 0.000000000000000000e+00
1.389427609427609056e+01 0.000000000000000000e+00
1.392592592592592382e+01 0.000000000000000000e+00
1.395757575757575530e+01 0.000000000000000000e+00
1.398922558922558679e+01 0.000000000000000000e+00
1.402087542087541827e+01 5.181347150259067551e-03
1.405252525252524975e+01 1.554404145077720178e-02
1.408417508417508124e+01 5.699481865284974219e-02
1.411582491582491272e+01 8.290155440414508081e-02
1.414747474747474421e+01 4.145077720207254041e-02
1.417912457912457569e+01 2.072538860103627020e-02
1.421077441077440717e+01 2.072538860103627020e-02
1.424242424242423866e+01 4.145077720207254041e-02
1.427407407407407192e+01 0.000000000000000000e+00
1.430572390572390340e+01 0.000000000000000000e+00
1.433737373737373488e+01 0.000000000000000000e+00
1.436902356902356637e+01 0.000000000000000000e+00
1.440067340067339785e+01 0.000000000000000000e+00
1.443232323232322933e+01 0.000000000000000000e+00
1.446397306397306082e+01 0.000000000000000000e+00
1.449562289562289230e+01 0.000000000000000000e+00
1.452727272727272378e+01 0.000000000000000000e+00
1.455892255892255527e+01 0.000000000000000000e+00
1.459057239057238675e+01 0.000000000000000000e+00
1.462222222222222001e+01 0.000000000000000000e+00
1.465387205387205150e+01 0.000000000000000000e+00
1.468552188552188298e+01 0.000000000000000000e+00
1.471717171717171446e+01 0.000000000000000000e+00
1.474882154882154595e+01 0.000000000000000000e+00
1.478047138047137743e+01 0.000000000000000000e+00
1.481212121212120891e+01 0.000000000000000000e+00
1.484377104377104040e+01 0.000000000000000000e+00
1.487542087542087188e+01 0.000000000000000000e+00
1.490707070707070336e+01 0.000000000000000000e+00
1.493872053872053485e+01 0.000000000000000000e+00
1.497037037037036633e+01 0.000000000000000000e+00
1.500202020202019959e+01 0.000000000000000000e+00
1.503367003367003107e+01 0.000000000000000000e+00
1.506531986531986256e+01 0.000000000000000000e+00
1.509696969696969404e+01 0.000000000000000000e+00
1.512861952861952552e+01 0.000000000000000000e+00
1.516026936026935701e+01 0.000000000000000000e+00
1.519191919191918849e+01 0.000000000000000000e+00
1.522356902356901998e+01 0.000000000000000000e+00
1.525521885521885146e+01 0.000000000000000000e+00
1.528686868686868294e+01 0.000000000000000000e+00
1.531851851851851443e+01 0.000000000000000000e+00
1.535016835016834769e+01 0.000000000000000000e+00
1.538181818181817917e+01 0.000000000000000000e+00
1.541346801346801065e+01 0.000000000000000000e+00
1.544511784511784214e+01 0.000000000000000000e+00
1.547676767676767362e+01 0.000000000000000000e+00
1.550841750841750510e+01 0.000000000000000000e+00
1.554006734006733659e+01 0.000000000000000000e+00
1.557171717171716807e+01 0.000000000000000000e+00
1.560336700336699955e+01 0.000000000000000000e+00
1.563501683501683104e+01 4.145077720207254041e-02
1.566666666666666252e+01 4.145077720207254041e-02
1.569831649831649578e+01 0.000000000000000000e+00
1.572996632996632727e+01 0.000000000000000000e+00
1.576161616161615875e+01 0.000000000000000000e+00
1.579326599326599023e+01 0.000000000000000000e+00
1.582491582491582172e+01 0.000000000000000000e+00
1.585656565656565320e+01 0.000000000000000000e+00
1.588821548821548468e+01 0.000000000000000000e+00
1.591986531986531617e+01 0.000000000000000000e+00
1.595151515151514765e+01 1.036269430051813510e-02
1.598316498316497913e+01 3.108808290155440357e-02
1.601481481481481239e+01 4.663212435233160535e-02
1.604646464646464210e+01 5.181347150259067030e-02
1.607811447811447536e+01 5.181347150259067030e-02
1.610976430976430507e+01 5.181347150259067030e-02
1.614141414141413833e+01 5.181347150259067030e-02
1.617306397306396804e+01 0.000000000000000000e+00
1.620471380471380130e+01 2.590673575129533515e-02
1.623636363636363455e+01 9.844559585492228260e-02
1.626801346801346426e+01 1.502590673575129598e-01
1.629966329966329752e+01 0.000000000000000000e+00
1.633131313131312723e+01 0.000000000000000000e+00
1.636296296296296049e+01 0.000000000000000000e+00
1.639461279461279020e+01 0.000000000000000000e+00
1.642626262626262346e+01 0.000000000000000000e+00
1.645791245791245316e+01 0.000000000000000000e+00
1.648956228956228642e+01 0.000000000000000000e+00
1.652121212121211613e+01 0.000000000000000000e+00
1.655286195286194939e+01 0.000000000000000000e+00
1.658451178451178265e+01 0.000000000000000000e+00
1.661616161616161236e+01 0.000000000000000000e+00
1.664781144781144562e+01 0.000000000000000000e+00
1.667946127946127532e+01 0.000000000000000000e+00
1.671111111111110858e+01 0.000000000000000000e+00
1.674276094276093829e+01 0.000000000000000000e+00
1.677441077441077155e+01 0.000000000000000000e+00
1.680606060606060126e+01 1.036269430051813510e-02
1.683771043771043452e+01 1.036269430051813510e-02
1.686936026936026423e+01 1.036269430051813510e-02
1.690101010101009749e+01 1.036269430051813510e-02
1.693265993265993075e+01 1.036269430051813510e-02
1.696430976430976045e+01 1.036269430051813510e-02
1.699595959595959371e+01 1.036269430051813510e-02
1.702760942760942342e+01 1.036269430051813510e-02
1.705925925925925668e+01 9.326424870466321071e-02
1.709090909090908639e+01 7.253886010362693704e-02
1.712255892255891965e+01 6.735751295336787903e-02
1.715420875420874935e+01 7.253886010362693704e-02
1.718585858585858261e+01 0.000000000000000000e+00
1.721750841750841232e+01 0.000000000000000000e+00
1.724915824915824558e+01 0.000000000000000000e+00
1.728080808080807884e+01 0.000000000000000000e+00
1.731245791245790855e+01 0.000000000000000000e+00
1.734410774410774181e+01 0.000000000000000000e+00
1.737575757575757152e+01 0.000000000000000000e+00
1.740740740740740478e+01 0.000000000000000000e+00
1.743905723905723448e+01 0.000000000000000000e+00
1.747070707070706774e+01 0.000000000000000000e+00
1.750235690235689745e+01 0.000000000000000000e+00
1.753400673400673071e+01 0.000000000000000000e+00
1.756565656565656042e+01 0.000000000000000000e+00
1.759730639730639368e+01 0.000000000000000000e+00
1.762895622895622694e+01 0.000000000000000000e+00
1.766060606060605664e+01 0.000000000000000000e+00
1.769225589225588990e+01 0.000000000000000000e+00
1.772390572390571961e+01 0.000000000000000000e+00
1.775555555555555287e+01 0.000000000000000000e+00
1.778720538720538258e+01 0.000000000000000000e+00
1.781885521885521584e+01 0.000000000000000000e+00
1.785050505050504555e+01 0.000000000000000000e+00
1.788215488215487881e+01 0.000000000000000000e+00
1.791380471380470851e+01 0.000000000000000000e+00
1.794545454545454177e+01 0.000000000000000000e+00
1.797710437710437503e+01 0.000000000000000000e+00
1.800875420875420474e+01 0.000000000000000000e+00
1.804040404040403800e+01 0.000000000000000000e+00
1.807205387205386771e+01 1.036269430051813510e-02
1.810370370370370097e+01 1.036269430051813510e-02
1.813535353535353067e+01 1.036269430051813510e-02
1.816700336700336393e+01 1.036269430051813510e-02
1.819865319865319364e+01 1.036269430051813510e-02
1.823030303030302690e+01 1.036269430051813510e-02
1.826195286195285661e+01 1.036269430051813510e-02
1.829360269360268987e+01 1.036269430051813510e-02
1.832525252525252313e+01 2.590673575129533515e-02
1.835690235690235284e+01 2.590673575129533515e-02
1.838855218855218610e+01 2.590673575129533515e-02
1.842020202020201580e+01 3.108808290155440357e-02
1.845185185185184906e+01 3.108808290155440357e-02
1.848350168350167877e+01 2.590673575129533515e-02
1.851515151515151203e+01 2.590673575129533515e-02
1.854680134680134174e+01 2.590673575129533515e-02
1.857845117845117500e+01 0.000000000000000000e+00
1.861010101010100470e+01 0.000000000000000000e+00
1.864175084175083796e+01 0.000000000000000000e+00
1.867340067340067122e+01 0.000000000000000000e+00
1.870505050505050093e+01 0.000000000000000000e+00
1.873670033670033419e+01 0.000000000000000000e+00
1.876835016835016390e+01 0.000000000000000000e+00
1.879999999999999716e+01 0.000000000000000000e+00
