3.364041604754829,0.16506946438425207
3.352154531946508,0.16045217492643418
3.340267459138187,0.15843081140834792
3.340267459138187,0.15147067327394867
3.2808320950965824,0.14925358910421152
3.2808320950965824,0.14776818382052526
3.2689450222882614,0.15390725048971735
3.2689450222882614,0.16463434421135567
3.2332838038632987,0.14725412197182533
3.2095096582466565,0.139842412857355
3.2095096582466565,0.13651917836752078
3.1976225854383356,0.1426101025402016
3.1976225854383356,0.14230861037933
3.161961367013373,0.14183098649514445
3.161961367013373,0.14287723849526476
3.150074294205052,0.15083582810590063
3.138187221396731,0.1458577745866922
3.12630014858841,0.1453937555571982
3.078751857355126,0.15808787557146517
3.078751857355126,0.16543096988862202
3.0074294205052006,0.16174478281252513
2.9955423476968797,0.12903774479201258
2.9955423476968797,0.12520424687868073
2.9836552748885588,0.10265887833965351
2.9836552748885588,0.11622350169984456
2.9836552748885588,0.12521324156723074
2.9717682020802374,0.13631961150461117
2.912332838038633,0.14045634401147494
2.912332838038633,0.12750984253134204
2.912332838038633,0.13010961445761285
2.900445765230312,0.12127304297028747
2.87667161961367,0.13413236276281243
2.864784546805349,0.12427915541350883
2.829123328380386,0.13851463054592072
2.8053491827637442,0.13605438647742626
2.8053491827637442,0.12489341199599265
2.7934621099554233,0.12007755035999636
2.7815750371471024,0.1370747003779865
2.7221396731054974,0.131495194384925
2.7221396731054974,0.11408261733247295
2.7221396731054974,0.09754325691081202
2.7102526002971765,0.09112784122560745
2.7102526002971765,0.09194399334656185
2.6983655274888556,0.09385609852226728
2.6864784546805347,0.10299910685506515
2.674591381872214,0.11580333965477105
2.662704309063893,0.12812397049311958
2.6151560178306092,0.13155852732375747
2.579494799405646,0.11437929119949904
2.579494799405646,0.09077864905910862
2.5557206537890043,0.0892137163266847
2.5557206537890043,0.09064701727950104
2.5438335809806834,0.09277270552462731
2.5319465081723624,0.09476735716574887
2.4962852897473997,0.12363488490875282
2.4487369985141156,0.10941964591110435
2.4487369985141156,0.09508877454443171
2.424962852897474,0.08552877246316991
2.413075780089153,0.08901770684335125
2.413075780089153,0.09508868265694342
2.389301634472511,0.09801060875083499
2.37741456166419,0.0911650290209577
2.3536404160475484,0.09041263882034874
2.341753343239227,0.0909294246970918
2.317979197622585,0.10205980151078382
2.317979197622585,0.1008150782641093
2.2823179791976225,0.09837219768632434
2.2704309063893016,0.07434755724818791
2.2585438335809807,0.07753122893307977
2.234769687964339,0.07828195384544134
2.222882615156018,0.08074929085353216
2.2109955423476966,0.08612926701428553
2.175334323922734,0.09036828247767104
2.139673105497771,0.08346289010859893
2.12778603268945,0.06982585060072467
2.12778603268945,0.07211606879854181
2.1158989598811293,0.08488650611344149
2.1040118870728084,0.09735216894202824
2.0683506686478452,0.0849173626958243
2.0564635958395243,0.07544537213184169
2.0445765230312034,0.08073940222348845
2.0089153046062407,0.09384328726941579
2.0089153046062407,0.09570098255296301
1.9851411589895986,0.08687728935140217
1.9851411589895986,0.0793999526243718
1.9732540861812777,0.08000475692178181
1.9732540861812777,0.0836089125905917
1.949479940564636,0.08790275555400527
1.937592867756315,0.08790962573450127
1.9257057949479939,0.08710601069383889
1.9257057949479939,0.08933159538112118
1.901931649331352,0.08882752133059683
1.901931649331352,0.0873207265080508
1.901931649331352,0.08766498586087396
1.8900445765230312,0.08719490731642646
1.8781575037147102,0.088858709108121
1.8424962852897473,0.08893152292143104
1.8306092124814264,0.08009927833902002
1.8068350668647843,0.08827998250608944
1.7711738484398216,0.07961394626486551
1.7711738484398216,0.07364363799161125
1.7355126300148587,0.0933244285110753
1.699851411589896,0.08738865422655225
1.687964338781575,0.08492010049351416
1.676077265973254,0.0838252265464687
1.652303120356612,0.08851940050569895
1.6404160475482912,0.08908284232336411
1.6166419019316494,0.08577432851107099
1.6047548291233282,0.08547734121966817
1.5928677563150073,0.09301897085946009
1.5690936106983655,0.09058125871930135
1.5572065378900446,0.08331391181216509
1.5453194650817235,0.08147520332874421
1.5215453194650816,0.09073121572218559
1.4977711738484398,0.08727639911053389
1.4858841010401187,0.08253212045309755
1.4739970282317978,0.08204747277581499
1.4739970282317978,0.08514629147342045
1.4621099554234769,0.08657628044178728
1.450222882615156,0.08852984637733236
1.426448736998514,0.08297657505399715
1.414561664190193,0.07976823225687053
1.3907875185735512,0.08850696652485586
1.3670133729569094,0.09105850626565201
1.3432392273402673,0.08549356356232718
1.3313521545319464,0.07685529115616477
1.3075780089153046,0.08443852278450704
1.2956909361069835,0.08577619596328048
1.2719167904903417,0.08840877161274431
1.2600297176820208,0.08022113606133735
1.2481426448736999,0.07597819547962757
1.236255572065379,0.08519420916986563
1.200594353640416,0.07668056612547414
1.188707280832095,0.07699302560149421
1.1768202080237742,0.07969737248103337
1.1530460624071321,0.08132306103103226
1.1411589895988112,0.07892615236428986
1.1173848439821694,0.07913043550437301
1.1054977711738483,0.07638959571935353
1.0936106983655274,0.07956338411523668
1.0698365527488856,0.08033935300760897
1.0460624071322435,0.06911954202638956
1.0341753343239226,0.06456669102582334
1.0104011887072808,0.07184756964880136
0.9985141158989599,0.07505477399284206
0.974739970282318,0.07708392814264645
0.9628528974739969,0.07303248765431772
0.9390787518573551,0.07062798818213734
0.9271916790490341,0.07102562384365198
0.9034175334323922,0.08303846888011801
0.8677563150074293,0.07459968324203489
0.8558692421991084,0.07328391420528049
0.8439821693907875,0.07704240784065668
0.8320950965824665,0.077893040265809
0.8083209509658247,0.0704043243427613
0.8083209509658247,0.07367650811139433
0.7726597325408617,0.09299885178178703
0.7607726597325408,0.10002921454549063
0.7607726597325408,0.10825878178609202
0.7369985141158989,0.10134384482984497
0.713224368499257,0.09071969924939303
0.7013372956909361,0.08014790845814045
0.6894502228826151,0.06702060692039397
0.6419019316493313,0.07059606028522981
0.6181277860326895,0.0680059436144041
0.6062407132243685,0.06430634382023658
0.5943536404160475,0.06013471164876919
0.5705794947994056,0.061919754554294236
0.5586924219910847,0.07524302794743004
0.5349182763744428,0.071827135797473
0.5230312035661218,0.06258955717040388
0.49925705794947994,0.064417640339383
0.4517087667161961,0.0604776900749279
0.4398216939078752,0.06922721493515441
0.41604754829123325,0.07174055777978451
0.40416047548291234,0.07757500237040342
0.3803863298662704,0.07098803794329396
0.3328380386329866,0.06456592418168279
0.22585438335809804,0.07833712494667638
