5.158989598811292,0.18474561594918235
4.576523031203566,0.14670629024269474
4.029717682020802,0.21310279616371752
5.349182763744428,0.08778744781716509
5.349182763744428,0.1808746183726943
4.065378900445765,0.1418095348475885
5.218424962852898,0.1434322652747609
3.9940564635958395,0.14484147923451254
4.053491827637444,0.14876816957054706
4.576523031203566,0.18311309021971536
4.683506686478454,0.07479761933760369
5.158989598811292,0.18152668695016366
2.9836552748885588,0.08753343239227351
4.1248142644873695,0.2418080863376863
5.349182763744428,0.08353625459413094
5.349182763744428,0.13234918880581356
2.9836552748885588,0.08355978564002335
4.719167904903418,0.19968496368021257
3.9940564635958395,0.13744427934621098
3.9940564635958395,0.14787836356617168
3.9940564635958395,0.06064772718872198
4.576523031203566,0.0768285701420916
3.7682020802377414,0.0988690484117733
3.803863298662704,0.08219061770324768
3.803863298662704,0.09144917741511858
3.803863298662704,0.07974856837571195
3.815750371471025,0.17858415230746505
3.6968796433878155,0.24562031602593082
3.6968796433878155,0.1866148093964967
3.6968796433878155,0.12676573684701167
3.649331352154532,0.11793627946883437
3.649331352154532,0.1576377264092389
3.6136701337295687,0.12407633554110437
3.6136701337295687,0.13996371084038245
3.6136701337295687,0.16552727315175964
3.578008915304606,0.1640696325270543
3.5304606240713223,0.14953000260961682
3.5185735512630014,0.1425200907021745
3.5066864784546805,0.14186127805024162
3.5066864784546805,0.12650292416807257
3.5066864784546805,0.13856564216253214
3.4591381872213964,0.14804372866985585
3.4591381872213964,0.1471105055852604
3.4353640416047546,0.1592326027736505
3.4234769687964337,0.16082251410200202
3.37592867756315,0.15078320736464615
3.364041604754829,0.16185821623822924
3.352154531946508,0.14678800382391216
3.340267459138187,0.15349724179003935
3.340267459138187,0.14722816547927245
3.2808320950965824,0.14820477273851732
3.2808320950965824,0.14540075123500307
3.2689450222882614,0.1520983779527609
3.2689450222882614,0.16347538800945272
3.2332838038632987,0.1449094115528875
3.2095096582466565,0.13927465014583748
3.2095096582466565,0.13651917836752112
3.1976225854383356,0.1426101025402016
3.1976225854383356,0.14230861037932965
3.161961367013373,0.1412291329544486
3.161961367013373,0.14240236426150746
3.150074294205052,0.1467735165960066
3.138187221396731,0.14513185472644363
3.12630014858841,0.14539375555719786
3.078751857355126,0.1580878755714655
3.078751857355126,0.16543096988862238
3.0074294205052006,0.16174478281252513
2.9955423476968797,0.12903774479201258
2.9955423476968797,0.12520424687868073
2.9836552748885588,0.10265887833965351
2.9836552748885588,0.11622350169984456
2.9836552748885588,0.12521324156723074
2.9717682020802374,0.13631961150461117
2.912332838038633,0.14045634401147494
2.912332838038633,0.12750984253134204
2.912332838038633,0.13010961445761285
2.900445765230312,0.12127304297028747
2.87667161961367,0.13413236276281243
2.864784546805349,0.12427915541350883
2.829123328380386,0.13851463054592072
2.8053491827637442,0.13605438647742626
2.8053491827637442,0.12489341199599265
2.7934621099554233,0.12007755035999636
2.7815750371471024,0.1370747003779865
2.7221396731054974,0.131495194384925
2.7221396731054974,0.11364187441571891
2.7221396731054974,0.09754325691081202
2.7102526002971765,0.09112784122560745
2.7102526002971765,0.09194399334656185
2.6983655274888556,0.09170304118928987
2.6864784546805347,0.10200720018590774
2.674591381872214,0.11500529393563542
2.662704309063893,0.1258828485919073
2.6151560178306092,0.12798263242491364
2.579494799405646,0.11087395189064947
2.579494799405646,0.08816899740364104
2.5557206537890043,0.08774383412110094
2.5557206537890043,0.0895690268844313
2.5438335809806834,0.09185718535722634
2.5319465081723624,0.09405187753379916
2.4962852897473997,0.1218564113236953
2.4487369985141156,0.10786418303350431
2.4487369985141156,0.09321524153003599
2.424962852897474,0.08423708122591267
2.413075780089153,0.08834834783725011
2.413075780089153,0.0941798773752158
2.389301634472511,0.0976534467928107
2.37741456166419,0.09024668261165458
2.3536404160475484,0.08991367352240305
2.341753343239227,0.09051217540345201
2.317979197622585,0.10172745969669383
2.317979197622585,0.10004450283345304
2.2823179791976225,0.09800381262697891
2.2704309063893016,0.0741297456993822
2.2585438335809807,0.07725894222349383
2.234769687964339,0.0780810759493963
2.222882615156018,0.08046731264011671
2.2109955423476966,0.08576623517982297
2.175334323922734,0.09036828247767104
2.139673105497771,0.08337451701113781
2.12778603268945,0.06971637237211088
2.12778603268945,0.07199589966501495
2.1158989598811293,0.08469322738620173
2.1040118870728084,0.0971972321902557
2.0683506686478452,0.08483427512860672
2.0564635958395243,0.07539698339149573
2.0445765230312034,0.0806109603034294
2.0089153046062407,0.09365388462594636
2.0089153046062407,0.09538674650720678
1.9851411589895986,0.08684666043325774
1.9851411589895986,0.07928782043943147
1.9732540861812777,0.07993727673681017
1.9732540861812777,0.08350784191256048
1.949479940564636,0.08781085691140325
1.937592867756315,0.08780303083555174
1.9257057949479939,0.08702080685590237
1.9257057949479939,0.08915090032593492
1.901931649331352,0.08871774816234791
1.901931649331352,0.08729325504036967
1.901931649331352,0.08763012113199976
1.8900445765230312,0.08711346124969499
1.8781575037147102,0.08879110888581386
1.8424962852897473,0.08867692851276437
1.8306092124814264,0.079691229008447
1.8068350668647843,0.08815907023050347
1.7711738484398216,0.07960767559899203
1.7711738484398216,0.07356810135463145
1.7355126300148587,0.09332442851107546
1.699851411589896,0.08737502819235436
1.687964338781575,0.08485291053488994
1.676077265973254,0.08375216366492483
1.652303120356612,0.0884837606258821
1.6404160475482912,0.08893590481942769
1.6166419019316494,0.08567921278732712
1.6047548291233282,0.08542796616510875
1.5928677563150073,0.0929364690209457
1.5690936106983655,0.09049720388179797
1.5572065378900446,0.08323889280587775
1.5453194650817235,0.08140990738664904
1.5215453194650816,0.09073121572218576
1.4977711738484398,0.08727639911053389
1.4858841010401187,0.08251650086704308
1.4739970282317978,0.08196652631386583
1.4739970282317978,0.08512735546520397
1.4621099554234769,0.08625869570782871
1.450222882615156,0.08819105961374153
1.426448736998514,0.08294826313414332
1.414561664190193,0.0797161007582369
1.3907875185735512,0.08844758269061291
1.3670133729569094,0.09101788818816625
1.3432392273402673,0.08545136906347034
1.3313521545319464,0.07681710463614534
1.3075780089153046,0.08432981180999832
1.2956909361069835,0.08565160806205059
1.2719167904903417,0.088367741648831
1.2600297176820208,0.0801665104386324
1.2481426448736999,0.07597819547962757
1.236255572065379,0.08515213158555755
1.200594353640416,0.07664296934197079
1.188707280832095,0.07695750593065344
1.1768202080237742,0.0796389523192603
1.1530460624071321,0.0812579924546884
1.1411589895988112,0.07886282208353251
1.1173848439821694,0.07908931056569807
1.1054977711738483,0.07627164959527878
1.0936106983655274,0.07945096727197364
1.0698365527488856,0.0801805155135133
1.0460624071322435,0.06910423302250408
1.0341753343239226,0.06456669102582334
1.0104011887072808,0.07178968432206993
0.9985141158989599,0.07497219983240852
0.974739970282318,0.0770308511363703
0.9628528974739969,0.07297568266970397
0.9390787518573551,0.0705561442762321
0.9271916790490341,0.07090461780350661
0.9034175334323922,0.08295720728213585
0.8677563150074293,0.07459968324203489
0.8558692421991084,0.07328391420528041
0.8439821693907875,0.07692828887971895
0.8320950965824665,0.07785025234123205
0.8083209509658247,0.07034843075494068
0.8083209509658247,0.07367650811139441
0.7726597325408617,0.09284020204515535
0.7607726597325408,0.09992031464866721
0.7607726597325408,0.10825878178609202
0.7369985141158989,0.10134384482984489
0.713224368499257,0.09071969924939303
0.7013372956909361,0.08014790845814045
0.6894502228826151,0.06677421296569415
0.6775631500742941,0.07151198367194977
0.6419019316493313,0.07620444087378461
0.6419019316493313,0.07021275083086533
0.6181277860326895,0.06768382710408047
0.6062407132243685,0.06383053603880304
0.5943536404160475,0.05999705723432675
0.5705794947994056,0.06191975455429428
0.5586924219910847,0.07524302794743
0.5349182763744428,0.07171362976561078
0.5230312035661218,0.06258235048192687
0.49925705794947994,0.06429260561787667
0.4398216939078752,0.06515675589862567
0.41604754829123325,0.06651659108059037
0.40416047548291234,0.07136066573146074
4.576523031203566,0.2713874895422916
4.576523031203566,0.2627491162119512
5.349182763744428,0.1674072332030369
4.576523031203566,0.26216229993251555
5.2303120356612185,0.38322301769552897
4.576523031203566,0.261499559849446
4.63595839524517,0.18437120086451494
4.576523031203566,0.23200435028072447
4.576523031203566,0.12609620371179694
4.671619613670133,0.4635298613220658
