6.45105421686747,0.06665319579476146
6.3531626506024095,0.15130538368094998
6.3531626506024095,0.1609828634088464
6.343373493975903,0.15527196323353393
6.333584337349397,0.15438413693790837
6.333584337349397,0.14611015490533596
6.333584337349397,0.2300488361211841
6.284638554216867,0.24816455222512787
6.284638554216867,0.27226557925951195
6.225903614457832,0.3225958792064814
6.167168674698796,0.30540894281045117
6.1182228915662655,0.26215461335136386
6.1182228915662655,0.2867682895656169
6.1182228915662655,0.3465515605730009
6.039909638554217,0.318119552909393
6.039909638554217,0.3112622987991713
6.000753012048193,0.31399978021538794
6.000753012048193,0.32743645893251055
5.990963855421687,0.32746888288447895
5.990963855421687,0.3183719252008022
5.971385542168675,0.31716646993378905
5.893072289156627,0.2881268723100879
5.893072289156627,0.276944334094312
5.893072289156627,0.28447590950585727
5.893072289156627,0.2989492072929612
5.853915662650603,0.2768072289156633
5.844126506024097,0.2875135533508386
5.8343373493975905,0.2969374757803135
5.8245481927710845,0.3067876212642773
5.78539156626506,0.31654633959382483
5.746234939759036,0.3252284466194988
5.73644578313253,0.3327533585670114
5.677710843373494,0.32837494922061267
5.677710843373494,0.319579222735097
5.677710843373494,0.3187836090123199
5.58960843373494,0.34410005197224675
5.58960843373494,0.3228557832520563
5.58960843373494,0.31940993116202426
5.58960843373494,0.3115191350998123
5.579819277108434,0.3147017235609097
5.481927710843373,0.33097214880414827
5.432981927710843,0.3163300833620275
5.432981927710843,0.32217805778086145
5.432981927710843,0.32042079392799744
5.432981927710843,0.30695146230916487
5.364457831325302,0.32167788802267916
5.364457831325302,0.2944304809085457
5.364457831325302,0.29480479778961616
5.364457831325302,0.3141663009447506
5.364457831325302,0.32408933323655986
5.266566265060241,0.3203642934332363
5.266566265060241,0.32677460060673474
5.227409638554217,0.31895581093071823
5.198042168674699,0.32559918751452993
5.188253012048193,0.32034582232549064
5.168674698795181,0.30731565939312605
5.168674698795181,0.3117229167994732
5.168674698795181,0.30833635924785296
5.051204819277109,0.28966304454784203
5.051204819277109,0.2988109321178799
5.051204819277109,0.2879770180865097
5.031626506024097,0.2841511921540014
5.0218373493975905,0.28564275131010247
5.0120481927710845,0.28720937573264577
5.0120481927710845,0.2978771435162713
4.933734939759036,0.31003681599613647
4.933734939759036,0.31521542503448763
4.92394578313253,0.3283535684357945
4.914156626506024,0.3464898366551857
4.855421686746988,0.3414506633572412
4.845632530120482,0.32937334727022316
4.757530120481928,0.3243800194364795
4.7379518072289155,0.3058320375823784
4.7379518072289155,0.2967967975634242
4.7379518072289155,0.2908255228003569
4.7379518072289155,0.2945991992636781
4.718373493975903,0.30103246283210944
4.718373493975903,0.30395146267638307
4.718373493975903,0.3017662232052685
4.600903614457831,0.30210066706962346
4.600903614457831,0.2983008740781959
4.58132530120482,0.3029592338315848
4.58132530120482,0.30048829978907426
4.58132530120482,0.29123207220429065
4.58132530120482,0.2915255032118129
4.58132530120482,0.29163926960091247
4.571536144578314,0.30333161991119806
4.4834337349397595,0.3178567638115132
4.4834337349397595,0.30744056554383614
4.4834337349397595,0.30635586094240347
4.4834337349397595,0.3148233168726412
4.365963855421687,0.30580908629965775
4.365963855421687,0.29472064453066893
4.326807228915663,0.30542105502506994
4.307228915662651,0.30769773152345725
4.307228915662651,0.30608281151153743
4.297439759036145,0.2968578018070688
4.287650602409639,0.3043923076110373
4.268072289156627,0.29645981750968153
4.258283132530121,0.3043484719958591
4.258283132530121,0.3044989533297947
4.150602409638554,0.29966571185524243
4.150602409638554,0.29431808714873714
4.150602409638554,0.29455935047716714
4.140813253012048,0.2960097639948858
4.140813253012048,0.3004136878192504
4.140813253012048,0.28893409177152396
4.072289156626506,0.2898929995388398
4.052710843373494,0.28553390877879903
4.033132530120482,0.29372846240574746
4.033132530120482,0.29477864372035706
4.033132530120482,0.30085088401137194
4.033132530120482,0.2996036157549295
3.905873493975904,0.30354422062863207
3.896084337349398,0.3001424639695355
3.896084337349398,0.29765950920670914
3.896084337349398,0.29940026518960144
3.896084337349398,0.2950604332940208
3.876506024096386,0.2766497359506403
3.876506024096386,0.26813267477658675
3.8177710843373496,0.25796146505930984
3.7981927710843375,0.26822157144574466
3.7981927710843375,0.27727940282884195
3.7981927710843375,0.27845372648355826
3.7981927710843375,0.27720926529044143
3.680722891566265,0.270309938071957
3.680722891566265,0.27606826115387456
3.670933734939759,0.2772532933517535
3.670933734939759,0.27807192975631145
3.670933734939759,0.27294941288833185
3.661144578313253,0.26927561293617247
3.5632530120481927,0.26872600456914203
3.5632530120481927,0.26755631503356503
3.5632530120481927,0.2689767163864136
3.504518072289157,0.2675369843665345
3.504518072289157,0.2514566884384963
3.494728915662651,0.2544176166200502
3.484939759036145,0.2520483282698426
3.484939759036145,0.25205358310271564
3.4555722891566267,0.2472407826776753
3.4457831325301207,0.2425478449126985
3.3870481927710845,0.25060328098831974
3.3870481927710845,0.2569928293211602
3.3870481927710845,0.265479137655711
3.3870481927710845,0.26045100030125673
3.3772590361445785,0.2567472656165532
3.269578313253012,0.24764734367789096
3.269578313253012,0.24445957656884948
3.269578313253012,0.2432340155412593
3.269578313253012,0.2427265507084547
3.269578313253012,0.2311186437267836
3.269578313253012,0.22278160239375652
3.191265060240964,0.22329606699034357
3.191265060240964,0.228361280578497
3.191265060240964,0.22589699581952233
3.191265060240964,0.23446733971782494
3.191265060240964,0.24819047340898917
3.191265060240964,0.25687601429995754
3.093373493975904,0.25106844179922916
3.073795180722892,0.2425071937045011
3.0444277108433737,0.23691198285161136
3.0444277108433737,0.23969089055875514
3.0346385542168677,0.22002479715172862
3.0346385542168677,0.22204380395419107
3.0346385542168677,0.22886101901826972
3.0346385542168677,0.23739133387067873
2.9367469879518073,0.22896463751956608
2.9367469879518073,0.22260564892022094
2.9367469879518073,0.22168514985502996
2.9269578313253013,0.2162941601213438
2.897590361445783,0.2115697283256282
2.897590361445783,0.2124320626233838
2.897590361445783,0.21917746288308904
2.848644578313253,0.23099740233685134
2.848644578313253,0.23481252098132535
2.7703313253012047,0.23422907048766367
2.7605421686746987,0.2255277317788221
2.7605421686746987,0.21274184847502312
2.7605421686746987,0.20371033065053226
2.7213855421686746,0.19108271971744073
2.7213855421686746,0.19311659967149375
2.7213855421686746,0.20738823300258308
2.701807228915663,0.21058116582209355
2.6430722891566267,0.22725703386186386
2.5647590361445785,0.21938848938070762
2.5647590361445785,0.20746200250282537
2.5647590361445785,0.19779936064036352
2.5549698795180724,0.18800842653482341
2.5451807228915664,0.1814107520797133
2.5451807228915664,0.18086856130204684
2.48644578313253,0.19300456986550943
2.466867469879518,0.2088490344340349
2.466867469879518,0.20893203477233768
2.466867469879518,0.20624103528219603
2.3689759036144578,0.1926886706226087
2.3689759036144578,0.1864161908222438
2.3689759036144578,0.18513943001951197
2.3689759036144578,0.17723956385999762
2.3591867469879517,0.18453687223677975
2.3004518072289155,0.18591626913821435
2.3004518072289155,0.1808314940102646
2.251506024096386,0.17791314239723627
2.2417168674698797,0.1716626933353544
2.2319277108433737,0.17189602693170958
2.2319277108433737,0.17753595144286602
2.2319277108433737,0.17890860712579193
2.1731927710843375,0.17636977654143987
2.1634036144578315,0.16571390038177297
2.1536144578313254,0.1657542854138112
2.1340361445783134,0.17684369396986016
2.1046686746987953,0.17130387457902493
2.055722891566265,0.16059664312844332
2.045933734939759,0.13562533563468682
2.045933734939759,0.13743493844295468
2.036144578313253,0.14825640761528983
2.045933734939759,0.1823819624443249
1.967620481927711,0.176264542832959
1.9186746987951808,0.13945699152578317
1.9088855421686748,0.13649370890185364
1.9088855421686748,0.14010211726767668
1.9088855421686748,0.14238280167278644
1.8599397590361446,0.1505379996958079
1.8403614457831325,0.15465337119168193
1.8207831325301205,0.14847157413555664
1.7914156626506024,0.14681667208193194
1.7816265060240963,0.14579836646665384
1.7718373493975905,0.15392567354514994
1.7424698795180724,0.1653331084821724
1.7326807228915664,0.1674889138178225
1.6837349397590362,0.16716323296861935
1.6739457831325302,0.12666012871237264
1.654367469879518,0.1192825756487173
1.644578313253012,0.1191190409581544
1.625,0.1431668650212481
1.605421686746988,0.16345031135722404
1.556475903614458,0.17206998441777974
1.556475903614458,0.1676722779680669
1.546686746987952,0.14922564054700213
1.536897590361446,0.14527614602069794
1.5075301204819278,0.13833592020712637
1.4879518072289157,0.15432221932180265
1.4683734939759037,0.1657319633395347
1.4292168674698795,0.15961157955154393
1.4194277108433735,0.14647766912523463
1.3998493975903614,0.14991876184107528
1.3900602409638554,0.1655198363676155
1.3509036144578315,0.16311245567837138
1.3411144578313254,0.161301424905241
1.3215361445783134,0.1875015298060593
1.2921686746987953,0.19294331234859302
1.2921686746987953,0.2116149684326461
1.233433734939759,0.21021346760718168
1.233433734939759,0.20795692910834146
1.1746987951807228,0.21185090591299263
1.1746987951807228,0.19095809022084548
1.1746987951807228,0.19388647673910442
1.1746987951807228,0.20881655970127325
1.1746987951807228,0.218736127914765
1.1746987951807228,0.23208324111815146
1.1061746987951808,0.24173396547993542
1.0963855421686748,0.2388070378624547
1.0963855421686748,0.23459283192701405
1.0768072289156627,0.23276996387235688
1.0768072289156627,0.24287878034347712
1.0572289156626506,0.2497143109914557
1.0278614457831325,0.2507009463247235
0.9984939759036144,0.27225051144321616
0.9789156626506025,0.2607399681187062
0.9789156626506025,0.25636853088390127
0.9691265060240964,0.2567783790208756
0.802710843373494,0.25043475670539367
0.9006024096385542,0.2721270045534285
0.8908132530120482,0.27093212315185017
0.8712349397590362,0.27341112132912676
0.822289156626506,0.2740976221925532
0.802710843373494,0.2650684227491456
0.7929216867469879,0.27205919279746543
0.773343373493976,0.2929684645484799
0.7243975903614458,0.2936478206450875
0.7048192771084337,0.13922538777843918
0.6950301204819277,0.12705368374276094
0.6754518072289157,0.11398458980013015
0.6656626506024097,0.15770658143202645
0.6460843373493976,0.1531452595961944
0.5775602409638554,0.2035733008994934
0.5677710843373495,0.18496653475729613
0.5579819277108434,0.17416497409536347
0.5286144578313253,0.1867887113448263
0.4992469879518072,0.12867821889737735
0.46987951807228917,0.10678889812713403
0.46009036144578314,0.09914262506270578
0.4405120481927711,0.09911573692139936
0.4307228915662651,0.15657059399567652
0.401355421686747,0.1468142718905135
0.34262048192771083,0.09140959642479525
0.3230421686746988,0.0763121322657734
0.3132530120481928,0.07644737900435467
0.3132530120481928,0.07328103214136847
0.30346385542168675,0.07659126867157548
0.06852409638554217,0.050450090883310525
0.06852409638554217,0.05112430038286482
0.06852409638554217,0.05176483747891786
0.06852409638554217,0.05214345990305832
0.06852409638554217,0.05217554159238315
0.06852409638554217,0.052312432864344366
0.06852409638554217,0.052378188287997736
0.06852409638554217,0.052550657152724285
0.06852409638554217,0.052699160878584325
0.06852409638554217,0.05277584660957613
0.06852409638554217,0.05275079625941967
0.06852409638554217,0.0532097054940265
0.06852409638554217,0.05343433332385609
0.06852409638554217,0.05330617887151895
0.06852409638554217,0.053409674981232724
0.06852409638554217,0.05342788764423594
0.058734939759036146,0.05337819334297029
0.058734939759036146,0.053327417896012246
0.058734939759036146,0.053508087775842164
0.058734939759036146,0.053591851799571814
0.058734939759036146,0.05369246959118944
0.058734939759036146,0.053528490980551624
0.058734939759036146,0.053590456837107725
0.058734939759036146,0.053625710213667244
0.058734939759036146,0.053700506943712
0.058734939759036146,0.05345407871057089
0.058734939759036146,0.05365305322095969
0.058734939759036146,0.05355524090475307
0.058734939759036146,0.05352040216261526
0.058734939759036146,0.05346954012053751
0.058734939759036146,0.05369919840305178
0.058734939759036146,0.05347625562344726
0.058734939759036146,0.05364925173841145
0.058734939759036146,0.053315149215016434
0.058734939759036146,0.05325050674240745
0.058734939759036146,0.05328089872759709
0.058734939759036146,0.053752605671453194
