13.45508982035928,0.18497794853029104
13.434131736526945,0.18568493843796968
13.41317365269461,0.17648112101368793
13.41317365269461,0.17337794268970316
13.392215568862275,0.1828526474717253
13.392215568862275,0.20682922692165068
13.392215568862275,0.2205006912851359
13.37125748502994,0.32416647747423805
13.01497005988024,0.5500113449789301
13.01497005988024,0.5594724177356699
12.994011976047904,0.6359450985307963
12.994011976047904,0.6112684357713667
12.994011976047904,0.5795307647306674
12.994011976047904,0.5751888545682357
12.994011976047904,0.48937693578360464
12.70059880239521,0.5737294071599455
12.70059880239521,0.5758817272425435
12.70059880239521,0.5808799338474504
12.70059880239521,0.5869077771761317
12.70059880239521,0.6124865181301715
12.658682634730539,0.5293371816889674
12.637724550898202,0.5763232024131519
12.511976047904191,0.6223709714117555
12.511976047904191,0.706761208223178
12.511976047904191,0.707003216275732
12.511976047904191,0.7337149990641642
12.260479041916167,0.7372358496514593
12.260479041916167,0.7216023183673331
12.134730538922154,0.6598556882398875
12.11377245508982,0.6742789325286703
12.11377245508982,0.6094280287189137
12.11377245508982,0.6288139965187718
12.11377245508982,0.6656116354810107
12.029940119760479,0.6613442899341138
12.029940119760479,0.6682659975551902
12.008982035928144,0.671797088932467
11.862275449101796,0.7059057206832594
11.757485029940119,0.7307026348404024
11.757485029940119,0.7276221968904911
11.757485029940119,0.7300313866966227
11.52694610778443,0.677391346946557
11.52694610778443,0.6710065916948099
11.52694610778443,0.6509621927486272
11.505988023952096,0.67372785893466
11.505988023952096,0.6799389127069255
11.505988023952096,0.6315789866312512
11.275449101796406,0.6336899285541054
11.275449101796406,0.607160555845802
11.275449101796406,0.671914973309396
11.254491017964071,0.6974934234262286
11.254491017964071,0.7180830646399505
11.086826347305388,0.6814945158894798
11.065868263473053,0.662220434657047
10.94011976047904,0.6451700947652071
10.94011976047904,0.6820348482052597
10.94011976047904,0.6833315792053145
10.919161676646706,0.6504923817541675
10.646706586826348,0.6611595684814046
10.646706586826348,0.6653010132599262
10.604790419161676,0.6596756683832437
10.604790419161676,0.6241851246570288
10.562874251497005,0.6220993066084454
10.562874251497005,0.6085683907909133
10.374251497005988,0.6364826814894685
10.353293413173652,0.627286003169739
10.353293413173652,0.629809325263554
10.353293413173652,0.632090507418637
10.248502994011975,0.6443746221017649
10.248502994011975,0.6327108157029673
10.22754491017964,0.6469036867617377
10.101796407185628,0.6620898147646952
10.101796407185628,0.6573104074209841
10.080838323353293,0.6446259578153998
10.059880239520957,0.6598795297885287
9.892215568862275,0.6501486917618823
9.850299401197605,0.6454008477219828
9.850299401197605,0.632849811449226
9.808383233532933,0.5906664843024697
9.682634730538922,0.5715260655160261
9.682634730538922,0.5425366340303974
9.682634730538922,0.5696771091460514
9.682634730538922,0.5760020346280398
9.682634730538922,0.5922600966951921
9.661676646706587,0.6179585194665159
9.431137724550897,0.6190084649803317
9.431137724550897,0.6083679769507029
9.431137724550897,0.6177415272823937
9.410179640718562,0.6118183749731324
9.410179640718562,0.6044478920421801
9.410179640718562,0.5635550188777927
9.28443113772455,0.574758707921369
9.158682634730539,0.5846410336011967
9.158682634730539,0.5943949656879318
9.158682634730539,0.5996494933648298
9.158682634730539,0.6067356226335534
9.032934131736527,0.5867846352334886
9.032934131736527,0.5798342257180715
9.011976047904191,0.603999173526356
9.011976047904191,0.5902155833568904
8.907185628742514,0.5976163220555405
8.886227544910179,0.6074434831040106
8.760479041916167,0.5628677817622995
8.760479041916167,0.5696352894937403
8.739520958083832,0.5861928404280123
8.739520958083832,0.5548155330856738
8.592814371257484,0.5503158341877857
8.592814371257484,0.5328824145640207
8.592814371257484,0.530747204855702
8.467065868263472,0.5439675260336101
8.446107784431137,0.5642120529571574
8.446107784431137,0.5561635455204238
8.383233532934131,0.5588244965203767
8.236526946107784,0.5520940925198835
8.215568862275449,0.533268506091265
8.215568862275449,0.5538245366430765
8.089820359281436,0.5439010373733478
8.089820359281436,0.5240145225187524
8.068862275449101,0.5037997249510388
7.9431137724550895,0.5165347979904165
7.9431137724550895,0.51216525476669
7.9431137724550895,0.5016721761519602
7.9221556886227535,0.5258266852619311
7.880239520958083,0.5295649895589014
7.733532934131736,0.49617022878347133
7.712574850299401,0.4947229846397739
7.712574850299401,0.49878103435973375
7.607784431137724,0.4684654607358161
7.586826347305388,0.4655423238103328
7.586826347305388,0.4911863762617501
7.586826347305388,0.5037719724407862
7.482035928143712,0.5006430483454742
7.335329341317365,0.4688505782059073
7.314371257485029,0.4687494938065263
7.314371257485029,0.4595704731525926
7.293413173652694,0.4390479103693757
7.272455089820359,0.4242628057132537
7.251497005988023,0.43501032384004634
7.251497005988023,0.4526868220775712
7.04191616766467,0.4635137979914239
7.020958083832335,0.4563235430849832
7.0,0.4519797883908401
7.0,0.43460986687511677
7.0,0.4357494184960585
6.832335329341317,0.4292872784297226
6.832335329341317,0.4384052697047661
6.832335329341317,0.4431899026084313
6.790419161676646,0.4472714906832248
6.664670658682635,0.43092473462260145
6.664670658682635,0.43501160796783045
6.5598802395209574,0.42606547883163337
6.538922155688622,0.3881311793412008
6.538922155688622,0.3774537850816457
6.538922155688622,0.3946802601501383
6.538922155688622,0.4278357387483729
6.3293413173652695,0.41972590830283774
6.287425149700598,0.4029486897452739
6.287425149700598,0.39226030320390765
6.245508982035927,0.34495883747614636
6.245508982035927,0.34453360464945637
6.245508982035927,0.386676308303026
6.245508982035927,0.40548188514676226
6.014970059880239,0.40679762424552024
6.014970059880239,0.39341633996977465
6.014970059880239,0.3651389436748808
5.994011976047904,0.3615378144740927
5.868263473053892,0.36779824039695197
5.868263473053892,0.36578446735230535
5.868263473053892,0.37279652124837614
5.721556886227544,0.3678557220023123
5.700598802395209,0.3609805976697141
5.700598802395209,0.3593277432797682
5.700598802395209,0.36417426270685055
5.574850299401197,0.36588501754124075
5.532934131736527,0.33999211603129875
5.5119760479041915,0.331393011019593
5.491017964071856,0.33015422892556007
5.42814371257485,0.34270611656591077
5.407185628742514,0.3564320610570232
5.281437125748503,0.3622841864662061
5.239520958083832,0.31981349076872256
5.2185628742514965,0.2980250352068297
5.197604790419161,0.31728903492068583
5.134730538922155,0.3361217649208298
5.029940119760479,0.3255242889709446
5.029940119760479,0.3074374400210173
4.946107784431137,0.30001592264970617
4.925149700598802,0.2996830409275819
4.862275449101796,0.2965528287054876
4.79940119760479,0.2908672000007682
4.778443113772455,0.29097993856030846
4.715568862275449,0.30183992427555817
4.652694610778443,0.2778233712858136
4.631736526946107,0.26277430918468825
4.610778443113772,0.25641688332720014
4.547904191616766,0.27513139631102795
4.505988023952096,0.26844290702724893
4.4431137724550895,0.26665048806946307
4.422155688622754,0.2775394255146614
4.359281437125748,0.26225242171933727
4.317365269461078,0.24381979751103766
4.296407185628742,0.24509486952800838
4.191616766467066,0.26649008585683714
4.149700598802395,0.2404596806287308
4.128742514970059,0.2176715415854727
4.086826347305389,0.24560854717937264
4.023952095808383,0.25720534679759965
3.9820359281437123,0.2459409089889392
3.9191616766467066,0.23495541585356258
3.8772455089820355,0.24209949110527906
3.8143712574850297,0.23126140703457448
3.793413173652694,0.2225186041931998
3.751497005988024,0.22501332641121344
3.709580838323353,0.23690409895551476
3.6257485029940115,0.2286080061974596
3.6047904191616764,0.22641075570822985
3.5628742514970058,0.22005049317514472
3.5,0.22110148588301964
3.4790419161676644,0.2187171963272173
3.395209580838323,0.21882037696866297
3.3532934131736525,0.2182072297350089
3.311377245508982,0.21672438482582165
3.269461077844311,0.20433407534015913
3.248502994011976,0.2243477041718773
3.1646706586826348,0.23809990383489749
3.143712574850299,0.21173406945396708
3.1227544910179637,0.20751730194828677
3.059880239520958,0.21513610042015524
3.0179640718562872,0.25159443506049123
2.9760479041916166,0.24206565425026177
2.913173652694611,0.23547177071234432
2.8712574850299397,0.2290674885477097
2.8293413173652695,0.20992792423320383
2.7874251497005984,0.21553733652002866
2.7245508982035926,0.2508176756134702
2.682634730538922,0.24697878110662147
2.6407185628742513,0.2521773633610293
2.5988023952095807,0.2629985101292997
2.5359281437125745,0.26669835260608277
2.5149700598802394,0.2710776710527875
2.4940119760479043,0.2838803411958587
2.431137724550898,0.2963150860751763
2.368263473053892,0.3275375874779643
2.3473053892215567,0.34485640424995556
2.2634730538922154,0.3642529364555901
2.2425149700598803,0.3588687561646559
2.179640718562874,0.3756002019568619
2.1377245508982035,0.38338065179473574
2.1377245508982035,0.4007704997096666
2.116766467065868,0.3947513105245097
2.0119760479041915,0.4089290044683607
1.9910179640718562,0.40227655720002115
1.9281437125748502,0.39058283893243156
1.9071856287425148,0.40962180881193627
1.8862275449101795,0.4354352769564913
1.8443113772455089,0.45486853262469346
1.7604790419161676,0.45236662564308977
1.718562874251497,0.46818254980834684
1.6766467065868262,0.4873549257289753
1.6347305389221556,0.4639258667123761
1.592814371257485,0.46580395664128177
1.5508982035928143,0.48242894094447814
1.4880239520958083,0.5236270025844926
1.467065868263473,0.5158631223315205
1.4251497005988023,0.4994938868917185
1.3622754491017963,0.5160222143214891
1.341317365269461,0.524666353567375
1.278443113772455,0.5335578133954191
1.215568862275449,0.571701065067627
1.215568862275449,0.5739721331672938
1.1107784431137724,0.5875254336719158
1.089820359281437,0.5843292470677631
1.0479041916167664,0.6124534941573707
0.9850299401197604,0.624401488269997
0.9221556886227544,0.1500064931815637
0.9011976047904191,0.14785404798135754
0.8592814371257484,0.15883295956404
0.7754491017964071,0.17542276220776135
0.7544910179640718,0.16472090208951298
0.7125748502994012,0.1295661800765481
0.6497005988023952,0.14795927735407377
0.6287425149700598,0.15813033201777826
0.5868263473053892,0.14259961556268028
0.5449101796407185,0.11061499636951291
