13.41317365269461,0.15177540845910042
13.41317365269461,0.1262370364166776
13.41317365269461,0.13348571522114067
13.41317365269461,0.14230897491567013
13.41317365269461,0.1644356922219776
13.41317365269461,0.237992588930955
13.392215568862275,0.2882137033617789
13.37125748502994,0.5439624074345301
12.994011976047904,0.5633605632469206
12.994011976047904,0.5632651856051216
12.994011976047904,0.49474905783158624
12.994011976047904,0.5127055451139898
12.973053892215567,0.46826450672837205
12.973053892215567,0.46757086085318356
12.70059880239521,0.5069953609227524
12.70059880239521,0.5413690308989669
12.70059880239521,0.5406850075379833
12.70059880239521,0.5281218112102368
12.679640718562874,0.46986535821637554
12.658682634730539,0.49234363022843286
12.658682634730539,0.528084164311711
12.616766467065867,0.5747889293045951
12.386227544910179,0.6627955117451134
12.386227544910179,0.6651627597940079
12.386227544910179,0.6557202206265853
12.365269461077844,0.660509943610231
12.260479041916167,0.6085738070179696
12.11377245508982,0.5991468405470944
12.11377245508982,0.532867514723611
12.11377245508982,0.5738726941358517
12.11377245508982,0.5780764532828409
12.092814371257484,0.5489464067887195
12.029940119760479,0.5743499111389894
12.008982035928144,0.5886012226250581
11.862275449101796,0.5903241859860966
11.862275449101796,0.625308081389666
11.820359281437124,0.6579542824412856
11.778443113772454,0.6549906953483653
11.652694610778443,0.6604528834069752
11.652694610778443,0.6530583629121849
11.52694610778443,0.6052820409077032
11.505988023952096,0.5903975081490365
11.505988023952096,0.5989955434943807
11.505988023952096,0.5927389627667417
11.505988023952096,0.5915690761644989
11.505988023952096,0.6141353876699427
11.254491017964071,0.5866841021883019
11.233532934131736,0.5709008250070615
11.233532934131736,0.5959891580321767
11.233532934131736,0.6373648989661628
11.233532934131736,0.6274322929483498
11.191616766467066,0.6375484629818712
10.94011976047904,0.6077223285228337
10.94011976047904,0.5956438979208734
10.89820359281437,0.5818002576371275
10.877245508982035,0.5970578962744534
10.8562874251497,0.5836552455549888
10.835329341317365,0.5918431864863415
10.835329341317365,0.6084669611100938
10.646706586826348,0.6215720009898376
10.604790419161676,0.6256075373080003
10.604790419161676,0.6008105063867967
10.520958083832335,0.5946487113173898
10.520958083832335,0.592508437896296
10.374251497005988,0.5967435886650323
10.374251497005988,0.5990888819918342
10.353293413173652,0.5967659026891848
10.22754491017964,0.5876109330836186
10.22754491017964,0.6011275534823605
10.22754491017964,0.5985836023120121
10.101796407185628,0.6045196509268363
10.080838323353293,0.613146316808946
10.080838323353293,0.605731461934586
9.934131736526945,0.58606099038501
9.892215568862275,0.599066573792365
9.892215568862275,0.5716244713156247
9.850299401197605,0.5469498946109874
9.82934131736527,0.5312766421606155
9.682634730538922,0.5256635767586311
9.661676646706587,0.5355882593527854
9.661676646706587,0.5548317859522023
9.661676646706587,0.592941742356362
9.661676646706587,0.6159899609460359
9.410179640718562,0.6110861857851653
9.410179640718562,0.545791801962896
9.410179640718562,0.5741129616560459
9.389221556886227,0.5577193763255843
9.263473053892215,0.534204423951621
9.263473053892215,0.5628616094073993
9.158682634730539,0.5680791931544183
9.137724550898202,0.5928737074936883
9.137724550898202,0.58234914785813
9.053892215568862,0.5787260033924678
9.053892215568862,0.5807846868144898
9.032934131736527,0.5836609426496608
8.886227544910179,0.5758623975155509
8.760479041916167,0.5773509416904062
8.739520958083832,0.5603552665642089
8.718562874251496,0.5519295038829461
8.718562874251496,0.5248436483181066
8.676646706586826,0.5223221154526029
8.634730538922156,0.5293466425567621
8.592814371257484,0.5399180475514506
8.571856287425149,0.538877688770786
8.467065868263472,0.5510891263014763
8.362275449101796,0.5458797136957177
8.362275449101796,0.5430171979670707
8.257485029940119,0.5278571172971486
8.257485029940119,0.5163017848752408
8.257485029940119,0.5360493050690858
8.173652694610778,0.5301717450811166
8.089820359281436,0.510290088177009
8.068862275449101,0.5085556370775679
7.964071856287425,0.5203692740925533
7.9431137724550895,0.5243636841015807
7.901197604790418,0.5068696783475573
7.880239520958083,0.5115624981683173
7.712574850299401,0.5071809137630255
7.712574850299401,0.49984422691708374
7.691616766467066,0.49749077325357616
7.691616766467066,0.49820599916917396
7.586826347305388,0.46335714910453063
7.586826347305388,0.46088711300190804
7.586826347305388,0.47540847690398474
7.482035928143712,0.5056216330958863
7.314371257485029,0.4835939140398178
7.293413173652694,0.486813468461779
7.293413173652694,0.454555715296943
7.272455089820359,0.4290864508364209
7.251497005988023,0.46067902081493123
7.062874251497005,0.46469106638869045
7.04191616766467,0.45542055278404364
7.04191616766467,0.46195529130406104
7.04191616766467,0.44954288773752554
7.0,0.4614265639643729
6.811377245508981,0.46116663300001076
6.790419161676646,0.44252256583672345
6.769461077844311,0.4299774312998971
6.769461077844311,0.4145349591493047
6.664670658682635,0.4280913434876177
6.5598802395209574,0.43273844100898917
6.538922155688622,0.39364952732564534
6.538922155688622,0.42441586657046554
6.538922155688622,0.4313385781886928
6.287425149700598,0.4163737754232064
6.287425149700598,0.3958268505291236
6.245508982035927,0.3862416624468132
6.245508982035927,0.3501366395546356
6.245508982035927,0.38917478113923554
6.245508982035927,0.4038224121412959
6.014970059880239,0.42213364116442154
5.994011976047904,0.39239124378099244
5.994011976047904,0.36907838096296813
5.889221556886227,0.36712427920545604
5.889221556886227,0.36486170999004036
5.868263473053892,0.370160652700292
5.763473053892215,0.35734309434699646
5.763473053892215,0.34802002213795924
5.742514970059879,0.3562299452083869
5.721556886227544,0.3800570931694836
5.532934131736527,0.3715315353498957
5.5119760479041915,0.34150905110072616
5.491017964071856,0.3131165007390074
5.491017964071856,0.31543146085371665
5.42814371257485,0.33292136275159734
5.407185628742514,0.3504966221178761
5.407185628742514,0.35718429645563227
5.239520958083832,0.34234050847212893
5.2185628742514965,0.3179366312744695
5.2185628742514965,0.3069003480152705
5.2185628742514965,0.29988965250625604
5.155688622754491,0.30788111947727836
5.134730538922155,0.3163693850273172
5.029940119760479,0.3112392738405792
5.029940119760479,0.31385063603355906
5.008982035928144,0.31338599281776564
4.925149700598802,0.2921980644043655
4.904191616766466,0.28512246864396984
4.820359281437126,0.2763344261667519
4.79940119760479,0.29136727129333895
4.778443113772455,0.2898453836617
4.6946107784431135,0.2858718151127877
4.631736526946107,0.25864543389691075
4.631736526946107,0.2505125780811138
4.610778443113772,0.2742665582235403
4.526946107784431,0.26621097729481513
4.485029940119761,0.25986864367039525
4.422155688622754,0.2703692501826123
4.380239520958083,0.260664556164596
4.359281437125748,0.24967187642540048
4.296407185628742,0.23254088228578873
4.275449101796407,0.24017741416935331
4.212574850299401,0.2631154175231517
4.1706586826347305,0.25687174053227707
4.128742514970059,0.22104652386014012
4.086826347305389,0.2311894171406927
4.023952095808383,0.24062777798310309
3.9820359281437123,0.24874497818173577
3.9610778443113768,0.2327795493506831
3.898203592814371,0.24128176938412937
3.8353293413173652,0.22898057503706984
3.772455089820359,0.2169323299422276
3.7305389221556884,0.22090308357657595
3.709580838323353,0.2241175467864932
3.6257485029940115,0.22507223311228694
3.5838323353293413,0.21835995735442773
3.5628742514970058,0.21908608910805627
3.520958083832335,0.2116538793054069
3.458083832335329,0.22041033273312374
3.437125748502994,0.23239358883212674
3.3532934131736525,0.21869583332068185
3.311377245508982,0.20466706758485567
3.2904191616766463,0.19778724333337375
3.248502994011976,0.22048703989416948
3.1646706586826348,0.23211108060864655
3.143712574850299,0.20493819470114086
3.0808383233532934,0.20593181246168613
3.059880239520958,0.2085881738178734
2.955089820359281,0.26904210023497754
2.913173652694611,0.2281704395646419
2.8712574850299397,0.23263440897310833
2.808383233532934,0.20416973240703026
2.7874251497005984,0.2124355061058409
2.7664670658682633,0.21953344102669797
2.682634730538922,0.249549265647069
2.619760479041916,0.2682308791862382
2.5988023952095807,0.27659737763582887
2.5149700598802394,0.29064548292346243
2.4940119760479043,0.28464068403757153
2.4730538922155687,0.2997439602853305
2.3892215568862274,0.31013605650735065
2.3473053892215567,0.3471906237026004
2.2844311377245505,0.3698613378141228
2.2425149700598803,0.3681776340224504
2.200598802395209,0.37959174173162596
2.1377245508982035,0.38704032334013766
2.1377245508982035,0.3931596120484412
2.116766467065868,0.3922902931490863
2.0119760479041915,0.401258526721664
1.9910179640718562,0.39339699207208856
1.9071856287425148,0.40618881305667315
1.9071856287425148,0.42732343377274457
1.8443113772455089,0.4410992582813047
1.8443113772455089,0.4471901271414738
1.7395209580838322,0.47706228533779604
1.6976047904191616,0.4762924346681692
1.6766467065868262,0.47472253798302977
1.6137724550898203,0.4695478872253262
1.5718562874251496,0.48320577132412057
1.5508982035928143,0.5135617137876209
1.467065868263473,0.5203280063105454
1.4251497005988023,0.5079596507224222
1.3832335329341316,0.5169853347796298
1.341317365269461,0.5347814276599758
1.3203592814371257,0.54097205565324
1.278443113772455,0.5426652805941528
1.215568862275449,0.5771808437555068
1.1946107784431137,0.5847780171426197
1.1317365269461077,0.5939345944151685
1.0688622754491017,0.5961169568825121
1.0688622754491017,0.6087168189956885
0.9431137724550898,0.2280297109647666
0.9221556886227544,0.15519614424142458
0.8592814371257484,0.14639664962430363
0.8383233532934131,0.1299410276329132
0.8173652694610778,0.14667189136380526
0.7964071856287425,0.15326936827296445
0.7754491017964071,0.15058554202642987
0.7335329341317365,0.14870154652410617
0.7125748502994012,0.1235493236061599
