15.829411764705883,0.15663443933385277
15.829411764705883,0.157334558823527
17.258823529411764,0.18259340100606578
17.258823529411764,0.26538200387230404
17.258823529411764,0.2648681687086072
17.23235294117647,0.29067821167040975
17.152941176470588,0.3182488107925444
16.861764705882354,0.5329766266420128
16.861764705882354,0.5645417594997091
16.861764705882354,0.7478184890615931
16.861764705882354,0.7941137539163134
16.861764705882354,0.938619257979874
15.723529411764705,0.2142021427410227
15.723529411764705,0.21364702251431072
15.723529411764705,0.21332087391418847
15.723529411764705,0.2132619683196999
15.723529411764705,1.3333123484181988
15.723529411764705,1.3112819481504296
15.723529411764705,1.2892775010452309
15.723529411764705,1.2611702988866893
15.723529411764705,1.2350503950779155
15.723529411764705,1.2345586477016504
15.723529411764705,1.0650628295287687
15.723529411764705,1.0644420473618044
15.723529411764705,1.042138833485921
15.723529411764705,1.0406454492307917
15.723529411764705,0.9563022685502387
15.723529411764705,0.842731450419471
15.723529411764705,0.8468184166352487
15.723529411764705,0.8471183037177414
15.723529411764705,0.8471183037177414
15.723529411764705,0.9759229620714597
15.723529411764705,0.9770484492412038
15.723529411764705,0.900201162723528
15.723529411764705,0.900201162723528
15.697058823529412,0.8853249721282014
15.697058823529412,0.9070038637271529
15.405882352941177,0.9813202480501194
15.405882352941177,0.9822795777600126
15.379411764705882,0.9803326768819686
15.379411764705882,0.9776035898698667
15.379411764705882,0.9776632909687514
15.379411764705882,0.9931243643143265
15.379411764705882,0.993039549624658
15.352941176470589,1.0690744835638868
15.008823529411764,1.0698635174313496
15.008823529411764,1.070116929741334
15.008823529411764,0.9610469051832788
15.008823529411764,0.9610308666511471
15.008823529411764,0.981453454245045
15.008823529411764,1.038238926322766
15.008823529411764,1.0382670401751788
15.008823529411764,0.9710489111838493
15.008823529411764,0.9707653644736073
14.744117647058824,0.9683565574680264
14.744117647058824,0.9790036686640844
14.744117647058824,0.9801404130747083
14.426470588235293,1.049236110186599
14.426470588235293,1.049368529244799
14.426470588235293,0.9902744700566961
14.426470588235293,0.9307369296033023
14.426470588235293,0.9307369296033023
14.426470588235293,0.9619944605954143
14.426470588235293,0.9619944605954143
14.426470588235293,0.9280022931919545
14.029411764705882,0.9543907503690612
14.029411764705882,0.9543342655129592
14.029411764705882,0.9633412988518693
14.029411764705882,0.9629599674887487
14.029411764705882,0.9629599674887487
14.029411764705882,1.0125982890489367
13.76470588235294,0.9701130541537334
13.76470588235294,0.9698772576870917
13.738235294117647,0.9699437736392242
13.738235294117647,0.9706139597151853
13.738235294117647,0.9708283886205461
13.738235294117647,0.9962215502366035
13.711764705882352,0.9612922937129582
13.711764705882352,0.9613029899340078
13.341176470588236,0.8716114734268025
13.341176470588236,0.8716114734268025
13.261764705882353,0.9148381966296472
13.261764705882353,0.9086961211589857
13.208823529411765,0.9206068775633114
13.208823529411765,0.9197244301866265
13.208823529411765,0.8632706673922719
13.208823529411765,0.863319619983216
13.208823529411765,0.9125558132325473
13.208823529411765,0.9138675347581197
12.970588235294118,0.935996452185953
12.970588235294118,0.9359997542445904
12.970588235294118,0.9779874206004948
12.944117647058823,0.9554503385860905
12.944117647058823,0.9554313876195488
12.626470588235295,0.8873193176988339
12.361764705882353,0.8727078695767142
12.361764705882353,0.8821714526343467
12.361764705882353,0.8820830815525296
12.361764705882353,0.8581073971877317
12.361764705882353,0.8583483552201446
12.361764705882353,0.858402138244945
12.361764705882353,0.86984917163596
12.361764705882353,0.8701984868416663
12.361764705882353,0.85554861087202
12.361764705882353,0.8869921138922204
12.361764705882353,0.88630087482895
12.255882352941176,0.9068499696071775
12.255882352941176,0.9065782282135958
11.938235294117646,0.8528872760121039
11.938235294117646,0.8526027275232655
11.938235294117646,0.8742058314675355
11.938235294117646,0.797312798131951
11.938235294117646,0.7976679979060911
11.938235294117646,0.7951222467907073
11.938235294117646,0.8672055266949962
11.938235294117646,0.8672055266949962
11.911764705882353,0.8491117382910419
11.911764705882353,0.8496362253948101
11.620588235294118,0.927911739038366
11.620588235294118,0.9279302741088059
11.382352941176471,0.9193831456550645
11.382352941176471,0.8274945376592329
11.382352941176471,0.8274683005474157
11.382352941176471,0.8274683005474157
11.355882352941176,0.8434617901292386
11.355882352941176,0.8434617901292386
11.064705882352941,0.8491572680179189
11.064705882352941,0.849257031713605
11.064705882352941,0.8249826922572031
11.064705882352941,0.8249308230195685
11.064705882352941,0.8236568878960573
11.064705882352941,0.8472218032512148
11.064705882352941,0.8472641193229427
11.038235294117646,0.8574479680940151
11.038235294117646,0.857400762241273
10.720588235294118,0.8202177698082754
10.720588235294118,0.8199352440169229
10.720588235294118,0.7638441352395837
10.720588235294118,0.7638663767064934
10.720588235294118,0.7641480940458293
10.402941176470588,0.7797410089924197
10.402941176470588,0.7795248360167394
10.402941176470588,0.7914392612619949
10.402941176470588,0.7916337059389352
10.402941176470588,0.7857019177005918
10.402941176470588,0.7858255157779565
10.402941176470588,0.7745836880625968
10.402941176470588,0.7745237838122919
10.244117647058824,0.804590192101182
10.244117647058824,0.8006720229547898
10.244117647058824,0.8008020579960724
9.873529411764705,0.7580583470129578
9.873529411764705,0.7580196981341273
9.873529411764705,0.7579756379516808
9.873529411764705,0.7342217128027682
9.873529411764705,0.735993601066967
9.741176470588234,0.7422232736162495
9.741176470588234,0.7422232736162495
9.714705882352941,0.7446849269955798
9.714705882352941,0.7449226597026923
9.714705882352941,0.7448564171368893
9.529411764705882,0.7000838967394512
9.529411764705882,0.7001031328000622
9.26470588235294,0.7022002296534628
9.26470588235294,0.7023595563378985
9.26470588235294,0.7022909743028263
9.26470588235294,0.6685333834539009
9.26470588235294,0.6684199874236741
9.238235294117647,0.7005354745016866
9.158823529411764,0.6971098631995656
9.158823529411764,0.69710269091898
9.0,0.7086052456891789
9.0,0.708545883859068
9.0,0.708753650264456
8.867647058823529,0.6901435124737443
8.867647058823529,0.6900856979581848
8.735294117647058,0.6322245211298222
8.735294117647058,0.6322245211298222
8.629411764705882,0.6324924401269412
8.629411764705882,0.6324073922300061
8.629411764705882,0.6323733730712303
8.629411764705882,0.6322372964361346
8.470588235294118,0.6351319004137699
8.470588235294118,0.6353463474141203
8.470588235294118,0.6353463474141203
8.338235294117647,0.5987163490179136
8.338235294117647,0.5987163490179136
8.073529411764707,0.5931246986499515
8.073529411764707,0.5931246986499515
8.073529411764707,0.585201263378045
8.073529411764707,0.5928294546340696
8.073529411764707,0.5921309842860953
8.073529411764707,0.5921309842860953
7.9147058823529415,0.5905918731914382
7.9147058823529415,0.5905593899869855
7.9147058823529415,0.5905593899869855
7.544117647058823,0.5452370031947107
7.623529411764705,0.5420048301253324
7.623529411764705,0.5420048301253324
7.544117647058823,0.5479247688118095
7.464705882352941,0.5290073315347552
7.464705882352941,0.5289938312120048
7.464705882352941,0.5289273997737142
7.147058823529411,0.5463722993507195
7.147058823529411,0.5458029970938706
7.147058823529411,0.5458029970938706
7.147058823529411,0.5081115818705961
7.147058823529411,0.5081115818705961
7.147058823529411,0.5081115818705961
6.88235294117647,0.4910260686028824
6.88235294117647,0.4910260686028824
6.88235294117647,0.5065334703859796
6.855882352941176,0.47954343960594226
6.855882352941176,0.47933406155984654
6.855882352941176,0.4793238914999201
6.564705882352941,0.5044913644971719
6.564705882352941,0.5042802332460816
6.564705882352941,0.5041863971344857
6.538235294117647,0.4343652456113426
6.538235294117647,0.4341450866267076
6.538235294117647,0.4341450866267076
6.405882352941177,0.4568982393011579
6.405882352941177,0.4568982393011579
6.141176470588235,0.44486668366911886
6.141176470588235,0.4058244637634057
6.141176470588235,0.4058244637634057
6.141176470588235,0.4058244637634057
5.876470588235294,0.48145390949854927
5.876470588235294,0.4811588525748959
5.902941176470589,0.40488335626434135
5.902941176470589,0.40478505477707416
5.902941176470589,0.40495933956262425
5.6911764705882355,0.420665488381366
5.6911764705882355,0.420665488381366
5.6911764705882355,0.4205957293883098
5.5852941176470585,0.4151741830649605
5.479411764705882,0.3937829818364657
5.479411764705882,0.3937200006913221
5.479411764705882,0.3937200006913221
5.373529411764705,0.38251671415642396
5.373529411764705,0.38236649899959146
5.373529411764705,0.38236649899959146
5.161764705882353,0.39748133389191637
5.161764705882353,0.3974479727566439
5.161764705882353,0.3974479727566439
5.029411764705882,0.3874162586016948
5.029411764705882,0.3874162586016948
5.029411764705882,0.3874162586016948
4.923529411764706,0.39762211242371076
4.897058823529412,0.3954017418695454
4.897058823529412,0.3955696633119992
4.897058823529412,0.39532856748053063
4.711764705882353,0.3956841392288392
4.711764705882353,0.39492916033328407
4.711764705882353,0.39492916033328407
4.711764705882353,0.3949490420078142
4.5,0.4401495517336017
4.5,0.4395965062270659
4.5,0.43955392250606473
4.394117647058824,0.4021515217485953
4.394117647058824,0.40209692167022276
4.208823529411765,0.4686034124094682
4.208823529411765,0.4686034124094682
4.155882352941177,0.3986177585245684
4.155882352941177,0.3986177585245684
4.155882352941177,0.3986177585245684
4.05,0.46330274295384877
4.05,0.46330278208838194
4.05,0.46330278208838194
4.05,0.46330278208838194
3.838235294117647,0.6693029028767828
3.838235294117647,0.6693647108730658
3.838235294117647,0.6693647108730658
3.7323529411764707,0.6102343351416954
3.7323529411764707,0.6084188060077077
3.5735294117647056,0.5696905404213765
3.5735294117647056,0.5700181133637696
3.5735294117647056,0.6579039868908043
3.5735294117647056,0.6593641273457954
3.5735294117647056,0.6593641273457954
3.4676470588235295,0.7134370259398883
3.4676470588235295,0.7133040616526489
3.4676470588235295,0.713842990412907
3.4676470588235295,0.713842990412907
3.2294117647058824,0.756303729806537
3.2294117647058824,0.7559058529576
3.2294117647058824,0.7559058529576
3.0705882352941174,0.7217407236932667
3.0705882352941174,0.7220473954515194
3.0705882352941174,0.7218821286586093
3.0176470588235293,0.7358293812723128
3.0176470588235293,0.7358293812723128
2.9647058823529413,0.7666633638578423
2.9647058823529413,0.7665982084446382
2.9647058823529413,0.7665822793436188
2.8058823529411763,0.7975307214064397
2.8058823529411763,0.7970053333735004
2.8058823529411763,0.7970053333735004
2.8058823529411763,0.7970053333735004
2.5941176470588236,0.7327750404822384
2.5941176470588236,0.7325651986730679
2.5941176470588236,0.7325651986730679
2.514705882352941,0.766137693414198
2.514705882352941,0.76741029664154
2.514705882352941,0.7674295833894199
2.302941176470588,0.8013428093309302
2.276470588235294,0.7913009374864399
2.276470588235294,0.7915615585856983
2.276470588235294,0.7911832985782488
2.276470588235294,0.791220905249116
2.064705882352941,0.823348028112913
2.064705882352941,0.8227305172683324
2.064705882352941,0.8226813246445679
2.064705882352941,0.8226813246445679
1.9323529411764706,0.8124585174732895
1.9323529411764706,0.8123345697428971
1.9323529411764706,0.8123345697428971
1.7735294117647058,0.8025609864882155
1.7735294117647058,0.8027456508992541
1.7735294117647058,0.8026542208300749
1.7470588235294118,0.8180695735741104
1.7470588235294118,0.8184533366683893
1.588235294117647,0.830702042205574
1.588235294117647,0.8311942424486773
1.4029411764705881,0.43004684077994
1.4029411764705881,0.43131602955482873
1.4029411764705881,0.4313401932513116
1.4029411764705881,0.4313401932513116
1.4029411764705881,0.43124611473126573
1.3235294117647058,0.30766098674107417
1.3235294117647058,0.30818408171349343
1.3235294117647058,0.30807090512972857
1.2705882352941176,0.22447406671262504
1.2705882352941176,0.2244790599823374
1.2705882352941176,0.2241633906625504
1.2441176470588236,0.20420243641954705
1.2441176470588236,0.2032383799753131
1.2441176470588236,0.2020976505194737
1.2441176470588236,0.20169314890052936
1.2441176470588236,0.2020742804168638
1.2441176470588236,0.20267678112396906
1.2441176470588236,0.2026605330551077
1.2441176470588236,0.2026605330551077
1.2441176470588236,0.2026605330551077
1.2441176470588236,0.20230719506737602
1.2441176470588236,0.2028132414700832
1.2441176470588236,0.2027802386014647
1.2441176470588236,0.20265443916061684
1.2441176470588236,0.2035751771061099
1.2441176470588236,0.203734322125423
1.2441176470588236,0.20367249532180232
