-1.000000000000000056e-01 2.388999999999999790e+00 9.929000000000000625e+01 4.156000000000000227e+01
0.000000000000000000e+00 2.653000000000000025e+00 9.932999999999999829e+01 3.743999999999999773e+01
1.000000000000000056e-01 2.919000000000000039e+00 9.910999999999999943e+01 3.395000000000000284e+01
-1.000000000000000056e-01 2.414000000000000146e+00 7.234000000000000341e+01 2.996999999999999886e+01
0.000000000000000000e+00 2.678999999999999826e+00 7.223000000000000398e+01 2.696000000000000085e+01
1.000000000000000056e-01 2.939000000000000057e+00 7.209999999999999432e+01 2.453000000000000114e+01
-1.000000000000000056e-01 1.189000000000000057e+00 3.774000000000000199e+01 3.175000000000000000e+01
0.000000000000000000e+00 1.320999999999999952e+00 3.772999999999999687e+01 2.857000000000000028e+01
1.000000000000000056e-01 1.453999999999999959e+00 3.775999999999999801e+01 2.598000000000000043e+01
-1.000000000000000056e-01 2.000999999999999890e+00 8.693000000000000682e+01 4.343999999999999773e+01
0.000000000000000000e+00 2.221000000000000085e+00 8.679999999999999716e+01 3.907999999999999829e+01
1.000000000000000056e-01 2.438000000000000167e+00 8.671999999999999886e+01 3.557000000000000028e+01
-1.000000000000000056e-01 1.915000000000000036e+00 9.028000000000000114e+01 4.714999999999999858e+01
0.000000000000000000e+00 2.120999999999999996e+00 8.987000000000000455e+01 4.236999999999999744e+01
1.000000000000000056e-01 2.330999999999999961e+00 8.987999999999999545e+01 3.854999999999999716e+01
-1.000000000000000056e-01 3.637000000000000011e+00 1.334499999999999886e+02 3.668999999999999773e+01
0.000000000000000000e+00 4.049999999999999822e+00 1.338000000000000114e+02 3.303999999999999915e+01
1.000000000000000056e-01 4.464999999999999858e+00 1.336399999999999864e+02 2.992999999999999972e+01
-1.000000000000000056e-01 1.286999999999999922e+00 4.861999999999999744e+01 3.777000000000000313e+01
0.000000000000000000e+00 1.429000000000000048e+00 4.853999999999999915e+01 3.396000000000000085e+01
1.000000000000000056e-01 1.572999999999999954e+00 4.853999999999999915e+01 3.085999999999999943e+01
-1.000000000000000056e-01 1.068999999999999950e+00 3.824000000000000199e+01 3.575000000000000000e+01
0.000000000000000000e+00 1.187999999999999945e+00 3.821000000000000085e+01 3.214999999999999858e+01
1.000000000000000056e-01 1.304999999999999938e+00 3.814000000000000057e+01 2.921999999999999886e+01
-1.000000000000000056e-01 4.932999999999999829e+00 1.438300000000000125e+02 2.916000000000000014e+01
0.000000000000000000e+00 5.477000000000000313e+00 1.442299999999999898e+02 2.633999999999999986e+01
1.000000000000000056e-01 6.011999999999999567e+00 1.436599999999999966e+02 2.389999999999999858e+01
-1.000000000000000056e-01 3.355999999999999872e+00 1.496800000000000068e+02 4.460000000000000142e+01
0.000000000000000000e+00 3.712000000000000188e+00 1.492800000000000011e+02 4.021000000000000085e+01
1.000000000000000056e-01 4.092999999999999972e+00 1.496800000000000068e+02 3.657000000000000028e+01
