7.995823008849556,0.0807143576677821,12.688888888888888
7.995823008849556,0.07837907878264609,13.096296296296297
7.995823008849556,0.08051709527738463,13.91851851851852
7.995823008849556,0.22417628075714574,14.118518518518519
7.995823008849556,0.2366291974648356,14.062962962962963
7.995823008849556,0.2495733257293172,14.307407407407407
7.876035398230087,0.31378852061316537,14.951851851851853
7.831115044247788,0.3154314604297661,15.755555555555556
7.831115044247788,0.31285384425706186,16.74074074074074
7.741274336283186,0.3145654620752163,17.42962962962963
7.741274336283186,0.31676720283041526,18.6
7.741274336283186,0.27122958225407895,19.29259259259259
7.741274336283186,0.27143066545523703,19.774074074074075
7.741274336283186,0.284656671617151,20.75925925925926
7.741274336283186,0.2805422089189658,21.807407407407407
7.741274336283186,0.3096510638980289,23.562962962962963
7.741274336283186,0.30909498433283145,24.0
7.741274336283186,0.3098054276435196,24.933333333333334
7.741274336283186,0.33048783096270257,24.814814814814813
7.741274336283186,0.3441963942817694,24.925925925925927
7.741274336283186,0.34543350606241574,24.42962962962963
7.741274336283186,0.34648256428720303,24.996296296296297
7.606513274336282,0.34138864997055657,26.24074074074074
7.606513274336282,0.29459615938132094,27.58888888888889
7.606513274336282,0.3129999314920752,28.462962962962962
7.606513274336282,0.33648083378324434,29.51851851851852
7.606513274336282,0.36884338516309806,29.833333333333332
7.606513274336282,0.380484802361983,30.159259259259258
7.561592920353982,0.3860142106150693,29.74074074074074
7.561592920353982,0.3970369565059834,30.614814814814814
7.561592920353982,0.3512166254975311,30.822222222222223
7.531646017699114,0.3480484561919791,31.255555555555556
7.396884955752212,0.3396791392616702,31.296296296296298
7.396884955752212,0.35568681813193803,33.425925925925924
7.396884955752212,0.3621174615191977,35.714814814814815
7.396884955752212,0.3630448653234813,36.592592592592595
7.396884955752212,0.37701328804287526,37.351851851851855
7.396884955752212,0.3774308541947108,38.25185185185185
7.396884955752212,0.36859646960837333,38.62222222222222
7.396884955752212,0.37889173142871835,39.29259259259259
7.396884955752212,0.37864036209864044,38.98518518518519
7.396884955752212,0.3818845376424177,39.370370370370374
7.396884955752212,0.38484630547911175,38.81481481481482
7.396884955752212,0.38616401687315427,38.81111111111111
7.396884955752212,0.36098918374630584,37.81111111111111
7.247150442477875,0.36129371913822866,38.34074074074074
7.232176991150442,0.3691990177289233,39.977777777777774
7.232176991150442,0.37561175223511506,41.27407407407407
7.232176991150442,0.36999400038603764,41.64074074074074
7.232176991150442,0.36919036434119107,42.74074074074074
7.232176991150442,0.3719417548233957,43.03703703703704
7.232176991150442,0.38002969695445377,43.318518518518516
7.2022300884955746,0.3869356363131606,42.681481481481484
7.2022300884955746,0.4317188158853686,43.22592592592593
7.2022300884955746,0.42892974723970106,42.94074074074074
7.2022300884955746,0.40943919512306515,42.80740740740741
7.2022300884955746,0.3951822157767367,41.58518518518518
7.09741592920354,0.38965457463080294,42.13703703703704
7.09741592920354,0.3828082918081662,41.99629629629629
7.09741592920354,0.384387604791595,43.24444444444445
6.97762831858407,0.3894361344259636,43.3962962962963
6.97762831858407,0.389806610241113,46.86296296296296
6.97762831858407,0.3705699128203436,48.544444444444444
6.97762831858407,0.37213410330233077,50.21111111111111
6.97762831858407,0.34823313495730873,51.13333333333333
6.97762831858407,0.3469247218411984,51.62592592592593
6.97762831858407,0.32994854976342264,50.870370370370374
6.97762831858407,0.3376583971873257,50.48888888888889
6.947681415929203,0.3692199862224294,48.58148148148148
6.947681415929203,0.3791111116959982,48.67037037037037
6.947681415929203,0.3783995322906215,47.28888888888889
6.8428672566371676,0.37115820525903565,46.30740740740741
6.8428672566371676,0.35337653047429896,46.94074074074074
6.8428672566371676,0.35622418452043986,47.370370370370374
6.827893805309734,0.36462997699758287,47.01481481481481
6.797946902654867,0.36985951132273104,47.56296296296296
6.797946902654867,0.376139120989603,47.148148148148145
6.797946902654867,0.386694717822567,47.007407407407406
6.782973451327433,0.38548495235720903,46.2037037037037
6.723079646017699,0.3895681306320314,46.17037037037037
6.723079646017699,0.34856216087695674,46.01481481481481
6.708106194690265,0.35218445466642306,45.91111111111111
6.708106194690265,0.3661454726571445,44.992592592592594
6.708106194690265,0.3663237613258651,45.096296296296295
6.708106194690265,0.3646092993514878,44.22592592592593
6.708106194690265,0.3661054521219439,43.75185185185185
6.708106194690265,0.3656445092861052,42.388888888888886
6.573345132743363,0.3539991928107511,42.05555555555556
6.573345132743363,0.35354418653454295,43.507407407407406
6.573345132743363,0.3450958136549132,44.1037037037037
6.573345132743363,0.3316566038490462,43.955555555555556
6.558371681415929,0.3313329664739252,44.3
6.513451327433628,0.33760392025869845,44.662962962962965
6.513451327433628,0.3327393408924872,45.20740740740741
6.513451327433628,0.33276425512825725,44.351851851851855
6.513451327433628,0.3217561072545176,44.58518518518518
6.513451327433628,0.31728099907834423,44.51851851851852
6.513451327433628,0.3114126802364813,43.84444444444444
6.513451327433628,0.32680857021339527,41.94814814814815
6.438584070796459,0.33418922858594874,42.42962962962963
6.438584070796459,0.3444014996991694,42.214814814814815
6.363716814159292,0.3584948866540946,43.35925925925926
6.348743362831858,0.35843875216472554,44.70740740740741
6.348743362831858,0.3607120865140298,45.84444444444444
6.348743362831858,0.3505969257817309,46.629629629629626
6.348743362831858,0.3427902768005392,46.91851851851852
6.348743362831858,0.33524485207632904,46.63333333333333
6.348743362831858,0.30903526303030515,45.74074074074074
6.348743362831858,0.3127555450448482,43.629629629629626
6.243929203539822,0.32763561650846673,45.148148148148145
6.243929203539822,0.31405323439580196,45.72592592592593
6.243929203539822,0.30403512721130727,46.53333333333333
6.228955752212389,0.3090678017371542,46.77407407407407
6.228955752212389,0.3236846221588112,47.696296296296296
6.228955752212389,0.3485235551865185,48.15185185185185
6.228955752212389,0.359420225067217,48.05925925925926
6.228955752212389,0.3640751247310068,47.36666666666667
6.228955752212389,0.3688486631594149,46.57037037037037
6.1241415929203535,0.3456965842116155,47.81481481481482
6.1241415929203535,0.3308444626831014,49.32962962962963
6.1241415929203535,0.3293687025572632,49.63333333333333
6.034300884955752,0.33580492986518823,49.574074074074076
6.034300884955752,0.33495582397848134,51.29259259259259
6.034300884955752,0.3327473163054272,53.41851851851852
6.004353982300885,0.30706683705264204,54.65925925925926
6.004353982300885,0.30078537713050696,56.37777777777778
5.989380530973451,0.2946176154431027,56.8
5.989380530973451,0.3002037253803725,57.303703703703704
5.989380530973451,0.2997026891471489,56.3962962962963
5.989380530973451,0.2920543802507271,56.044444444444444
5.959433628318584,0.28879355439622634,55.45925925925926
5.959433628318584,0.30785512005373084,54.818518518518516
5.94446017699115,0.32874007191600774,54.00370370370371
5.94446017699115,0.36202417277209714,52.0
5.94446017699115,0.366426795801574,50.10740740740741
5.884566371681415,0.37207850773838524,49.29259259259259
5.839646017699115,0.3661320323301278,48.17407407407408
5.839646017699115,0.3669821441480584,48.72222222222222
5.749805309734513,0.35820330555495267,50.27407407407407
5.719858407079646,0.33866705014866016,53.70740740740741
5.719858407079646,0.3150356696162266,55.54074074074074
5.719858407079646,0.31524692382260444,56.48518518518519
5.719858407079646,0.31567350562973595,57.111111111111114
5.719858407079646,0.3121659701429786,57.91111111111111
5.704884955752211,0.29531712759325873,58.233333333333334
5.704884955752211,0.29394053479079135,58.36296296296296
5.704884955752211,0.3051665742048504,57.714814814814815
5.704884955752211,0.30249570057753417,56.87407407407407
5.600070796460177,0.300095755809123,57.025925925925925
5.600070796460177,0.30477291329506406,58.75185185185185
5.585097345132743,0.30481703301513513,60.11851851851852
5.585097345132743,0.3003828352616641,60.71851851851852
5.585097345132743,0.30379820507407307,60.1
5.540176991150442,0.3204491947193123,60.63703703703704
5.525203539823008,0.3030243717192581,60.65925925925926
5.525203539823008,0.2995752799894263,60.52962962962963
5.525203539823008,0.3041570393612378,59.214814814814815
5.480283185840707,0.3082613704556305,59.82222222222222
5.480283185840707,0.30842574050401894,58.644444444444446
5.480283185840707,0.30873182016975675,58.35925925925926
5.465309734513274,0.3172880309302689,56.35925925925926
5.4054159292035395,0.3144671640969136,56.05185185185185
5.345522123893804,0.30542536476708326,57.766666666666666
5.345522123893804,0.30735794033422364,59.75925925925926
5.345522123893804,0.30373729195080346,61.19259259259259
5.345522123893804,0.3131585100483522,61.37407407407407
5.345522123893804,0.310363062473861,60.43333333333333
5.300601769911504,0.2789953461100693,59.71111111111111
5.28562831858407,0.2810017134815761,60.1037037037037
5.28562831858407,0.29193789290934713,59.81111111111111
5.225734513274336,0.2972268503608245,58.79259259259259
5.225734513274336,0.29713400379460264,60.237037037037034
5.195787610619469,0.288021544357115,61.44444444444444
5.180814159292035,0.2825579522392682,63.818518518518516
5.180814159292035,0.2805485075975721,63.992592592592594
5.180814159292035,0.27996840662660016,64.51481481481481
5.180814159292035,0.28125253124785027,63.388888888888886
5.1209203539823,0.2901258465526578,61.79259259259259
5.105946902654867,0.2934538353776082,61.93703703703704
5.105946902654867,0.2815969656699075,62.78148148148148
5.105946902654867,0.28241222695882817,62.737037037037034
5.105946902654867,0.28218316238475394,61.903703703703705
5.061026548672566,0.30813607400107706,61.82592592592592
5.031079646017699,0.29855864926202885,62.82962962962963
5.031079646017699,0.28221315758031496,63.32222222222222
5.031079646017699,0.27221167665454343,63.42962962962963
5.031079646017699,0.2656677870698222,62.41851851851852
4.971185840707964,0.27030977634755715,62.7037037037037
4.971185840707964,0.28114373341906146,63.196296296296296
4.91129203539823,0.28065869693913675,65.85185185185185
4.91129203539823,0.28288960205724195,67.25185185185185
4.91129203539823,0.2820645621716284,68.58148148148148
4.91129203539823,0.27492107002963667,68.87037037037037
4.91129203539823,0.2694076685929988,68.28518518518518
4.91129203539823,0.2669878954312408,67.54074074074074
4.896318584070796,0.2808987613948321,65.28888888888889
4.806477876106195,0.2775986957916331,67.14444444444445
4.806477876106195,0.26071899248524344,69.17037037037036
4.806477876106195,0.25334238317866004,70.0
4.806477876106195,0.25533747295098996,70.70370370370371
4.806477876106195,0.25822900152553746,70.18888888888888
4.79150442477876,0.2749103949417491,67.88888888888889
4.761557522123893,0.2524862084623043,67.58148148148148
4.716637168141593,0.2516463437477393,69.53703703703704
4.716637168141593,0.25103986151094015,69.80740740740741
4.716637168141593,0.25276505391143517,70.17407407407407
4.716637168141593,0.25139853571679716,69.23703703703704
4.701663716814158,0.2632177552960186,69.21481481481482
4.701663716814158,0.2752809775466615,66.54814814814814
4.6866902654867255,0.28189182611470004,66.06296296296296
4.626796460176991,0.28025238575148426,66.11481481481482
4.626796460176991,0.26946178890386996,67.05555555555556
4.611823008849557,0.2718479466456288,66.95925925925926
4.611823008849557,0.2811483623330078,66.12592592592593
4.551929203539823,0.2821840597877525,66.86296296296297
4.521982300884955,0.27077946105303247,68.35925925925926
4.521982300884955,0.25183409825985936,70.57037037037037
4.4920353982300885,0.25744392111808634,71.93703703703704
4.477061946902655,0.260695368383465,72.57777777777778
4.477061946902655,0.2549845973177948,75.48148148148148
4.477061946902655,0.24511757263899733,76.8037037037037
4.477061946902655,0.23738156101408733,78.13333333333334
4.477061946902655,0.23500781677401542,76.94814814814815
4.462088495575221,0.25268998372820745,76.35925925925926
4.462088495575221,0.25468482087173827,75.10740740740741
4.402194690265486,0.2471170119579949,73.68518518518519
4.357274336283186,0.246045813779009,73.32962962962964
4.357274336283186,0.2502930384728368,75.18518518518519
4.357274336283186,0.25416512567515426,74.92962962962963
4.327327433628318,0.24784621004563712,74.5
4.312353982300885,0.23608522241403437,75.05185185185185
4.312353982300885,0.23429426838432066,75.30740740740741
4.312353982300885,0.22937443700342194,74.12592592592593
4.297380530973451,0.23524742261098047,73.87407407407407
4.282407079646018,0.24147989971423486,72.87407407407407
4.282407079646018,0.24510863682793071,71.46666666666667
4.222513274336283,0.25989948406984403,70.11851851851851
4.222513274336283,0.2597173801626177,71.34074074074074
4.222513274336283,0.24311269719293305,71.05555555555556
4.222513274336283,0.24030667168572245,69.88148148148149
4.162619469026549,0.23541412222601996,71.23333333333333
4.162619469026549,0.23031584915827655,72.26296296296296
4.147646017699114,0.22459772114508533,72.30740740740741
4.117699115044248,0.22446965146293654,73.05185185185185
4.117699115044248,0.22788528893421425,73.11481481481482
4.102725663716814,0.22440462712411388,73.21481481481482
4.102725663716814,0.22454454527078327,72.51851851851852
4.072778761061947,0.2300793243230736,72.07037037037037
4.057805309734513,0.23814603554196845,71.54074074074074
4.057805309734513,0.2398564639482944,71.37037037037037
4.027858407079646,0.23206493338453704,70.36666666666666
4.012884955752212,0.22728117225319075,71.11481481481482
3.967964601769911,0.22860731694172468,73.37777777777778
3.952991150442477,0.22279933539852237,75.60740740740741
3.952991150442477,0.21490994867981456,76.88148148148149
3.952991150442477,0.2127968723475527,77.0
3.952991150442477,0.21191176202031523,76.35925925925926
3.952991150442477,0.21267835526913859,75.4074074074074
3.952991150442477,0.2159844376039078,73.25925925925925
3.8781238938053098,0.21636384002875952,71.42592592592592
3.8781238938053098,0.21783446118007208,73.04814814814814
3.8631504424778758,0.22292595799568368,72.82592592592593
3.8631504424778758,0.22481805245645559,72.30740740740741
3.8631504424778758,0.22375640031222874,72.4888888888889
3.803256637168141,0.21488526598442814,72.2925925925926
3.7882831858407076,0.21416305188320103,73.23703703703704
3.7882831858407076,0.22056494106492164,74.11851851851851
3.773309734513274,0.2218769107821843,73.50740740740741
3.773309734513274,0.2267309127143599,73.36666666666666
3.7283893805309734,0.2237079880316795,71.14444444444445
3.7134159292035394,0.22275238029612104,72.64074074074074
3.6684955752212387,0.2120968750916473,77.1962962962963
3.6684955752212387,0.2087309020432671,79.2074074074074
3.6684955752212387,0.206765830373921,80.53333333333333
3.6684955752212387,0.20930396586469313,81.08148148148148
3.6684955752212387,0.20549828147983576,81.55925925925926
3.6684955752212387,0.20192130386687213,81.37407407407407
3.6684955752212387,0.2032959853613046,80.55925925925926
3.6235752212389376,0.20359702569013852,80.85185185185185
3.608601769911504,0.2191338419087477,82.25925925925925
3.608601769911504,0.2212199527958933,81.74074074074075
3.5636814159292034,0.215271145867368,81.31851851851852
3.5636814159292034,0.2146659011380561,81.72592592592592
3.5187610619469023,0.209632369449106,82.54814814814814
3.5187610619469023,0.21133503136587664,85.8037037037037
3.5037876106194688,0.2153058511327225,88.38148148148149
3.5037876106194688,0.211462845401092,89.58148148148148
3.5037876106194688,0.20829974152807804,90.88148148148149
3.5037876106194688,0.19587759154798862,91.35555555555555
3.5037876106194688,0.18927494208884543,91.75555555555556
3.5037876106194688,0.18834114161498838,91.0
3.4738407079646016,0.1924696959701029,90.79629629629629
3.4738407079646016,0.20485145617249792,90.31481481481481
3.458867256637168,0.20026035228851857,90.5111111111111
3.443893805309734,0.203630240001831,90.01851851851852
3.443893805309734,0.2077012655351666,90.07407407407408
3.4289203539823006,0.2161066922723794,88.13333333333334
3.4289203539823006,0.22055429081562908,85.4037037037037
3.339079646017699,0.2085346199040758,87.91851851851852
3.339079646017699,0.20006016195369217,91.4888888888889
3.339079646017699,0.19443391187357914,93.24444444444444
3.339079646017699,0.19701634847185015,94.52592592592593
3.3241061946902652,0.20191349708073872,94.07777777777778
3.3241061946902652,0.20052398288228188,94.91481481481482
3.3241061946902652,0.18816591017725956,93.86296296296297
3.3091327433628313,0.1913832075341745,92.67407407407407
3.294159292035398,0.19880064488041468,91.65925925925926
3.249238938053097,0.203849976256672,89.61851851851851
3.249238938053097,0.2080211329391886,91.0111111111111
3.2342654867256635,0.20683464136979576,91.99259259259259
3.2192920353982295,0.20666940700687111,92.97037037037038
3.2192920353982295,0.2087943403500988,93.48518518518519
3.189345132743363,0.1977526006509809,93.71851851851852
3.1444247787610617,0.19395009897148735,95.05925925925926
3.1444247787610617,0.1969946002618011,99.4962962962963
3.1444247787610617,0.19500565235969694,101.93703703703704
3.1294513274336277,0.1945696924973032,104.28148148148148
3.1294513274336277,0.19625543159616188,103.80740740740741
3.1294513274336277,0.19391935392697743,102.60740740740741
3.1144778761061946,0.1931757659246333,101.3037037037037
3.05458407079646,0.195460579030487,101.9074074074074
3.05458407079646,0.19932675408440145,103.63703703703703
3.05458407079646,0.19789220319682319,104.28888888888889
3.05458407079646,0.19836588900891153,103.62222222222222
3.0096637168141593,0.1923462431402461,104.38518518518518
2.979716814159292,0.188649361106324,106.44444444444444
2.979716814159292,0.18930446338131832,107.52222222222223
2.979716814159292,0.19022756846306804,107.2925925925926
2.9647433628318582,0.192081794331383,107.78148148148148
2.9347964601769907,0.19539469848060503,107.57407407407408
2.9347964601769907,0.20026637559219443,107.57037037037037
2.9347964601769907,0.203116881029059,104.87777777777778
2.8749026548672565,0.1910862140720704,107.4962962962963
2.8749026548672565,0.18915445375602727,109.83333333333333
2.859929203539823,0.19662515703194763,111.20370370370371
2.859929203539823,0.1959162366549333,111.27777777777777
2.844955752212389,0.19131121118060584,109.5037037037037
2.7850619469026547,0.18430697526755635,116.35185185185185
2.7850619469026547,0.18244463378203796,118.82592592592593
2.7850619469026547,0.17766693090015107,121.15925925925926
2.770088495575221,0.17860520608261946,119.55925925925926
2.755115044247787,0.18224390205340846,116.91851851851852
2.7401415929203536,0.18702132237724217,117.25185185185185
2.7251681415929205,0.19016713714974362,115.07777777777778
2.695221238938053,0.1881021852029202,115.51481481481481
2.6652743362831854,0.1882810464704117,118.66666666666667
2.650300884955752,0.1829239272458353,122.34814814814816
2.650300884955752,0.17765250562158674,125.31111111111112
2.6353274336283183,0.17656183284786053,126.57407407407408
2.6353274336283183,0.1754903747889061,126.60740740740741
2.6053805309734512,0.17060768530668946,127.05555555555556
2.6053805309734512,0.1665383196783425,127.5037037037037
2.6053805309734512,0.17135901443547844,125.51481481481481
2.5754336283185837,0.17780661262222933,122.34814814814816
2.5754336283185837,0.18637351764099172,118.5962962962963
2.5454867256637166,0.18767951722706247,116.57407407407408
2.530513274336283,0.18422350536978396,118.9037037037037
2.500566371681416,0.18326304467197055,120.0111111111111
2.4706194690265484,0.17856983024105968,124.26666666666667
2.4706194690265484,0.1749315245266177,128.98888888888888
2.4706194690265484,0.1707170781806197,131.0074074074074
2.4706194690265484,0.1681548523646121,131.48888888888888
2.4706194690265484,0.1688935674586723,127.97407407407407
2.410725663716814,0.17049694684588262,128.9037037037037
2.410725663716814,0.174444061508769,131.23703703703703
2.39575221238938,0.1700792554382348,131.36666666666667
2.39575221238938,0.1652068213502183,129.72962962962964
2.335858407079646,0.16922417525518457,126.95555555555555
2.335858407079646,0.17574315101445734,130.6925925925926
2.3208849557522124,0.1776940822285723,132.67037037037036
2.3208849557522124,0.1727387054121961,133.37037037037038
2.3059115044247784,0.16966577165961136,132.0222222222222
2.2460176991150442,0.1644906181801509,137.90740740740742
2.2460176991150442,0.1601822898942929,141.36666666666667
2.2460176991150442,0.1555527139931551,145.62222222222223
2.2460176991150442,0.16087383178731837,145.5185185185185
2.2460176991150442,0.1639916892247228,142.86666666666667
2.2160707964601767,0.16610295896394048,138.36666666666667
2.171150442477876,0.165020735589865,138.1
2.171150442477876,0.1625443539929605,140.28148148148148
2.171150442477876,0.16525353425458827,138.56296296296296
2.126230088495575,0.1676491232464522,141.0814814814815
2.126230088495575,0.1644777855791287,143.88888888888889
2.126230088495575,0.1632447242149663,143.23703703703703
2.1112566371681414,0.16339560404617814,140.84074074074073
2.0663362831858403,0.1620392553975136,146.22592592592594
2.051362831858407,0.15845455537189024,149.51111111111112
2.051362831858407,0.15179640328007007,153.8962962962963
2.051362831858407,0.15046440585284482,154.88148148148147
2.0363893805309736,0.15112345495292634,153.6037037037037
2.0363893805309736,0.15546938532614465,148.93333333333334
1.9914690265486723,0.16362045610600323,147.8037037037037
1.9764955752212385,0.16402013210207722,147.47037037037038
1.9615221238938054,0.16268779383222934,145.34074074074073
1.9315752212389379,0.15830628999588398,147.13333333333333
1.9166017699115043,0.15406788913255892,151.22962962962964
1.9016283185840706,0.15308729930016343,151.23703703703703
1.9016283185840706,0.15643510339449598,150.28148148148148
1.8716814159292035,0.16321716129684735,144.42222222222222
1.8567079646017697,0.16223601379367453,145.5
1.8417345132743363,0.16329719492133132,143.3962962962963
1.8267610619469026,0.16284318127459732,143.92222222222222
1.8117876106194688,0.15792992915511012,147.4037037037037
1.7968141592920353,0.15325059353170875,149.73703703703703
1.7818407079646017,0.16082946610091658,146.01481481481483
1.766867256637168,0.15920204545777034,144.86666666666667
1.7518938053097344,0.1623474056485228,141.0888888888889
1.721946902654867,0.18622246795443323,139.1037037037037
1.692,0.193421723797954,138.74814814814815
1.692,0.19545171000616762,138.02592592592592
1.6770265486725662,0.20208885473033253,134.46666666666667
1.647079646017699,0.19935111609776074,134.06296296296296
1.6321061946902653,0.19135233554839698,138.8962962962963
1.6171327433628317,0.18944544817862102,141.57777777777778
1.6171327433628317,0.19508207302806146,143.5962962962963
1.6021592920353982,0.19755347087239397,142.51481481481483
1.5871858407079644,0.201541701142456,140.11481481481482
1.5722123893805309,0.22749712327768856,135.35555555555555
1.5572389380530973,0.2406136630813159,129.13333333333333
1.5123185840707962,0.24776601835919657,126.08888888888889
1.5123185840707962,0.2677208345713987,125.38888888888889
1.4973451327433627,0.2727652538793148,121.72592592592592
1.452424778761062,0.2689748611030548,120.13333333333334
1.4374513274336282,0.2657814753712426,120.98518518518519
1.4374513274336282,0.26663186916619036,122.0
1.4224778761061945,0.26969647149432624,122.2925925925926
1.4224778761061945,0.2718905689167501,119.55185185185185
1.3625840707964603,0.27123500368592024,120.72962962962963
1.3625840707964603,0.2800310847151461,121.47777777777777
1.3625840707964603,0.28078785119716343,122.51481481481481
1.3625840707964603,0.27989587556497103,122.38518518518518
1.3625840707964603,0.27850164388909643,123.21111111111111
1.3625840707964603,0.27906892120743454,121.60740740740741
1.3625840707964603,0.28148485327007255,119.17037037037036
1.3026902654867256,0.29329168246976706,114.1
1.3026902654867256,0.2969975919629145,115.52222222222223
1.2877168141592918,0.3062764497323575,116.74074074074075
1.2877168141592918,0.3111392911836178,117.88888888888889
1.2727433628318583,0.30928444886628054,118.18148148148148
1.2727433628318583,0.30823351408099536,118.54814814814814
1.242796460176991,0.30437824014023457,116.7074074074074
1.2278230088495574,0.3059546917714642,117.71481481481482
1.2128495575221239,0.3055556378430272,119.83333333333333
1.2128495575221239,0.3119420530934878,118.53703703703704
1.19787610619469,0.31469456788643585,113.78888888888889
1.167929203539823,0.31912862080616744,110.23703703703704
1.1230088495575221,0.320227731587703,110.87777777777778
1.1230088495575221,0.3156444229325934,114.76296296296296
1.1080353982300883,0.3053080343857707,115.57037037037037
1.0780884955752212,0.3002738048539653,119.46666666666667
1.0780884955752212,0.3044975639940416,121.4074074074074
1.0780884955752212,0.3104650625235878,122.61481481481482
1.0631150442477875,0.3258910203767016,122.81111111111112
1.0631150442477875,0.33074164886507224,119.04814814814814
1.0631150442477875,0.3324676808308345,116.17037037037036
1.0181946902654868,0.33782624484681584,104.52592592592593
0.9882477876106193,0.33668089005279617,107.4074074074074
0.9882477876106193,0.3511305110169966,107.65185185185184
0.9732743362831858,0.3479664322321698,107.93703703703704
0.9583008849557522,0.3546359312005147,107.84814814814816
0.9433274336283185,0.3527883789597937,108.17037037037036
0.9283539823008848,0.3417523568545415,110.05925925925926
0.9283539823008848,0.3400865361796229,107.54444444444445
0.8984070796460176,0.35120425725338,103.02592592592593
0.8534867256637167,0.3594570479415413,103.15925925925926
0.8534867256637167,0.3563964517315922,106.57407407407408
0.8385132743362831,0.35373930575956386,108.49259259259259
0.8235398230088495,0.3556544260483283,111.08518518518518
0.8085663716814159,0.3605680824096732,111.06666666666666
0.7935929203539822,0.3708113752697729,109.37777777777778
0.763646017699115,0.37795830324627344,103.94814814814815
0.7336991150442477,0.378076642643417,106.25555555555556
0.7187256637168141,0.3717535061286389,109.47407407407407
0.7187256637168141,0.3658992157685865,113.03333333333333
0.7037522123893806,0.3601828567896742,114.25555555555556
0.7037522123893806,0.35960644989256374,114.22962962962963
0.6887787610619468,0.3591208059296973,115.14074074074074
0.6887787610619468,0.35827451329289256,113.7074074074074
0.6738053097345132,0.3530607789823196,108.06666666666666
0.6588318584070796,0.30358947848563156,106.98148148148148
0.6588318584070796,0.23044859945791,106.64814814814815
0.6438584070796459,0.2159476366050501,105.08888888888889
0.6288849557522124,0.2094951010872583,102.1
0.6288849557522124,0.19775516941322457,101.17407407407407
0.6139115044247787,0.18530638592363155,101.8962962962963
0.598938053097345,0.17324168789539482,103.14814814814815
0.5839646017699115,0.16709881831218046,105.25925925925925
0.5839646017699115,0.1608532795586779,106.76296296296296
0.5839646017699115,0.1580695304298806,107.75555555555556
0.5839646017699115,0.164770302157559,106.98148148148148
0.5689911504424778,0.1803237310802034,105.33703703703704
0.5689911504424778,0.17122125941924485,105.19259259259259
0.5689911504424778,0.1772346644736596,100.48148148148148
0.5390442477876106,0.16615457424078456,98.91111111111111
0.5390442477876106,0.1555986245793604,99.91481481481482
0.5390442477876106,0.15150672928573689,100.1037037037037
0.5390442477876106,0.15135238125774675,99.9074074074074
0.524070796460177,0.15022034733055914,99.17407407407407
0.524070796460177,0.14838623115293015,99.42962962962963
0.524070796460177,0.14852664955810638,99.0925925925926
0.5390442477876106,0.14875008796232186,98.82592592592593
0.5390442477876106,0.14846727455795547,99.07777777777778
0.5390442477876106,0.14781529611307825,99.00740740740741
0.5390442477876106,0.14719980312352784,99.08888888888889
0.5390442477876106,0.14624022778001386,98.92222222222222
0.5390442477876106,0.14620788062467607,98.92222222222222
0.5390442477876106,0.14560772091830193,98.96666666666667
0.5390442477876106,0.14506385306197309,98.9888888888889
0.5390442477876106,0.1456306877037216,98.8962962962963
0.5390442477876106,0.14576258347935828,98.88888888888889
0.5390442477876106,0.14565909243817501,98.88888888888889
0.5390442477876106,0.14652473371402977,98.89259259259259
0.5390442477876106,0.14623777398461069,98.85185185185185
0.5390442477876106,0.14620809037348287,98.92592592592592
0.5390442477876106,0.14689331606098668,98.78148148148148
0.524070796460177,0.14698754047551077,98.73333333333333
0.5390442477876106,0.14740955855130294,98.71481481481482
0.5390442477876106,0.14723085145986026,98.75925925925925
0.5390442477876106,0.1472440043274941,98.74444444444444
0.5390442477876106,0.14733339901666848,98.74444444444444
