8.684263959390861,0.10502329420759296,1.9553571428571428
8.684263959390861,0.1341548414709546,1.9077380952380953
8.684263959390861,0.10627595754499297,1.7202380952380953
8.684263959390861,0.10370137018334578,1.869047619047619
8.684263959390861,0.1130686138866358,1.8273809523809523
8.684263959390861,0.10693207058718476,1.6428571428571428
8.684263959390861,0.102984504846924,1.8630952380952381
8.684263959390861,0.10049176534667874,1.8898809523809523
8.684263959390861,0.10537475124775217,1.8154761904761905
8.684263959390861,0.09985300338409518,1.7470238095238095
8.684263959390861,0.11932105996403786,1.7976190476190477
8.684263959390861,0.12910723126569532,1.8571428571428572
8.684263959390861,0.13326418009269503,1.7886904761904763
8.684263959390861,0.1270421391291912,1.8363095238095237
8.684263959390861,0.09674643461445442,1.8214285714285714
8.684263959390861,0.19290657118842613,1.6666666666666667
8.684263959390861,0.11833401087179438,2.0922619047619047
8.684263959390861,0.12124341310128087,1.7529761904761905
8.684263959390861,0.1382602777932722,1.9613095238095237
8.684263959390861,0.12282030456852794,1.8869047619047619
8.684263959390861,0.16819796954314717,2.3839285714285716
8.684263959390861,0.13102566901082152,2.205357142857143
8.684263959390861,0.12258360053322301,2.3482142857142856
8.66517766497462,0.1384722646932911,2.7023809523809526
8.66517766497462,0.16123286140881427,3.056547619047619
8.66517766497462,0.2336280920966995,3.0238095238095237
8.646091370558375,0.23879582848586975,3.0148809523809526
8.493401015228425,0.23974021754894795,4.020833333333333
8.493401015228425,0.16138226411473677,5.303571428571429
8.493401015228425,0.16019230440727164,5.940476190476191
8.493401015228425,0.26586606877594293,6.056547619047619
8.340710659898475,0.28672221249781205,5.627976190476191
8.340710659898475,0.2426007763511501,6.872023809523809
8.321624365482233,0.2574820502186701,7.169642857142857
8.245279187817259,0.25335788288392136,7.988095238095238
8.245279187817259,0.28853538451799887,8.49702380952381
8.188020304568527,0.3120220986608375,8.761904761904763
8.130761421319797,0.29385801640483805,11.538690476190476
8.130761421319797,0.3083646512411366,12.336309523809524
8.073502538071065,0.31063575244147246,13.0
8.035329949238578,0.303500454515963,14.104166666666666
8.035329949238578,0.3139402763213599,14.50297619047619
7.958984771573602,0.30849125350948553,14.913690476190476
7.920812182741116,0.35976519731511863,16.845238095238095
7.920812182741116,0.3701607492685191,17.37202380952381
7.920812182741116,0.3551353450372862,17.5625
7.72994923857868,0.32094802850583204,20.074404761904763
7.72994923857868,0.33302504799705723,22.300595238095237
7.710862944162436,0.35100545785490156,24.550595238095237
7.691776649746192,0.3314061508231829,26.050595238095237
7.691776649746192,0.3289346551122868,26.68154761904762
7.691776649746192,0.3398681563967399,27.05654761904762
7.691776649746192,0.3560968734671599,26.270833333333332
7.539086294416242,0.38550299414165506,27.080357142857142
7.500913705583756,0.38922309448901865,29.008928571428573
7.500913705583756,0.36040621342628026,30.276785714285715
7.500913705583756,0.36039693599939393,30.029761904761905
7.386395939086293,0.371817030822601,29.151785714285715
7.386395939086293,0.3761315449696444,29.586309523809526
7.3482233502538055,0.39152774442782606,30.37797619047619
7.3482233502538055,0.39609169366952784,30.514880952380953
7.271878172588832,0.3912390691287179,31.87202380952381
7.252791878172587,0.3800287692824426,32.026785714285715
7.252791878172587,0.3689534739082431,32.44047619047619
7.233705583756344,0.3655085127774285,31.958333333333332
7.2146192893401,0.37351551187566084,31.217261904761905
7.119187817258882,0.4007854549531713,32.05357142857143
7.100101522842639,0.3829959811458115,32.523809523809526
7.081015228426395,0.3828663242695745,32.339285714285715
7.042842639593908,0.3844856182543992,31.660714285714285
6.947411167512689,0.3827560673450552,31.327380952380953
6.928324873096446,0.37315786081822433,33.26488095238095
6.928324873096446,0.3605936728517185,34.089285714285715
6.928324873096446,0.36285190571952136,34.31547619047619
6.928324873096446,0.3792447228433882,33.5625
6.832893401015228,0.3743300452718593,33.961309523809526
6.813807106598984,0.36335088576889574,33.717261904761905
6.699289340101522,0.37531640307549113,35.05059523809524
6.699289340101522,0.3758647805978569,36.01190476190476
6.680203045685278,0.3647339347665587,37.98511904761905
6.680203045685278,0.3625725198147645,38.26488095238095
6.680203045685278,0.37065728213089677,37.083333333333336
6.546598984771572,0.36162036775329875,37.517857142857146
6.508426395939086,0.3434233905446042,39.473214285714285
6.508426395939086,0.3745580408319542,41.854166666666664
6.508426395939086,0.367163435057472,41.592261904761905
6.432081218274111,0.3527853375343869,40.6875
6.432081218274111,0.3513482423292077,41.392857142857146
6.355736040609136,0.36916335615844,42.354166666666664
6.355736040609136,0.38045971595537725,42.842261904761905
6.336649746192893,0.37058384330415617,43.24107142857143
6.2030456852791875,0.3587768564882888,42.023809523809526
6.2030456852791875,0.35517652851827103,43.11607142857143
6.2030456852791875,0.34912009378253656,43.642857142857146
6.1839593908629436,0.3684096519162824,42.794642857142854
6.088527918781725,0.393701203534947,40.904761904761905
6.088527918781725,0.37579372260414584,41.12202380952381
6.031269035532994,0.3521285652301282,42.916666666666664
5.954923857868019,0.3419915031010152,45.023809523809526
5.954923857868019,0.31424807585576725,46.56845238095238
5.954923857868019,0.32026726514893356,45.288690476190474
5.935837563451776,0.3481927211400346,43.482142857142854
5.897664974619289,0.3692666585669571,40.05654761904762
5.821319796954314,0.36953391221445553,40.604166666666664
5.783147208121826,0.37134594159512896,39.595238095238095
5.706802030456852,0.36909276578071804,42.273809523809526
5.668629441624365,0.3304084601338647,43.958333333333336
5.668629441624365,0.30609404298309617,45.345238095238095
5.649543147208121,0.32340170048125777,44.44940476190476
5.573197969543146,0.3179177247034861,45.01190476190476
5.554111675126903,0.3291186234972976,45.267857142857146
5.477766497461928,0.33868507954705773,46.333333333333336
5.477766497461928,0.32423174916302655,47.73511904761905
5.477766497461928,0.3191557625862275,47.36904761904762
5.4395939086294405,0.3281342738259053,47.017857142857146
5.344162436548222,0.33821717874607665,45.1875
5.325076142131979,0.3396739599178698,45.55357142857143
5.286903553299491,0.3264675852550334,47.220238095238095
5.210558375634517,0.3147122776518407,47.75892857142857
5.210558375634517,0.308152271098128,49.026785714285715
5.172385786802029,0.31204550417293037,49.544642857142854
5.153299492385786,0.3041148381962655,50.54761904761905
5.134213197969543,0.314716393083962,51.30059523809524
5.057868020304568,0.3110340630171664,53.473214285714285
5.057868020304568,0.3212299173905239,52.732142857142854
4.981522842639593,0.3185342694369302,54.089285714285715
4.96243654822335,0.29456274606703425,55.38690476190476
4.905177664974619,0.3102774343060899,56.56547619047619
4.886091370558375,0.31692086730761865,55.901785714285715
4.7906598984771565,0.30774398201729125,54.99107142857143
4.7906598984771565,0.29899517002795434,58.967261904761905
4.752487309644669,0.2915761249330935,59.979166666666664
4.752487309644669,0.29709582811435453,59.782738095238095
4.676142131979694,0.2981732888957255,57.913690476190474
4.676142131979694,0.299651245924548,57.95238095238095
4.580710659898476,0.312067635153346,59.157738095238095
4.580710659898476,0.3049942672819827,59.970238095238095
4.485279187817258,0.296880661863629,62.00892857142857
4.485279187817258,0.2937796981934296,63.157738095238095
4.466192893401015,0.27941521441112444,64.81547619047619
4.408934010152284,0.2704256577956074,65.16369047619048
4.408934010152284,0.2639916218746822,64.25
4.33258883248731,0.2725378889993617,65.0327380952381
4.33258883248731,0.2769534172844662,65.66369047619048
4.237157360406091,0.27286011935721044,62.401785714285715
4.237157360406091,0.26844310902795976,64.86011904761905
4.2180710659898475,0.27041852991060866,64.0297619047619
4.2180710659898475,0.26473171070505686,61.907738095238095
4.141725888324872,0.2575474514936678,63.651785714285715
4.065380710659898,0.2449700112423899,65.07440476190476
4.065380710659898,0.24254530751201311,65.26190476190476
3.969949238578679,0.25578530147675016,64.77678571428571
3.950862944162436,0.2509414443428927,66.27083333333333
3.9317766497461926,0.252942019514179,66.14583333333333
3.8936040609137055,0.24124900574214675,67.23511904761905
3.855431472081218,0.2378620023351149,68.8452380952381
3.836345177664974,0.23605749073414098,68.54464285714286
3.779086294416243,0.2402284949106795,69.52083333333333
3.7599999999999993,0.2411053726448062,67.04761904761905
3.6836548223350247,0.23207661987682288,75.3452380952381
3.664568527918781,0.22656706641400234,74.63690476190476
3.60730964467005,0.21122884855596727,76.05059523809524
3.60730964467005,0.2310933733337189,75.66964285714286
3.588223350253807,0.23323308910469615,73.61011904761905
3.4927918781725884,0.21269844132743232,82.5952380952381
3.4737055837563444,0.21602030776695785,82.15178571428571
3.4546192893401013,0.20344759443445454,82.47619047619048
3.4355329949238573,0.2162845211112908,80.35416666666667
3.3591878172588827,0.22378518627330393,78.21428571428571
3.3210152284263956,0.2098242218088163,82.7202380952381
3.301928934010152,0.2093199571504708,83.01190476190476
3.2637563451776646,0.20210228766612395,85.0
3.2064974619289335,0.19953082748257747,85.7172619047619
3.18741116751269,0.20336544998874112,86.74404761904762
3.1683248730964464,0.1981996337592431,88.3422619047619
3.0919796954314718,0.2023896652649002,90.125
3.0347208121827407,0.18781716954309693,93.86904761904762
3.0347208121827407,0.18343605924873854,95.02380952380952
2.9965482233502536,0.19584537182924827,94.05357142857143
2.9965482233502536,0.19283902694466226,94.36309523809524
2.9011167512690355,0.1866850678035909,96.22321428571429
2.8820304568527915,0.17872857067870798,104.30654761904762
2.8820304568527915,0.18058641227812486,101.69642857142857
2.805685279187817,0.19619177866456755,99.02678571428571
2.7675126903553298,0.17792792131468527,109.79166666666667
2.7675126903553298,0.17644016982359223,107.88690476190476
2.6911675126903547,0.17947724626003578,110.17261904761905
2.6529949238578676,0.17798518823332624,112.11904761904762
2.633908629441624,0.1739141444611545,113.20833333333333
2.5957360406091365,0.1645727450886699,117.74107142857143
2.576649746192893,0.1790838072810727,111.48809523809524
2.500304568527919,0.167450331262127,116.51190476190476
2.500304568527919,0.16710339388424886,114.50892857142857
2.4430456852791873,0.16460961211930397,116.63095238095238
2.4048730964467,0.15587234865501504,120.85119047619048
2.3857868020304562,0.16638262012162683,116.8422619047619
2.347614213197969,0.16249307492446805,118.80059523809524
2.309441624365482,0.16059389632082405,121.84821428571429
2.2712690355329945,0.15571902783473224,125.49404761904762
2.252182741116751,0.15461715040078278,125.13690476190476
2.2330964467005074,0.15463612635153623,123.97321428571429
2.19492385786802,0.16119098846508248,120.81845238095238
2.137664974619289,0.14998223115397627,124.50892857142857
2.0994923857868018,0.15205168732919996,122.13095238095238
2.0613197969543147,0.14712318812158218,127.39285714285714
2.0422335025380707,0.15345322598867991,121.45833333333333
2.0040609137055836,0.1510840293915123,125.39583333333333
1.9658883248730963,0.1382051285786074,131.23214285714286
1.9468020304568527,0.14082218118793868,125.89285714285714
1.870456852791878,0.15231280120150403,120.4077380952381
1.8513705583756344,0.1463654294040159,122.59821428571429
1.8131979695431468,0.1399439370375418,123.75595238095238
1.7750253807106597,0.14342816380918608,118.80654761904762
1.7750253807106597,0.14164811435540836,119.29464285714286
1.6986802030456851,0.15519290374890313,104.71130952380952
1.6795939086294414,0.15711089777770157,105.80357142857143
1.6223350253807105,0.15945967690523377,103.80654761904762
1.6223350253807105,0.15953369570849826,103.91369047619048
1.5841624365482232,0.15932927742283534,104.13095238095238
1.5459898477157359,0.17343601728467564,97.52678571428571
1.5078172588832486,0.19353334977068226,90.26488095238095
1.469644670050761,0.1965070036869748,90.16964285714286
1.431472081218274,0.20229202910994273,87.62797619047619
1.3932994923857864,0.2168504318922918,83.79166666666667
1.374213197969543,0.21192584832408184,85.13988095238095
1.316954314720812,0.21464625778769272,81.42261904761905
1.316954314720812,0.21669576002654017,80.32142857142857
1.2787817258883247,0.22443670580771222,81.25595238095238
1.259695431472081,0.24376970011902965,77.4047619047619
1.2406091370558374,0.2698729816268869,69.9702380952381
1.20243654822335,0.26919438309498395,67.80357142857143
1.145177664974619,0.27898343003103615,67.2827380952381
1.1260913705583755,0.27574782418990934,68.20535714285714
1.107005076142132,0.268219727875372,69.66964285714286
1.0879187817258882,0.29608439847549545,64.32142857142857
1.0306598984771573,0.2999262514838118,63.55059523809524
1.0115736040609136,0.31424037635174273,64.9375
0.9734010152284264,0.3238602017743599,60.895833333333336
0.9543147208121826,0.3413602802370329,62.51190476190476
0.935228426395939,0.3412206706898191,63.75297619047619
0.6871065989847716,0.33911446074173013,65.19345238095238
0.6680203045685278,0.34880468516696495,63.30654761904762
0.7825380710659897,0.3666443427874018,60.041666666666664
0.7634517766497462,0.37909502969872505,61.86309523809524
0.7443654822335024,0.370152003524893,61.82142857142857
0.6489340101522841,0.10255651915584126,67.72321428571429
0.6107614213197968,0.12094574484667811,63.92261904761905
0.5916751269035533,0.11279419474874657,65.42857142857143
0.5725888324873095,0.11223002969994184,65.20238095238095
0.5344162436548222,0.11627011983108257,64.43452380952381
0.5153299492385787,0.11596506540720174,62.723214285714285
