12.079701492537314,0.5330479908151556,2.585
12.001134328358209,0.5111152570480932,2.825
11.961850746268658,0.4773388743886677,2.615
11.961850746268658,0.4323784156142372,2.9000000000000004
12.001134328358209,0.2903413839891446,2.8200000000000003
11.961850746268658,0.2665513215116567,3.1000000000000005
11.961850746268658,0.2514043575227299,3.16
11.961850746268658,0.2937958668197461,2.79
11.961850746268658,0.28291733639494904,2.87
11.961850746268658,0.25676562017498744,2.965
11.961850746268658,0.23431004070556155,3.2300000000000004
11.961850746268658,0.4306808492747511,3.175
11.961850746268658,0.4479731343283597,2.965
11.961850746268658,0.4474479628882616,3.2300000000000004
11.961850746268658,0.660919725695845,2.7350000000000003
11.961850746268658,0.499777787889819,2.6900000000000004
11.961850746268658,0.49008606965173956,3.1500000000000004
11.961850746268658,0.44575036581796873,3.295
11.961850746268658,0.29659000332378554,3.325
11.961850746268658,0.4499041026750305,3.3500000000000005
11.961850746268658,0.42069345065716174,3.9299999999999997
11.961850746268658,0.26222907055630923,4.195
11.961850746268658,0.2776547778349635,4.154999999999999
11.94220895522388,0.30779255894440677,4.4799999999999995
11.94220895522388,0.35053277092796975,4.845
11.94220895522388,0.3742182443543427,5.054999999999999
11.94220895522388,0.44125283582089614,5.349999999999999
11.94220895522388,0.46448919512865194,5.175
11.94220895522388,0.4864477611940307,5.624999999999999
11.922567164179103,0.5688205895513544,5.42
11.94220895522388,0.5843035611618332,5.554999999999999
11.765432835820896,0.638199435676896,6.319999999999999
11.765432835820896,0.6618075419732644,6.065
11.765432835820896,0.6659005055303641,6.325
11.667223880597016,0.679025577376276,6.390000000000001
11.64758208955224,0.7007885031364913,6.75
11.529731343283581,0.6968213037842474,7.025
11.392238805970148,0.5813827817434568,7.609999999999999
11.411880597014925,0.612213134273043,8.34
11.411880597014925,0.5316064199550187,8.5
11.411880597014925,0.5560601073884671,8.815
11.313671641791045,0.5677900930131949,8.655
11.313671641791045,0.6571768060283386,8.93
11.313671641791045,0.6871647805117039,8.75
11.313671641791045,0.6791146651480257,9.285
11.313671641791045,0.6836802497775066,9.405
11.294029850746268,0.7231504617847514,9.44
11.294029850746268,0.7199425623009393,8.915000000000001
11.294029850746268,0.7608204364259827,8.975
10.92083582089552,0.7760235479494024,9.025
10.92083582089552,0.7906354639844262,9.59
10.82262686567164,0.8095824487420583,10.525
10.82262686567164,0.6736710159793715,11.305
10.82262686567164,0.6743805366907306,11.725
10.82262686567164,0.6460537675060825,12.264999999999999
10.82262686567164,0.5907735444818264,13.245
10.82262686567164,0.6036809681323106,14.045
10.586925373134328,0.609407354393393,14.625
10.586925373134328,0.5940748722559182,15.93
10.586925373134328,0.5766668795062114,16.07
10.567283582089551,0.6449788068385921,18.080000000000002
10.567283582089551,0.6402884385298663,18.45
10.567283582089551,0.6639363192777377,18.76
10.567283582089551,0.6766422738995268,18.825
10.547641791044777,0.691738082495887,18.83
10.547641791044777,0.659017191432117,18.595
10.292298507462686,0.6794034704526141,18.705
10.27265671641791,0.6926850568643834,19.265
10.27265671641791,0.6829390979997996,20.565
10.27265671641791,0.7079239804322859,20.835
10.213731343283582,0.7139370175319125,21.495
10.194089552238806,0.7254499317321929,21.35
10.194089552238806,0.7085109635850684,22.175
10.194089552238806,0.7080469306724615,22.145
9.997671641791044,0.7066944085071475,23.255
9.997671641791044,0.7235796182486259,23.955000000000002
9.978029850746267,0.7179336997568466,24.52
9.978029850746267,0.7016728091386646,25.24
9.978029850746267,0.7071772945842427,25.665
9.978029850746267,0.7582960362525013,25.11
9.761970149253731,0.758312019155951,26.45
9.761970149253731,0.6892620699103486,27.23
9.761970149253731,0.7491441076824473,28.175
9.742328358208955,0.7581092172883765,27.99
9.624477611940298,0.7610605747469391,29.755
9.624477611940298,0.7586507400074795,30.27
9.604835820895524,0.7651824892702078,30.505
9.604835820895524,0.7459108603232539,30.315
9.486985074626865,0.7480099310960618,31.1
9.369134328358209,0.738383817720009,31.494999999999997
9.310208955223882,0.7235515713318917,34.58
9.310208955223882,0.7180123122374592,35.07
9.310208955223882,0.6597479629444628,36.285000000000004
9.270925373134327,0.6541244795132624,36.67
9.251283582089552,0.6720582185969373,37.74
9.11379104477612,0.6304726075504833,39.405
9.11379104477612,0.69609743587819,41.035
9.094149253731343,0.6924922792839264,41.834999999999994
9.094149253731343,0.696529449400192,42.794999999999995
9.094149253731343,0.7045454614189011,42.894999999999996
9.094149253731343,0.7022663447321799,42.98
9.094149253731343,0.693223689369626,42.16
8.858447761194029,0.743364751502294,43.355
8.858447761194029,0.7469262373158626,45.085
8.858447761194029,0.7243307733178763,46.705
8.858447761194029,0.6977801726733316,46.995
8.858447761194029,0.7095793321500685,47.295
8.858447761194029,0.7630530011574571,46.785
8.603104477611941,0.7673972326021803,46.715
8.603104477611941,0.7007390206201867,48.34
8.603104477611941,0.7019307326878877,48.85
8.603104477611941,0.719189204552107,49.135000000000005
8.603104477611941,0.739851007551036,48.870000000000005
8.603104477611941,0.7714408262644346,47.45
8.50489552238806,0.7778640298507467,47.559999999999995
8.485253731343285,0.8087095353607219,47.824999999999996
8.367402985074627,0.7751177097847907,47.67
8.328119402985074,0.7800682008333502,48.965
8.24955223880597,0.7736923309025889,50.57
8.210268656716417,0.7778321706634851,51.77
8.210268656716417,0.7705460714019763,52.43
8.170985074626866,0.7384692209711263,53.855
8.092417910447761,0.7497541727914201,55.51
8.092417910447761,0.7481758450353314,57.125
8.092417910447761,0.7124127133809802,57.19
8.092417910447761,0.7277195361932732,58.14
7.954925373134329,0.7526120362768661,57.04
7.876358208955224,0.7404603264292903,58.665
7.876358208955224,0.759074029987928,59.575
7.876358208955224,0.7689687141562853,60.47
7.876358208955224,0.7803169011560472,60.095
7.73886567164179,0.7752039549625676,61.364999999999995
7.73886567164179,0.7695958737594112,61.7
7.621014925373133,0.7653516293452629,63.540000000000006
7.621014925373133,0.762105559160718,64.62
7.621014925373133,0.7613277250113069,65.505
7.503164179104477,0.7454770201691571,67.44
7.503164179104477,0.7375144500580492,69.14
7.4835223880597015,0.7367446561015488,69.585
7.4835223880597015,0.7338396507246325,70.375
7.4835223880597015,0.73763192120207,69.86
7.404955223880597,0.7566135425881164,70.84
7.267462686567164,0.7534839222510507,73.83999999999999
7.267462686567164,0.7176962966736288,75.975
7.267462686567164,0.717503493741842,76.97999999999999
7.228179104477612,0.7367083402322424,79.155
7.149611940298507,0.7232015387834304,81.5
7.149611940298507,0.7222162624112282,82.8
7.149611940298507,0.7453279335060439,83.565
7.149611940298507,0.7267763495855312,84.49
7.149611940298507,0.7294308248883828,83.555
7.149611940298507,0.722228333660644,82.44500000000001
6.874626865671642,0.7065884456481162,85.89
6.874626865671642,0.7011300656446472,86.63
6.874626865671642,0.7072307624072887,89.32000000000001
6.874626865671642,0.703230117155688,91.9
6.874626865671642,0.718319782543619,92.275
6.874626865671642,0.7340869065380973,91.755
6.854985074626866,0.7414964955631169,89.58500000000001
6.854985074626866,0.7245249276228193,88.205
6.638925373134328,0.6925192674585244,91.585
6.638925373134328,0.7057260364332762,91.915
6.638925373134328,0.7079913895779322,92.085
6.599641791044776,0.712716236051485,92.295
6.599641791044776,0.7357149622809448,91.895
6.442507462686567,0.7479754452311032,91.985
6.442507462686567,0.7105565287807463,92.925
6.442507462686567,0.688015570054486,93.41
6.442507462686567,0.6960882088877194,92.915
6.383582089552238,0.7122707813407947,91.375
6.187164179104478,0.7336093138078131,91.215
6.187164179104478,0.7065069622858281,93.915
6.167522388059701,0.6898190149526798,94.925
6.167522388059701,0.6597429999502177,95.8
6.167522388059701,0.6556846621035373,95.535
5.951462686567164,0.6436917119278226,94.605
5.951462686567164,0.6321181002641197,96.485
5.931820895522388,0.6325216807157366,98.005
5.931820895522388,0.6440067898315323,100.2
5.931820895522388,0.6487365529569002,100.88
5.931820895522388,0.6699166599196359,99.865
5.892537313432836,0.6701560533327017,98.255
5.892537313432836,0.6392917917435297,95.92
5.676477611940299,0.6035360565572266,94.19
5.676477611940299,0.6148089382434265,95.595
5.656835820895522,0.6338553206360297,95.98
5.656835820895522,0.6492969865347173,96.03
5.656835820895522,0.6554358117555573,94.83
5.538985074626866,0.6478461491961597,94.61
5.538985074626866,0.6537096117941612,94.54
5.421134328358209,0.6155694434974727,93.74
5.401492537313432,0.6111842486600457,94.65
5.401492537313432,0.6072174523970222,94.67
5.381850746268657,0.5835498495398171,94.75
5.381850746268657,0.5834074828927062,94.68
5.185432835820896,0.5466815872050008,100.035
5.185432835820896,0.562241561904533,102.13
5.185432835820896,0.5559110564730166,103.215
5.165791044776119,0.5666613803487822,101.78
5.146149253731343,0.576613118602268,99.935
5.146149253731343,0.58092098099901,97.1
5.126507462686567,0.5754544490540275,94.305
4.989014925373134,0.5430884185651493,96.735
4.949731343283582,0.5423483667129214,97.865
4.949731343283582,0.5527238423670081,97.59
4.871164179104477,0.5476543721355984,97.14
4.871164179104477,0.529993812227261,97.015
4.871164179104477,0.5496797752454019,93.255
4.7336716417910445,0.5284830910897597,90.975
4.674746268656716,0.5309417937619195,92.19
4.6354626865671635,0.5278667051103426,97.015
4.6354626865671635,0.5165869872131366,98.015
4.596179104477613,0.5122048055000852,98.56
4.55689552238806,0.48519398927204416,97.865
4.55689552238806,0.48763535226579074,97.3
4.497970149253732,0.49012245474881855,98.295
4.478328358208955,0.48583042108683416,98.2
4.380119402985074,0.4575334128098612,103.025
4.380119402985074,0.45371792778256265,103.965
4.360477611940299,0.4721780795971312,102.69
4.3408358208955224,0.49253641765414624,99.95
4.281910447761193,0.48474063533928147,98.415
4.144417910447761,0.4715589178844254,97.385
4.085492537313433,0.4693276975658488,99.98
4.085492537313433,0.47377265256750906,102.425
4.065850746268657,0.4616625510105779,105.035
4.065850746268657,0.4494413433455904,105.8
4.065850746268657,0.43287091766074043,103.23
3.928358208955224,0.42801023555135853,107.135
3.928358208955224,0.4274317890924109,109.36
3.9087164179104477,0.4183600899292801,110.02
3.8890746268656717,0.3993223005798362,110.025
3.869432835820895,0.4009015598333833,106.675
3.7908656716417912,0.4285580466705392,107.025
3.7712238805970153,0.4387393745042904,104.825
3.614089552238806,0.429696482968707,110.46
3.5944477611940298,0.4108444275498737,113.975
3.5748059701492534,0.36744622454647674,118.185
3.555164179104478,0.37358592994296813,119.385
3.5355223880597015,0.3667697637640532,120.945
3.515880597014925,0.366447938054227,119.54
3.4962388059701492,0.38200144356817073,112.43
3.3783880597014924,0.3895121264019786,111.595
3.33910447761194,0.3826890037502758,115.165
3.33910447761194,0.37259437710701576,117.07
3.33910447761194,0.3745302083391554,115.52
3.33910447761194,0.37621829105559695,112.58
3.1819701492537313,0.3712232748274418,114.025
3.1426865671641786,0.3617997509746664,115.955
3.1426865671641786,0.35029170748510546,118.355
3.1034029850746268,0.35261958441806984,115.675
3.024835820895522,0.3475858320257024,111.295
2.98555223880597,0.33029179711314144,119.88
2.965910447761194,0.32330273881067917,122.765
2.946268656716418,0.3258679185477491,120.895
2.8677014925373134,0.3131895475789928,120.445
2.8677014925373134,0.31876293868989525,118.27
2.828417910447761,0.32621948583613203,114.805
2.7105671641791047,0.2996956067321674,122.68
2.6909253731343283,0.29173826263603,126.16999999999999
2.6909253731343283,0.291788348881647,126.13
2.651641791044776,0.27242793211555283,123.30000000000001
2.6123582089552237,0.282905989150545,116.065
2.5337910447761196,0.28620891217690886,116.535
2.5141492537313432,0.28520667011725737,118.84
2.4159402985074627,0.2711832582291612,111.71
2.3962985074626864,0.2690971618056035,126.00999999999999
2.3766567164179104,0.2683829082407093,124.245
2.2980895522388063,0.24327700309206926,117.035
2.27844776119403,0.2511027214578576,119.8
2.2391641791044776,0.24153537725825583,121.99
2.1802388059701494,0.23829950088825805,123.18
2.121313432835821,0.22696766751080164,122.545
2.101671641791045,0.22460402865243162,122.99
2.0820298507462685,0.22725645958379095,121.83
2.0034626865671643,0.22487233401793244,121.34
1.964179104477612,0.22870584413843045,119.72
1.9248955223880597,0.21811424920025996,123.96000000000001
1.8856119402985076,0.204292315100166,125.77000000000001
1.8463283582089551,0.19736833110344115,129.62
1.807044776119403,0.18145615381753782,131.38
1.7874029850746267,0.18688457310778162,127.375
1.7284776119402985,0.209842552265592,114.86
1.66955223880597,0.20605930977472645,113.11
1.6106268656716418,0.18903200387138122,118.96
1.5909850746268657,0.19455351820582822,116.455
1.5320597014925372,0.17830770674511032,130.295
1.492776119402985,0.17577717118632932,121.845
1.492776119402985,0.18762399758620552,114.12
1.4142089552238806,0.18759606757641284,117.54
1.3552835820895524,0.17699397439258005,123.34
1.3552835820895524,0.1833126797227688,115.9
1.296358208955224,0.1899089482457174,112.275
1.2570746268656716,0.20335487344767653,105.43
1.1981492537313432,0.1741363357421338,119.705
1.1785074626865673,0.1838543614064988,113.06
1.1195820895522388,0.19736657220075277,101.225
1.0999402985074627,0.20343729629221544,98.885
1.0606567164179106,0.22285074819077533,95.63
1.0017313432835822,0.2327230248384253,90.565
0.9428059701492538,0.2255748381211293,85.705
0.9231641791044776,0.23165716703354317,90.23
0.9035223880597015,0.2405115845083051,85.42
0.8642388059701492,0.25141246971235154,75.965
0.8053134328358209,0.26138637346738275,74.9
0.7856716417910447,0.25272768693505215,71.9
0.7463880597014925,0.25860067539017245,68.785
0.7071044776119403,0.24228322492719917,73.395
0.6874626865671641,0.22985431607660645,76.28
0.648179104477612,0.2511846884930869,71.21
0.6088955223880597,0.1778018069047551,68.79
0.5499701492537313,0.13721380103669875,68.215
10.645850746268657,0.4345256622868559,0.20999999999999996
