7.058942917547569,0.2451262024895565,7.005865102639296
7.074841437632135,0.27261578859902263,6.9824046920821115
7.074841437632135,0.27772336862300606,6.912023460410557
7.074841437632135,0.2899419800032227,6.920821114369502
7.106638477801268,0.30832869700678794,6.853372434017595
7.058942917547569,0.327587586831773,6.926686217008799
7.058942917547569,0.24679919966237726,6.932551319648095
7.058942917547569,0.29492164911448715,6.768328445747802
7.058942917547569,0.311624543532577,6.571847507331379
7.058942917547569,0.31173758106438676,6.768328445747802
7.058942917547569,0.25018748971401833,7.096774193548388
7.058942917547569,0.2862224689201435,6.592375366568916
7.058942917547569,0.2830428497662455,6.829912023460411
7.106638477801268,0.2851006645253312,6.862170087976541
7.058942917547569,0.2896525364568761,6.413489736070382
7.058942917547569,0.27875485320453103,6.920821114369502
7.106638477801268,0.2878988378077536,6.9178885630498534
7.106638477801268,0.24989161381254407,6.627565982404693
7.106638477801268,0.29722574950656583,6.703812316715544
7.058942917547569,0.31848072455824344,6.504398826979472
7.058942917547569,0.289105625336816,6.9560117302052795
7.058942917547569,0.28015723768492873,6.98533724340176
6.915856236786469,0.3320542149076283,7.548387096774193
6.915856236786469,0.3114443834623885,7.979472140762463
6.915856236786469,0.318324620278108,8.33724340175953
6.915856236786469,0.32525410975316865,8.225806451612904
6.915856236786469,0.3513570736983078,8.671554252199414
6.915856236786469,0.2887108282921318,8.829912023460412
6.8522621564482025,0.3139510083303007,9.744868035190617
6.8522621564482025,0.3069650444572343,10.01759530791789
6.804566596194503,0.3486623068976166,11.15542521994135
6.804566596194503,0.3826844751118519,11.736070381231672
6.804566596194503,0.40569569644709425,12.18475073313783
6.62968287526427,0.4083248075934037,14.592375366568916
6.597885835095138,0.40884992196267766,15.196480938416423
6.566088794926004,0.39838672322127194,16.33431085043988
6.534291754756871,0.39069632294303724,17.82991202346041
6.534291754756871,0.3804588218921013,19.24340175953079
6.4865961945031705,0.37604084255881437,19.821114369501466
6.4230021141649045,0.3681750660044306,20.89149560117302
6.407103594080338,0.34891480753190834,22.3841642228739
6.3912050739957715,0.3463746031922204,24.478005865102638
6.3912050739957715,0.34829177193890143,25.325513196480937
6.327610993657505,0.3573285140866464,25.912023460410555
6.311712473572939,0.3504647526384159,26.31671554252199
6.311712473572939,0.3591560633689715,26.788856304985337
6.311712473572939,0.372286883523114,25.636363636363633
6.232219873150106,0.3797979406811227,26.47800586510264
6.184524312896405,0.39103456938974623,27.545454545454543
6.184524312896405,0.38136995689187136,28.052785923753664
6.184524312896405,0.3749950925557021,27.914956011730208
6.089133192389006,0.3699423609413543,29.914956011730204
6.089133192389006,0.3446762493346018,30.914956011730204
6.089133192389006,0.3466092497783932,31.17595307917889
6.07323467230444,0.36482815891029935,30.66862170087977
6.02553911205074,0.3587356713481284,30.57478005865103
5.961945031712473,0.3550210226783116,31.478005865102638
5.961945031712473,0.35249467312303684,32.47507331378299
5.898350951374207,0.3456935571356127,32.65689149560117
5.898350951374207,0.3317738352533286,34.131964809384165
5.882452431289641,0.338503653412128,35.30791788856305
5.882452431289641,0.33874140651335444,35.313782991202345
5.882452431289641,0.3451871505376137,34.53958944281525
5.787061310782241,0.3368736396346342,35.39589442815249
5.787061310782241,0.3467694078618987,35.76539589442815
5.723467230443974,0.3396804695933545,36.48680351906158
5.723467230443974,0.3414963394251084,37.3841642228739
5.628076109936575,0.339265607761751,37.80351906158358
5.628076109936575,0.33234340295292436,40.21700879765396
5.628076109936575,0.329051749307657,40.96774193548387
5.612177589852008,0.33444453277945857,41.37243401759531
5.516786469344608,0.31349790532140476,43.85043988269795
5.516786469344608,0.2966255286848866,45.293255131964806
5.516786469344608,0.28194072644186147,46.16422287390029
5.516786469344608,0.3227919645174713,45.46627565982404
5.516786469344608,0.3376076736029949,44.3049853372434
5.500887949260043,0.3548067651676748,42.33724340175953
5.500887949260043,0.36749847595003937,40.759530791788855
5.341902748414376,0.3312615441880348,43.79178885630498
5.341902748414376,0.34624993614532124,46.68035190615836
5.2624101479915435,0.3295188048333202,48.178885630498534
5.246511627906977,0.3161730154677921,50.52785923753666
5.246511627906977,0.31738502338448193,51.04105571847508
5.246511627906977,0.32698448169193245,51.727272727272734
5.246511627906977,0.3493240695726962,50.56598240469208
5.167019027484144,0.35792181791734157,51.27272727272727
5.055729386892178,0.34248318807262346,58.65395894428153
5.039830866807611,0.3300908867791517,65.07624633431085
5.039830866807611,0.3202234787599926,69.26392961876833
5.008033826638478,0.31094335103937365,71.47214076246334
4.992135306553911,0.32571586433623967,72.46041055718474
4.992135306553911,0.3329785299229678,73.57478005865102
4.976236786469345,0.34200674117483176,73.09677419354838
4.976236786469345,0.3538390286224433,73.12316715542522
4.8331501057082455,0.3470236733113149,76.9882697947214
4.8331501057082455,0.34080153762511584,80.12609970674487
4.8331501057082455,0.34384447462128903,81.49266862170087
4.753657505285412,0.3545595673040914,86.87683284457478
4.753657505285412,0.33195221877730763,88.20821114369502
4.753657505285412,0.32033943377711144,88.78299120234604
4.67416490486258,0.331971779893229,87.0733137829912
4.658266384778012,0.34126814445653075,88.51612903225806
4.658266384778012,0.35415007171861457,89.29032258064515
4.610570824524313,0.35852621839624904,88.02052785923753
4.53107822410148,0.3544011901794141,93.44868035190615
4.53107822410148,0.3519524768211992,97.13782991202346
4.515179704016913,0.3500841619052411,98.58944281524927
4.451585623678647,0.3386319256137144,104.57771260997067
4.451585623678647,0.3321404433811404,109.5425219941349
4.451585623678647,0.3326656851011062,111.00586510263929
4.451585623678647,0.34836647212073474,110.42228739002933
4.356194503171247,0.3486836742768766,108.09677419354838
4.324397463002114,0.3396382683443892,109.6774193548387
4.260803382663847,0.33210926343076885,122.97653958944282
4.244904862579282,0.3298911314340405,128.8533724340176
4.244904862579282,0.3287822137391799,130.93548387096774
4.244904862579282,0.3129509034245651,131.03812316715542
4.244904862579282,0.32940088642866006,127.43988269794721
4.165412262156448,0.3293068448633661,125.48973607038123
4.165412262156448,0.3419818140388242,123.79178885630499
4.070021141649049,0.33832346762038795,124.524926686217
4.054122621564482,0.33725309741566784,127.71847507331378
4.054122621564482,0.3410600843233726,130.29618768328444
4.006427061310783,0.3392866300305645,132.34604105571847
3.9746300211416488,0.3371505681851664,131.52492668621701
3.9110359408033823,0.3244121096565369,136.11730205278593
3.895137420718816,0.3156498735655371,143.70967741935485
3.87923890063425,0.31501655773903575,146.0263929618768
3.87923890063425,0.32524908862098245,140.07038123167155
3.78384778012685,0.32451954851612497,148.22287390029325
3.78384778012685,0.3226712529849785,154.14369501466277
3.767949260042283,0.3126435615508474,157.08211143695016
3.704355179704017,0.3200585455213276,153.30791788856305
3.68845665961945,0.3185225614807955,157.32258064516128
3.6725581395348836,0.30950997636195615,163.71847507331378
3.656659619450317,0.3028024433601322,165.14956011730206
3.5930655391120507,0.30576641782204506,165.55131964809385
3.577167019027484,0.30461756790720856,166.0234604105572
3.513572938689218,0.30413541727302845,169.80058651026394
3.497674418604651,0.2991799219393164,175.2873900293255
3.497674418604651,0.2905694886033494,176.50146627565982
3.4817758985200844,0.2973325839490214,170.5483870967742
3.4022832980972515,0.2988777790242151,175.73020527859236
3.4022832980972515,0.29877587411992573,186.0733137829912
3.3863847780126846,0.2790945204173769,190.64809384164224
3.3863847780126846,0.2758809048855345,185.78592375366568
3.3863847780126846,0.28587730028067904,176.72434017595307
3.2750951374207187,0.28118872501886666,184.9266862170088
3.259196617336152,0.2738326842341006,190.10263929618768
3.259196617336152,0.2762197740576261,187.07624633431084
3.259196617336152,0.2880281688293886,177.7126099706745
3.147906976744186,0.2729766565562452,193.20821114369502
3.116109936575053,0.26032728849421277,210.65982404692082
3.116109936575053,0.2507384803839081,211.81524926686217
3.100211416490486,0.24731121220898855,208.1348973607038
3.0525158562367865,0.26690793373586974,197.60997067448682
3.020718816067653,0.2553208305035404,208.08797653958945
3.020718816067653,0.2596915441381835,210.36363636363637
2.9571247357293866,0.25631714034293207,207.6451612903226
2.9412262156448206,0.2521771130886696,207.78592375366568
2.9253276955602536,0.24793124601445096,209.77712609970675
2.8935306553911206,0.2472674999759748,208.96480938416423
2.8299365750528542,0.24967827479507917,204.50146627565982
2.8140380549682873,0.2502744287290872,207.35190615835776
2.8140380549682873,0.25313649048926223,209.21700879765396
2.766342494714588,0.2393362708528123,213.4574780058651
2.7345454545454544,0.23960385092082104,219.36070381231673
2.718646934460888,0.23569002696491753,218.58944281524927
2.670951374207188,0.2338157491883574,216.3958944281525
2.670951374207188,0.2316547902726734,218.65102639296188
2.6232558139534885,0.2281625752680479,225.58357771260998
2.6232558139534885,0.22736460169455616,226.40762463343108
2.607357293868922,0.21928602737526165,223.841642228739
2.559661733615222,0.21370587369014982,222.18475073313783
2.543763213530655,0.2210158901947179,222.48387096774192
2.4960676532769557,0.22440343358400597,223.26392961876832
2.4483720930232558,0.21452779810800732,225.36363636363637
2.4324735729386893,0.20718869213936003,228.1759530791789
2.4324735729386893,0.213983190243796,227.59530791788856
2.38477801268499,0.21634002996393567,227.87390029325513
2.38477801268499,0.20862306286504334,228.73607038123168
2.33708245243129,0.2093722768684045,225.82111436950146
2.28938689217759,0.20934435176066662,223.59237536656892
2.28938689217759,0.2093926766058658,224.76539589442814
2.2257928118393235,0.2029879681634416,229.63049853372434
2.2257928118393235,0.2021738347746705,230.2316715542522
2.1939957716701906,0.19218469973341282,230.43401759530792
2.1780972515856236,0.19911098249725806,229.841642228739
2.162198731501057,0.2065772048463614,226.9824046920821
2.0986046511627907,0.20320095752048545,229.32551319648093
2.082706131078224,0.18863815295688788,231.70381231671556
2.082706131078224,0.18668385883926603,230.733137829912
2.0191120507399574,0.19229747181745543,230.9149560117302
2.0032135306553913,0.1914182229011932,231.158357771261
1.9873150105708244,0.19921920652591127,230.78885630498533
1.939619450317125,0.19181898221252663,230.11436950146629
1.9078224101479913,0.19090330004926565,230.6275659824047
1.8601268498942916,0.1889582865132311,230.7565982404692
1.844228329809725,0.18954010848642872,232.30791788856305
1.8283298097251586,0.18623547311422778,232.0791788856305
1.7647357293868922,0.18332111477911067,230.14369501466277
1.7488372093023254,0.1840062298547701,229.48387096774192
1.7170401691331922,0.18274284419227138,230.37536656891496
1.6852431289640593,0.1871268974269147,231.23460410557186
1.6852431289640593,0.18900799992815173,231.62463343108504
1.653446088794926,0.18439126286834312,230.06451612903226
1.573953488372093,0.18121250027080693,231.9765395894428
1.5580549682875264,0.18297504435418782,232.2873900293255
1.5103594080338265,0.18591644984761743,230.74193548387098
1.4626638477801268,0.19043223936274536,230.97947214076245
1.4467653276955603,0.18865647760644258,231.72140762463343
1.4467653276955603,0.1893249006664098,231.59237536656892
1.3990697674418604,0.18698743800344794,231.60997067448682
1.3672727272727272,0.18994708074814834,231.85630498533723
1.335475687103594,0.1930057927448706,232.21407624633432
1.335475687103594,0.2004030069417835,231.01466275659823
1.2718816067653276,0.20317360666073703,230.93548387096774
1.255983086680761,0.20124065800465543,230.46627565982405
1.2241860465116279,0.19888262952513575,230.8533724340176
1.192389006342495,0.2009561129917796,231.20527859237538
1.192389006342495,0.2075241593958769,231.34310850439883
1.144693446088795,0.2211169826139521,229.80938416422288
1.1128964059196618,0.21567768712643992,230.66862170087975
1.0969978858350953,0.21205814087371747,230.96187683284458
1.0652008456659618,0.1995959721342361,232.09970674486803
1.0652008456659618,0.20382484042744237,231.77126099706746
1.0175052854122622,0.21732187733998115,230.7565982404692
1.0175052854122622,0.2297634495811523,229.21407624633432
0.9698097251585625,0.22693565920985126,228.19354838709677
0.9380126849894292,0.23393979390909012,227.36656891495602
0.9221141649048625,0.2361948486074138,225.5073313782991
0.9062156448202959,0.2384822388243461,222.45454545454547
0.8585200845665961,0.2408349257415371,215.6041055718475
0.826723044397463,0.24477163304611932,219.70967741935485
0.8108245243128963,0.25569946887286227,217.5366568914956
0.7949260042283298,0.25359812403265386,211.3958944281525
0.6995348837209302,0.2469781171492437,207.84457478005865
0.6995348837209302,0.2534351495684283,209.80058651026394
0.6995348837209302,0.2752195622934199,204.29618768328444
0.6995348837209302,0.2843811701996917,202.90029325513197
0.6995348837209302,0.2842920918730332,202.59530791788856
0.6836363636363636,0.28969380378533677,204.80058651026394
0.667737843551797,0.2955073213674139,204.51906158357772
0.6518393234672305,0.3154553449055503,199.24046920821115
0.6200422832980973,0.3241416261163971,192.38123167155425
0.46105708245243127,0.3227508151566919,198.841642228739
0.46105708245243127,0.3181046067975981,203.62463343108504
0.46105708245243127,0.31512339750462554,206.04985337243403
0.46105708245243127,0.3127513272742591,206.36070381231673
0.46105708245243127,0.311420694982214,206.9384164222874
0.46105708245243127,0.3104446161577452,206.9765395894428
0.46105708245243127,0.3091118985680942,207.22873900293254
0.46105708245243127,0.30809643243374824,207.24633431085044
0.46105708245243127,0.3076175546101378,207.4926686217009
0.46105708245243127,0.3066661502382819,207.4633431085044
0.46105708245243127,0.30655870490075715,207.41348973607037
0.46105708245243127,0.3064797732114566,207.28152492668622
0.46105708245243127,0.30624398328386027,207.42815249266863
0.46105708245243127,0.30562466176964237,207.39002932551318
0.46105708245243127,0.3054872930452479,207.25219941348973
0.46105708245243127,0.3050104187172213,207.14076246334312
0.46105708245243127,0.3046598844987974,207.33137829912025
0.46105708245243127,0.30476014029828247,207.316715542522
0.46105708245243127,0.3047383222286569,207.39002932551318
0.46105708245243127,0.30472548666037885,207.2434017595308
0.46105708245243127,0.3043237264777811,207.48973607038124
0.46105708245243127,0.3039215603390065,207.51906158357772
0.46105708245243127,0.30385577730253116,207.6158357771261
0.46105708245243127,0.30401558735665263,207.47214076246334
0.46105708245243127,0.3037265455561468,207.65102639296188
0.46105708245243127,0.30378613343699995,207.50439882697947
0.46105708245243127,0.3034498512834838,207.52785923753666
0.46105708245243127,0.3033189789415085,207.5131964809384
0.46105708245243127,0.30324453024205145,207.59237536656892
0.46105708245243127,0.3029656399065578,207.58651026392963
