19.496030534351146,0.21791731455074484,81.28415300546447
19.496030534351146,0.233256411809847,83.19672131147541
19.41709923664122,0.4284196001770763,85.87978142076503
19.377633587786256,0.4773199274666993,88.55191256830601
19.18030534351145,0.5815642844775452,91.2896174863388
19.140839694656485,0.6464135502943962,96.82513661202186
19.140839694656485,0.7115934767067259,98.9672131147541
19.140839694656485,0.876929032428449,101.59016393442623
18.982977099236642,0.9566012699476186,106.03825136612022
18.982977099236642,1.042734498033652,110.87978142076503
18.982977099236642,1.124871365054757,113.29508196721312
18.982977099236642,1.3052439654016244,115.21311475409836
18.706717557251906,1.310788460384306,118.62841530054645
18.706717557251906,1.3076437209472322,126.08196721311475
18.706717557251906,1.2891989348279367,130.9016393442623
18.706717557251906,1.2698602677601305,132.81967213114754
18.706717557251906,1.2494605256391291,134.2295081967213
18.706717557251906,1.2725529816821766,137.02732240437157
18.706717557251906,1.4277078046451082,137.81420765027323
18.706717557251906,1.8457166323949228,138.39344262295083
18.5093893129771,1.8567666092253015,139.50819672131146
18.5093893129771,1.8496561438002836,140.775956284153
18.469923664122135,1.8287232131002849,143.24590163934425
18.469923664122135,1.7889398868325959,143.95628415300547
18.469923664122135,1.7765688696650332,143.75956284153006
18.193664122137402,1.7419721960385415,148.49180327868854
18.193664122137402,1.7337266282394637,148.86338797814207
18.193664122137402,1.6892548835388541,151.9672131147541
18.193664122137402,1.656367291559318,152.61748633879782
18.193664122137402,1.6350610854758134,154.21311475409837
18.193664122137402,1.6155894249405378,154.7486338797814
18.193664122137402,1.5914344147664254,155.13114754098362
18.193664122137402,1.8153363205727384,154.0983606557377
18.15419847328244,1.814497718047829,154.08743169398906
18.15419847328244,1.8185343004461512,152.66120218579235
18.07526717557252,1.820080734553242,152.31147540983608
18.07526717557252,2.0996853678684078,151.53551912568307
17.720076335877863,2.0269960868614865,151.5737704918033
17.720076335877863,1.6895350004330512,152.2513661202186
17.6806106870229,1.9490396373223633,156.0983606557377
17.6806106870229,1.9284153662029804,157.18579234972677
17.6806106870229,1.9091404687144709,157.86885245901638
17.6806106870229,1.8585817750289357,158.28961748633878
17.6806106870229,1.8001965138000757,158.79234972677597
17.6806106870229,1.787639534280505,157.91803278688525
17.443816793893127,1.7527924867200244,159.7377049180328
17.443816793893127,1.7347943741344465,160.24043715846994
17.443816793893127,1.7063021328413797,161.55191256830602
17.404351145038166,1.6638911908938805,162.2622950819672
17.404351145038166,1.6596164709497512,162.23497267759564
17.443816793893127,1.6378500621374958,161.0928961748634
17.443816793893127,1.7404048047006644,160.17486338797815
17.128091603053434,1.615083558952606,159.71584699453553
17.128091603053434,1.5747021451347956,160.63387978142077
17.128091603053434,1.557668366682261,160.7486338797814
16.81236641221374,1.5284089266877317,162.71038251366122
16.81236641221374,1.545842803309881,164.43715846994536
16.772900763358777,1.627215238428685,168.76502732240436
16.772900763358777,1.6166415737406215,170.5792349726776
16.772900763358777,1.6542752883355512,171.21311475409837
16.772900763358777,1.6007209662431812,171.9344262295082
16.772900763358777,1.5851571187205677,172.02732240437157
16.772900763358777,1.5809352665294034,171.04918032786884
16.772900763358777,1.556197571826549,170.18032786885246
16.772900763358777,1.4566420903798645,166.9071038251366
16.772900763358777,1.4995364169666412,165.10382513661202
16.457175572519084,1.5134194074480034,164.672131147541
16.457175572519084,1.5802337860842381,164.29508196721312
16.457175572519084,1.591149401228708,163.70491803278688
16.457175572519084,1.7004520089600412,162.65027322404373
16.18091603053435,1.6191928326350515,163.46994535519124
16.18091603053435,1.6004536531307771,163.53551912568307
16.18091603053435,1.5932223345765617,163.24590163934425
16.18091603053435,1.6110420288795542,160.5136612021858
16.062519083969466,1.6085503716796936,160.1912568306011
16.062519083969466,1.6582557517002743,159.13114754098362
15.51,1.7103082551564288,156.5846994535519
15.51,1.534572412257933,162.82513661202185
15.51,1.5464474132018093,167.69945355191257
15.51,1.5767845872539068,169.97814207650273
15.51,1.5472005798087054,171.9945355191257
15.51,1.5409119719819546,173.8306010928962
15.51,1.5479757956270759,173.9398907103825
15.51,1.5417932894524171,173.30054644808743
15.51,1.504262846861067,172.5191256830601
15.51,1.496443094983319,171.89071038251367
15.51,1.5234208691976647,169.0
15.51,1.4693854058080087,166.47540983606558
15.51,1.4618950064229275,164.07650273224044
14.918015267175573,1.4526392471232614,165.34972677595627
14.918015267175573,1.4291322927693224,168.92349726775956
14.918015267175573,1.3835828783661237,171.78142076502732
14.918015267175573,1.3614864911460764,173.6448087431694
14.918015267175573,1.3639186646211638,174.29508196721312
14.918015267175573,1.4025255073916436,174.98907103825135
14.918015267175573,1.4330936445950833,174.31147540983608
14.918015267175573,1.460565115832694,171.9071038251366
14.918015267175573,1.4728995399482987,170.37704918032787
14.918015267175573,1.4122969286995837,167.87431693989072
14.87854961832061,1.3693838761368924,163.5191256830601
14.681221374045801,1.389456387640388,160.91803278688525
14.562824427480916,1.4425470337200228,159.26775956284152
14.286564885496183,1.4569198093830784,158.66666666666666
14.286564885496183,1.4181046096362526,160.7704918032787
14.286564885496183,1.399032257417397,164.24590163934425
14.286564885496183,1.4193950583169916,165.17486338797815
14.286564885496183,1.4451808427164985,165.19672131147541
14.128702290076335,1.4399021035673067,168.08196721311475
14.128702290076335,1.411112676989797,169.04371584699453
14.128702290076335,1.3588237074349463,169.43169398907105
14.089236641221374,1.3814466282935332,168.17486338797815
14.049770992366412,1.3565753391172646,168.0928961748634
13.852442748091603,1.3360763455492488,169.7377049180328
13.852442748091603,1.3230125643107655,170.50819672131146
13.852442748091603,1.3162377723406893,169.87978142076503
13.81297709923664,1.2851477752209906,169.5737704918033
13.81297709923664,1.2817860914462427,169.08743169398906
13.655114503816794,1.292376321196781,169.33879781420765
13.536717557251908,1.3241140974291328,170.1912568306011
13.497251908396946,1.3354443918429806,170.86338797814207
13.497251908396946,1.3434686014192365,170.95081967213116
13.497251908396946,1.3651796246709527,170.59562841530055
13.497251908396946,1.3719894257395802,169.75409836065575
13.220992366412213,1.3094991223533776,167.07650273224044
13.220992366412213,1.3363933041115716,167.8306010928962
13.220992366412213,1.3460181291320308,167.2513661202186
13.220992366412213,1.3542037285106583,165.84699453551912
13.220992366412213,1.3471835980273996,164.33879781420765
13.220992366412213,1.3507774305594717,163.21857923497268
12.865801526717558,1.3062463637091555,168.76502732240436
12.865801526717558,1.2733411433275612,171.775956284153
12.826335877862595,1.2723680370569153,172.86338797814207
12.786870229007633,1.281015268352141,173.9071038251366
12.786870229007633,1.2601763993736386,174.10382513661202
12.786870229007633,1.2644873506248613,172.8415300546448
12.786870229007633,1.2790548425050898,170.95081967213116
12.629007633587786,1.313289461005369,167.0054644808743
12.629007633587786,1.3163597221734247,165.8360655737705
12.431679389312976,1.2491003128339901,168.7704918032787
12.431679389312976,1.2478825831070357,169.20218579234972
12.392213740458015,1.2415507015071798,169.224043715847
12.392213740458015,1.224679908594795,169.2295081967213
12.194885496183206,1.2386319571810687,170.44808743169398
12.194885496183206,1.2462645573880546,172.2513661202186
12.194885496183206,1.2442523123095897,172.327868852459
12.155419847328243,1.2393490008329249,172.27868852459017
12.155419847328243,1.203551144402522,171.0
11.918625954198472,1.2326150307207142,169.7431693989071
11.879160305343511,1.2266210914330014,172.3879781420765
11.839694656488549,1.205144962494207,174.49180327868854
11.839694656488549,1.2085857061325824,175.14207650273224
11.839694656488549,1.1720381157969384,175.15300546448088
11.760763358778625,1.133627658275319,175.34972677595627
11.523969465648854,1.1849595194304507,175.13114754098362
11.523969465648854,1.1784386492573944,178.6830601092896
11.523969465648854,1.1361683888442793,181.4262295081967
11.484503816793893,1.1255256146802142,182.15300546448088
11.44503816793893,1.1455414118820706,182.78142076502732
11.44503816793893,1.1683996769333362,182.0655737704918
11.44503816793893,1.1661271462910892,182.05464480874318
11.326641221374045,1.1604023731932578,180.95081967213116
11.168778625954197,1.1541910354138172,181.86885245901638
11.129312977099236,1.1422291706707615,183.8415300546448
11.129312977099236,1.1259915711364068,185.46448087431693
11.129312977099236,1.1221146730121754,185.28415300546447
11.129312977099236,1.1142834608576917,184.7431693989071
10.97145038167939,1.1422071853817095,183.8306010928962
10.97145038167939,1.1533152236610849,184.27868852459017
10.97145038167939,1.1504811852641448,183.53005464480876
10.97145038167939,1.1233009322186602,182.68852459016392
10.892519083969466,1.1036489586219178,181.73224043715848
10.695190839694655,1.1069272183404064,185.10382513661202
10.695190839694655,1.1065714681289966,186.95628415300547
10.695190839694655,1.0798739358966192,187.37158469945356
10.695190839694655,1.0723761456510272,187.55737704918033
10.695190839694655,1.0685539424073507,187.0601092896175
10.497862595419846,1.060182204190361,185.68852459016392
10.497862595419846,1.0782154388920555,186.88524590163934
10.458396946564886,1.0871598592269225,186.75956284153006
10.418931297709923,1.0884890167236647,187.26775956284152
10.418931297709923,1.0893481054515728,187.1584699453552
10.418931297709923,1.0835200925338695,187.40983606557376
10.418931297709923,1.072016580508775,186.1693989071038
10.418931297709923,1.0592311546437252,186.50273224043715
10.418931297709923,1.0472849120396532,184.71038251366122
10.261068702290077,1.0353788921686724,182.62295081967213
10.261068702290077,1.0551123821523756,182.26775956284152
10.103206106870228,1.0571362674189846,182.30054644808743
10.103206106870228,1.0530376493288038,183.86885245901638
10.063740458015266,1.0251900835320757,184.96174863387978
10.063740458015266,1.0374539848804099,185.31147540983608
10.024274809160305,1.028443039854567,184.37158469945356
9.866412213740457,1.049560039796435,184.0928961748634
9.866412213740457,1.0425952515569237,186.44262295081967
9.866412213740457,1.0247805415152402,187.1584699453552
9.866412213740457,1.0038826438264747,187.775956284153
9.866412213740457,0.9914042285242731,187.9398907103825
9.866412213740457,0.9828329109342253,188.0601092896175
9.866412213740457,0.9812624286483899,187.98907103825135
9.866412213740457,0.9808794562142829,188.12021857923497
9.866412213740457,0.9800552335062978,188.21311475409837
9.866412213740457,0.9787830529611639,188.27868852459017
9.866412213740457,0.975442251005097,188.28415300546447
9.866412213740457,0.9757790325977723,188.46994535519124
9.866412213740457,0.9693099524561695,188.33333333333334
9.866412213740457,0.9624474493550547,188.2295081967213
9.866412213740457,0.958198666509457,188.46994535519124
9.866412213740457,0.9578699780224814,188.7704918032787
9.866412213740457,0.953406173744414,188.27868852459017
9.866412213740457,0.9487881802320285,188.38251366120218
9.866412213740457,0.9464375097381835,188.14754098360655
9.866412213740457,0.9447562504537005,188.30601092896174
9.866412213740457,0.9434141957084022,188.08743169398906
9.866412213740457,0.9428553419081201,188.13114754098362
9.866412213740457,0.941419135884168,188.19672131147541
9.866412213740457,0.9417965512668733,188.04918032786884
9.866412213740457,0.9418114682684215,188.08196721311475
9.866412213740457,0.9423409754749061,187.98907103825135
9.866412213740457,0.9426156745594911,187.97267759562843
9.866412213740457,0.9418436007277711,188.18032786885246
9.866412213740457,0.9423711345108585,187.88524590163934
9.866412213740457,0.9424884403193096,187.96174863387978
9.866412213740457,0.943020302237249,187.36065573770492
9.866412213740457,0.9436138009176134,187.37704918032787
9.866412213740457,0.9437407194892543,187.37158469945356
9.866412213740457,0.943899729811808,187.31147540983608
9.866412213740457,0.9442086461575047,187.34426229508196
9.866412213740457,0.9441114719507973,187.4863387978142
9.866412213740457,0.9431658343100717,187.56284153005464
9.866412213740457,0.9428038638609538,187.53551912568307
9.866412213740457,0.9429663863698472,187.53551912568307
9.866412213740457,0.9438212445545241,187.49180327868854
9.866412213740457,0.9427836596274257,187.46994535519124
9.866412213740457,0.9428723991025106,187.3879781420765
9.866412213740457,0.9431081574811585,187.26775956284152
9.866412213740457,0.9434460723603331,187.39344262295083
9.866412213740457,0.9430019463059947,187.49726775956285
9.866412213740457,0.9426654219959831,187.60109289617486
9.866412213740457,0.9425555049242962,187.54098360655738
9.866412213740457,0.9423119323866981,187.6120218579235
9.866412213740457,0.9424309132327978,187.6120218579235
9.866412213740457,0.9424572333815441,187.63387978142077
9.866412213740457,0.9426244934037038,187.59562841530055
9.866412213740457,0.9427599813467235,187.5737704918033
9.866412213740457,0.9417139131663471,187.5737704918033
9.866412213740457,0.9418970280508524,187.5737704918033
