12.667485029940117,0.13156217555895394,62.149425287356316
12.647784431137723,0.15162582953975406,68.52873563218391
12.628083832335328,0.15977398480115151,74.62068965517241
12.628083832335328,0.17362700995679475,77.79885057471265
12.628083832335328,0.1995354046115163,79.09770114942529
12.628083832335328,0.21428022631207996,78.62068965517241
12.588682634730537,0.5099821675253071,71.20689655172414
12.25377245508982,0.5349748249839634,69.9080459770115
12.25377245508982,0.5434869789015462,74.99425287356321
12.25377245508982,0.6501700724340537,80.6896551724138
12.234071856287425,0.5797082295394801,83.71264367816092
12.234071856287425,0.5311994682561237,85.94827586206897
12.234071856287425,0.5682268189687018,85.0344827586207
12.194670658682632,0.580004954226705,84.35057471264368
11.958263473053892,0.5611732025209732,90.20114942528735
11.958263473053892,0.5668037775347747,94.59770114942529
11.958263473053892,0.6376940428708012,97.0287356321839
11.958263473053892,0.6224025673788754,96.58045977011494
11.958263473053892,0.6037901446682202,95.99425287356323
11.80065868263473,0.6174329910560128,94.97701149425288
11.662754491017962,0.6682680816164733,98.58045977011494
11.662754491017962,0.666998115656798,101.30459770114942
11.662754491017962,0.676796114172643,102.37931034482759
11.662754491017962,0.683348260291785,102.75862068965517
11.643053892215567,0.6711241393427437,101.22988505747126
11.524850299401196,0.6717513461487746,101.50574712643677
11.406646706586825,0.6857781967371169,103.2816091954023
11.386946107784429,0.6429909703868154,105.47126436781609
11.367245508982034,0.6777125191517799,106.11494252873563
11.327844311377245,0.683609993181618,105.97126436781609
11.327844311377245,0.6923577222150651,104.91379310344827
11.170239520958082,0.7305465626778727,103.4367816091954
11.170239520958082,0.7219234627459119,103.87931034482759
11.0914371257485,0.7017801305101908,104.65517241379311
11.071736526946106,0.7057722940126342,105.61494252873563
10.874730538922154,0.7197106267137097,109.6264367816092
10.85502994011976,0.6700037086137567,116.72413793103449
10.85502994011976,0.6491693716668631,122.69540229885058
10.835329341317365,0.6552564384562969,123.52873563218391
10.835329341317365,0.6539470962862036,123.25862068965517
10.815628742514969,0.634694000697235,119.85632183908045
10.618622754491016,0.6694458231825317,121.06321839080461
10.579221556886226,0.6492250203195531,125.19540229885057
10.579221556886226,0.6620003655434469,128.55172413793102
10.539820359281435,0.6863601156038666,126.98850574712642
10.441317365269459,0.6449896590785126,124.62068965517243
10.421616766467064,0.6527277815909677,124.82758620689656
10.283712574850298,0.6815397942097697,128.57471264367817
10.283712574850298,0.6681007358314558,132.51149425287355
10.224610778443113,0.6577786325073907,134.52298850574712
10.204910179640718,0.6305422179829697,135.80459770114942
10.204910179640718,0.6288658087946848,133.0344827586207
10.027604790419161,0.6494201850066719,129.6149425287356
10.027604790419161,0.6264186392699309,136.08620689655172
10.027604790419161,0.6363822982944287,137.3793103448276
9.988203592814369,0.6257872545915178,135.88505747126436
9.90940119760479,0.6241628020052249,133.5632183908046
9.771497005988023,0.6036990287711972,136.83333333333334
9.771497005988023,0.5908642763340184,141.43103448275863
9.751796407185628,0.5965990376807226,144.17241379310346
9.751796407185628,0.5998948005201152,140.6206896551724
9.751796407185628,0.6245508956925965,134.80459770114945
9.633592814371257,0.6326168003157744,133.04597701149424
9.53508982035928,0.63902264267197,133.6264367816092
9.515389221556884,0.6222949443034602,132.6494252873563
9.475988023952095,0.6472985993954824,130.6206896551724
9.318383233532932,0.6108637890241688,131.82758620689654
9.318383233532932,0.5743151960326942,136.13793103448276
9.278982035928143,0.5516237098172075,135.77011494252875
9.239580838323352,0.558402608035256,134.49425287356323
9.121377245508981,0.5597640976370827,134.6551724137931
9.121377245508981,0.5689716456459493,136.17816091954023
9.101676646706586,0.5578535368854661,137.5
9.101676646706586,0.5892315487312209,132.9712643678161
9.101676646706586,0.6051597469189915,125.37356321839081
8.865269461077842,0.5821798537450498,131.26436781609195
8.865269461077842,0.5397218053015266,137.8735632183908
8.865269461077842,0.5583655308276426,139.21264367816093
8.865269461077842,0.5551129473583138,136.29310344827587
8.865269461077842,0.534898466296337,130.20114942528735
8.865269461077842,0.5417146633044833,125.17816091954023
8.628862275449102,0.5562742681441412,125.36206896551724
8.628862275449102,0.5644535597365866,127.01149425287358
8.628862275449102,0.5750397680916919,124.85632183908046
8.51065868263473,0.5561156634390232,123.40229885057471
8.51065868263473,0.5567283736741729,123.54022988505747
8.51065868263473,0.5715205076070301,121.61494252873563
8.392455089820357,0.5675104430753117,117.80459770114942
8.392455089820357,0.5768075620365558,115.60344827586206
8.254550898203592,0.5399206016255664,116.91954022988506
8.234850299401197,0.5564478381962059,119.38505747126437
8.234850299401197,0.5630754871292838,119.51724137931035
8.09694610778443,0.525417081494049,117.0919540229885
8.09694610778443,0.5064679074451822,120.02873563218391
8.077245508982035,0.5052617234306299,118.85632183908046
8.077245508982035,0.5091724959858378,116.52873563218391
7.97874251497006,0.5273892215568866,114.1264367816092
7.899940119760478,0.5356021956769984,111.83333333333333
7.899940119760478,0.535947465753159,110.57471264367815
7.781736526946106,0.5313293438637753,110.17816091954023
7.762035928143711,0.5143212308860585,114.38505747126437
7.762035928143711,0.5167763906305787,114.17816091954023
7.742335329341317,0.5079081302601297,110.20689655172414
7.6241317365269445,0.49721364703053866,110.97701149425288
7.505928143712573,0.48792594250830373,111.4080459770115
7.505928143712573,0.4897960452579178,114.29885057471265
7.486227544910179,0.48542286527657663,116.02873563218391
7.486227544910179,0.4867715221378591,114.75862068965517
7.466526946107784,0.5000514705097311,111.22413793103448
7.289221556886226,0.48009182355720803,111.47701149425288
7.289221556886226,0.4689025511420998,114.55747126436782
7.269520958083831,0.4873686192728382,115.42528735632185
7.171017964071855,0.472714855217009,117.10919540229885
7.171017964071855,0.45690999795289305,118.22413793103448
7.171017964071855,0.445225834619776,119.48275862068965
7.171017964071855,0.4687489778139325,117.00574712643679
7.052814371257485,0.48298673705491285,113.86206896551724
7.052814371257485,0.4673235984140024,111.6896551724138
6.895209580838323,0.45074462840803353,120.26436781609195
6.895209580838323,0.4501344916441913,124.04597701149424
6.895209580838323,0.4349443070602946,127.77011494252875
6.875508982035927,0.4111072592434301,128.17816091954023
6.855808383233532,0.40851561627194916,126.37356321839081
6.836107784431137,0.42921895472857996,121.64367816091954
6.639101796407185,0.44434927512339484,117.48850574712644
6.619401197604789,0.44341329328332624,123.9712643678161
6.599700598802395,0.42721701786758376,125.51724137931035
6.599700598802395,0.4133524190294114,125.24137931034483
6.58,0.41833138749158116,120.77011494252874
6.442095808383233,0.41663876219922696,122.7183908045977
6.442095808383233,0.4198384662036182,124.39080459770116
6.442095808383233,0.4256730637740226,122.88505747126437
6.284491017964071,0.4263739402632033,116.17816091954023
6.284491017964071,0.41710973676894925,117.76436781609195
6.264790419161677,0.4146564218414517,120.29885057471265
6.1662874251497,0.3839640652267389,131.26436781609195
6.1662874251497,0.3675966511729306,134.22413793103448
6.1662874251497,0.38793689811484455,133.32183908045977
6.1662874251497,0.4055856901969976,125.28735632183907
5.949580838323353,0.3998316382314494,124.09770114942529
5.9298802395209576,0.3784220148918892,135.64367816091954
5.910179640718562,0.3591836377494036,140.0344827586207
5.910179640718562,0.337132924372501,142.0632183908046
5.8904790419161674,0.33951327436034456,140.76436781609195
5.8904790419161674,0.36701290495325883,134.51724137931035
5.693473053892214,0.3993458937016335,120.88505747126437
5.67377245508982,0.39113028719861104,131.23563218390805
5.67377245508982,0.3683966747821021,132.16091954022988
5.654071856287425,0.3489607644188347,128.0977011494253
5.535868263473053,0.3507744857151774,132.83333333333334
5.535868263473053,0.35026948862849605,134.3793103448276
5.535868263473053,0.3569084440441417,128.10344827586206
5.378263473053892,0.35492227331876336,130.98275862068965
5.378263473053892,0.3532068513735423,134.316091954023
5.378263473053892,0.35090813427849693,137.13793103448276
5.3388622754491015,0.3441528056559563,135.43103448275863
5.3388622754491015,0.35263372153331146,130.42528735632183
5.220658682634729,0.3427206222175943,132.5632183908046
5.200958083832335,0.32188865898791735,137.80459770114942
5.181257485029939,0.3118037176493967,137.5977011494253
5.161556886227545,0.32208416161072834,135.17241379310346
5.122155688622754,0.329683827069058,131.32758620689654
5.102455089820359,0.34068238574078524,125.85632183908046
4.964550898203592,0.33887221639768406,128.36206896551724
4.944850299401197,0.324308174905598,133.93103448275863
4.925149700598801,0.2836270855483517,142.6551724137931
4.866047904191617,0.3056516371116117,132.49425287356323
4.826646706586826,0.3143895342177524,128.7183908045977
4.76754491017964,0.30586057454873317,127.7183908045977
4.747844311377245,0.29973926034415366,131.61494252873564
4.6690419161676635,0.29055621855234454,129.95402298850576
4.629640718562874,0.29392084457517,132.17816091954023
4.590239520958083,0.27700139306219834,139.11494252873564
4.550838323353293,0.2729766065340033,140.44827586206895
4.491736526946108,0.2872228180202106,135.43103448275863
4.472035928143712,0.2895406681725093,134.4712643678161
4.373532934131736,0.2582568662011446,146.09195402298852
4.353832335329341,0.24822371677198768,147.8735632183908
4.334131736526945,0.2567840763777236,142.367816091954
4.27502994011976,0.25592069457967104,139.66666666666666
4.196227544910179,0.25815565227806314,136.17816091954023
4.196227544910179,0.2656298131579303,137.56896551724137
4.137125748502993,0.26217574127950133,140.5
4.078023952095808,0.23311762071713243,149.31034482758622
4.038622754491017,0.24417660800592578,144.316091954023
3.9795209580838313,0.25959823916720415,135.85632183908046
3.9204191616766466,0.25026573555971904,145.29885057471265
3.9007185628742516,0.2116392514396998,153.6494252873563
3.8613173652694606,0.22506863218138923,147.05172413793105
3.78251497005988,0.24231352646364684,141.55747126436782
3.7431137724550894,0.22334914298897213,145.6494252873563
3.6840119760479038,0.2313776362877778,144.04597701149424
3.644610778443113,0.23052931442631303,142.1264367816092
3.5855089820359276,0.22083986416348925,152.76436781609195
3.5461077844311375,0.2202830944286795,150.58045977011494
3.506706586826347,0.22157681170324198,149.4022988505747
3.4673053892215564,0.2242587166682025,147.75862068965517
3.408203592814371,0.22102313651430128,148.7528735632184
3.3688023952095807,0.21831647091494022,142.89080459770116
3.3097005988023946,0.2128359777295095,148.3448275862069
3.250598802395209,0.21971304250152565,140.93103448275863
3.211197604790419,0.22860202901460366,137.16666666666666
3.171796407185628,0.2176837258482683,139.0287356321839
3.112694610778443,0.19354525139540285,156.4655172413793
3.0732934131736522,0.20992052434390526,144.85632183908046
3.0141916167664666,0.23724989269455177,129.0977011494253
2.955089820359281,0.20710941405677882,143.81034482758622
2.9353892215568855,0.20304426732202008,148.1206896551724
2.856586826347305,0.22699384808039624,134.35632183908046
2.83688622754491,0.24629831227700516,130.2183908045977
2.758083832335329,0.21788142515363781,137.5344827586207
2.7186826347305386,0.23172677953519163,131.32183908045977
2.698982035928143,0.2184539455150128,134.35632183908046
2.639880239520958,0.19735554125671503,146.683908045977
2.5807784431137724,0.22235859279282336,128.95977011494253
2.561077844311377,0.2326070921498188,124.93103448275863
2.5216766467065863,0.2631418367399723,121.85632183908046
2.4625748502994007,0.2605962458315175,113.97701149425288
2.38377245508982,0.2643634817084138,117.3735632183908
2.38377245508982,0.25678839066209225,123.01724137931035
2.34437125748503,0.290896349952814,107.17241379310344
2.265568862275449,0.2907573895202003,109.47701149425288
2.2261676646706583,0.33537998629092297,98.03448275862068
2.186766467065868,0.3404364421417119,98.05172413793103
2.147365269461077,0.34712838223460585,92.13218390804597
2.0685628742514965,0.353343146520661,94.05172413793103
2.0488622754491015,0.36175310688678636,93.55747126436782
2.0291616766467064,0.3837033132430254,91.52873563218391
2.009461077844311,0.3801908616523859,86.5
1.9109580838323348,0.38334868017079954,85.29885057471265
1.9109580838323348,0.3756999201167161,87.5632183908046
1.8715568862275447,0.3584126460229621,92.89655172413794
1.8518562874251494,0.3842643243709063,92.72413793103448
1.7927544910179638,0.4202822109849377,90.27586206896552
1.7533532934131735,0.4269935875998136,83.80459770114942
1.713952095808383,0.43452392419559105,77.63218390804597
1.6351497005988023,0.44938035314908215,82.17816091954023
1.6351497005988023,0.4421699107053096,83.96551724137932
1.5760479041916167,0.452169957098893,80.91954022988506
1.5366467065868261,0.4354878028872474,85.57471264367815
1.516946107784431,0.4404221282159366,88.683908045977
1.4775449101796405,0.4568671581920814,86.25862068965517
1.3987425149700596,0.49327487743895027,76.93103448275862
1.3987425149700596,0.4851503072326951,79.17241379310344
1.3593413173652693,0.47408143359020866,83.55172413793103
1.3002395209580837,0.4891195211168976,81.6264367816092
1.2805389221556884,0.5073548210613946,81.05172413793103
1.241137724550898,0.506655006593439,78.96551724137932
1.2017365269461076,0.5228291631331773,81.41954022988506
1.1623353293413172,0.547247547089932,80.15517241379311
1.1623353293413172,0.5554527185338979,77.33333333333333
1.044131736526946,0.5641611274735271,76.59770114942529
1.0244311377245507,0.5877524367919281,71.89080459770115
1.0047305389221555,0.5876852845555144,69.77586206896552
0.8865269461077844,0.1502542459606827,73.78735632183908
0.8668263473053891,0.14790917758454764,71.08620689655173
0.8077245508982035,0.13668071159407846,69.34482758620689
0.7880239520958083,0.17727603075063683,71.1896551724138
0.7683233532934131,0.1783507498533534,70.816091954023
0.6895209580838323,0.16314530237853084,66.82758620689656
0.669820359281437,0.10991788069948213,71.5919540229885
