12.628083832335328,0.1426688839515544,36.64367816091954
12.628083832335328,0.11866281423167695,40.64367816091954
12.628083832335328,0.1254765723078722,44.367816091954026
12.628083832335328,0.13377043642072992,46.23563218390805
12.628083832335328,0.15456955068865894,47.91379310344828
12.628083832335328,0.2237130335950977,48.00574712643679
12.608383233532933,0.2709208811600721,46.798850574712645
12.588682634730537,0.5113246629884582,41.12068965517241
12.234071856287425,0.5295589294521054,44.7183908045977
12.234071856287425,0.5294692744688143,51.13218390804598
12.234071856287425,0.46506411436169104,54.20689655172414
12.234071856287425,0.4819432124071504,57.2183908045977
12.214371257485029,0.4401686363246697,59.55747126436781
12.214371257485029,0.43951660920199254,59.58045977011494
11.958263473053892,0.4765756392673873,60.5
11.958263473053892,0.5088868890450289,66.52873563218391
11.958263473053892,0.5082439070857043,69.45977011494253
11.958263473053892,0.4964345025376226,71.43103448275862
11.938562874251495,0.441673436723393,72.06896551724138
11.9188622754491,0.4628030124147269,71.36206896551724
11.9188622754491,0.4963991144530083,69.99425287356321
11.87946107784431,0.5403015935463193,67.44252873563218
11.662754491017962,0.6230277810404066,63.086206896551715
11.662754491017962,0.6252529942063674,66.29885057471265
11.662754491017962,0.6163770073889902,68.52873563218391
11.643053892215567,0.620879346993617,69.32183908045977
11.54455089820359,0.5720593785968914,68.98850574712644
11.406646706586825,0.5631980301142687,71.39080459770115
11.406646706586825,0.5008954638401943,78.96551724137932
11.406646706586825,0.5393076589715495,81.91954022988506
11.406646706586825,0.5433918660858704,83.23563218390805
11.386946107784429,0.5160096223813964,81.94252873563218
11.327844311377245,0.53988891647065,79.20114942528735
11.30814371257485,0.5527347315602706,78.08620689655173
11.170239520958082,0.5548589413957359,75.63218390804599
11.170239520958082,0.587789596506286,76.5
11.130838323353293,0.6182507414108475,77.54597701149426
11.0914371257485,0.6156912536274634,78.54597701149426
10.973233532934131,0.620221008126199,77.25862068965517
10.973233532934131,0.613230484731893,78.27586206896552
10.85502994011976,0.5684341584842918,85.68390804597702
10.835329341317365,0.5535795154881225,90.64942528735632
10.835329341317365,0.5628298075706207,93.12068965517241
10.835329341317365,0.5562192092528028,94.01149425287356
10.835329341317365,0.5556630125838062,92.23563218390805
10.835329341317365,0.5770557362062809,89.36206896551724
10.598922155688621,0.5508517583868546,94.70689655172413
10.579221556886226,0.5361878097160925,97.76436781609196
10.579221556886226,0.5588342120377425,101.44252873563218
10.579221556886226,0.5987267031125755,101.64367816091955
10.579221556886226,0.5888047791403502,99.46551724137932
10.539820359281435,0.5986399493639455,94.74137931034483
10.303413173652693,0.5704073621798165,98.94827586206897
10.303413173652693,0.558996646144076,102.32758620689656
10.264011976047902,0.5460392884090948,109.51149425287356
10.244311377245507,0.5595000094847675,110.51149425287356
10.224610778443113,0.5478245863642243,110.19540229885057
10.204910179640718,0.5559619456973363,107.80459770114942
10.204910179640718,0.5714215352881626,104.97701149425288
10.027604790419161,0.5834195103361938,102.19540229885057
9.988203592814369,0.5875702531933448,109.5632183908046
9.988203592814369,0.563652110446454,112.71264367816092
9.90940119760479,0.5578204894162663,113.22988505747126
9.90940119760479,0.556256975403855,113.27586206896552
9.771497005988023,0.5592068399217753,112.8735632183908
9.771497005988023,0.5621354883057081,118.16666666666667
9.751796407185628,0.5602641311368302,120.35057471264368
9.633592814371257,0.551582949595786,119.30459770114943
9.633592814371257,0.5641880631187807,123.00574712643679
9.633592814371257,0.561958714486394,123.67816091954023
9.515389221556884,0.5678535237217871,122.2183908045977
9.49568862275449,0.5757581153389969,123.32758620689654
9.49568862275449,0.5687825763570468,122.49425287356323
9.357784431137723,0.5500987931381277,125.01724137931035
9.318383233532932,0.5624511850086233,130.9310344827586
9.318383233532932,0.5365322238431863,134.9655172413793
9.278982035928143,0.5127816176075525,135.05172413793105
9.259281437125749,0.4992173902327463,133.28735632183907
9.121377245508981,0.4934636275835422,135.72413793103448
9.101676646706586,0.5020909389738794,140.0919540229885
9.101676646706586,0.5212965160333108,141.55172413793102
9.101676646706586,0.556649120935185,133.75287356321837
9.101676646706586,0.5780834214351075,123.48850574712644
8.865269461077842,0.5741501714238698,125.2816091954023
8.865269461077842,0.5126810198530225,136.09195402298852
8.865269461077842,0.5388740637625746,136.5632183908046
8.845568862275448,0.5219703115613923,133.71264367816093
8.727365269461076,0.5018257033103324,125.20114942528735
8.727365269461076,0.5288518851226893,122.83333333333333
8.628862275449102,0.5331475755392628,124.2528735632184
8.609161676646707,0.5567824763714568,126.17241379310346
8.609161676646707,0.546545125134346,123.86206896551724
8.530359281437125,0.5433384452535065,120.89080459770115
8.530359281437125,0.5454850160446442,120.30459770114942
8.51065868263473,0.5484309144087536,117.6896551724138
8.372754491017963,0.5404483379690946,118.29310344827586
8.254550898203592,0.5420018841222815,117.97126436781609
8.234850299401197,0.5261296443282883,121.47126436781609
8.2151497005988,0.5183790345074643,126.07471264367817
8.2151497005988,0.4925195243405229,125.66091954022988
8.175748502994011,0.4904286580056484,124.54597701149424
8.13634730538922,0.49735658195242777,123.59195402298852
8.09694610778443,0.5069546785518734,121.75862068965517
8.077245508982035,0.5059139025503483,119.47126436781609
7.97874251497006,0.5170443509048833,120.55172413793103
7.8802395209580824,0.5123467492519815,120.46551724137932
7.8802395209580824,0.5098513089295159,120.0632183908046
7.781736526946106,0.49544600370319475,120.32183908045977
7.781736526946106,0.48465782325944273,123.20689655172413
7.781736526946106,0.5028014145789181,119.9367816091954
7.7029341317365265,0.49771278635155686,118.71264367816092
7.6241317365269445,0.4787390484740648,118.47126436781609
7.60443113772455,0.47728944116174415,117.54597701149426
7.505928143712573,0.48827863959296597,120.55747126436782
7.486227544910179,0.4922055059787998,122.683908045977
7.446826347305388,0.47584518238281115,120.3103448275862
7.427125748502993,0.4803973054455443,119.316091954023
7.269520958083831,0.4763511716724037,121.9367816091954
7.269520958083831,0.46939823983793677,126.40229885057471
7.249820359281436,0.4671782558649998,128.69540229885058
7.249820359281436,0.4677921947982199,127.7816091954023
7.151317365269461,0.4346974831014758,130.93103448275863
7.151317365269461,0.4327676509909712,130.54022988505747
7.151317365269461,0.44647024810099983,128.867816091954
7.052814371257485,0.4748477979410788,119.15517241379311
6.895209580838323,0.45371051996356065,125.0344827586207
6.875508982035927,0.4570643147935572,130.52298850574712
6.875508982035927,0.42591563226524737,135.25862068965517
6.855808383233532,0.4025533643923923,135.73563218390805
6.836107784431137,0.43262704406302904,128.48850574712642
6.658802395209579,0.43626849546265845,130.43103448275863
6.639101796407185,0.42766255553328486,137.75862068965517
6.639101796407185,0.4330138457804232,138.41954022988506
6.639101796407185,0.42203759848730377,135.39080459770116
6.599700598802395,0.4330168689035647,127.06896551724137
6.422395209580838,0.43275572363782727,127.70114942528735
6.402694610778442,0.4154267775757404,137.55747126436782
6.382994011976047,0.4035823961620406,139.5632183908046
6.382994011976047,0.3890944688235487,135.86206896551724
6.284491017964071,0.4018061193678273,127.41379310344828
6.185988023952095,0.4058279756003261,132.04597701149424
6.1662874251497,0.3697461544921893,140.5287356321839
6.1662874251497,0.39846526216410255,139.79310344827587
6.1662874251497,0.40506794633184023,137.68965517241378
5.9298802395209576,0.39104641821281216,129.08045977011494
5.9298802395209576,0.37187164210193085,138.08620689655172
5.8904790419161674,0.3626044119655653,144.20114942528735
5.8904790419161674,0.3282698158349615,147.3793103448276
5.8904790419161674,0.36553364449945125,140.70689655172413
5.8904790419161674,0.37952741979478105,132.16666666666666
5.67377245508982,0.3967504365857437,132.32183908045977
5.654071856287425,0.36877668445706907,136.14367816091954
5.654071856287425,0.34685192527972497,134.0
5.555568862275448,0.34504322722604264,135.21264367816093
5.555568862275448,0.3423333918340462,135.55747126436782
5.535868263473053,0.3473920136478837,132.82758620689654
5.437365269461077,0.3357919234468818,136.60344827586206
5.437365269461077,0.3264552461815673,137.25862068965517
5.417664670658683,0.33451138636593997,134.10344827586206
5.397964071856286,0.35709339634689535,125.5287356321839
5.220658682634729,0.34918514885660557,131.99425287356323
5.200958083832335,0.32100569959915476,143.20689655172413
5.181257485029939,0.2941861852024935,142.17241379310346
5.181257485029939,0.29642071521727736,139.39655172413794
5.122155688622754,0.31285914429123585,135.7816091954023
5.102455089820359,0.3293790853234893,133.29310344827587
5.102455089820359,0.3355744183154726,128.80459770114942
4.944850299401197,0.32151787983005775,133.78735632183907
4.925149700598801,0.29875002142680185,142.40804597701148
4.925149700598801,0.2883343710038729,145.31034482758622
4.925149700598801,0.28178862478394284,144.04022988505747
4.866047904191617,0.28902206614671827,137.49425287356323
4.846347305389221,0.29724799839026017,130.14367816091954
4.747844311377245,0.29253806363069296,132.8735632183908
4.747844311377245,0.29498154977258795,133.58620689655172
4.72814371257485,0.2945688877610832,128.68965517241378
4.649341317365269,0.27466029587262286,135.13793103448276
4.629640718562874,0.2679931892752333,133.67816091954023
4.550838323353293,0.25965159437901825,136.79310344827587
4.531137724550898,0.27356056881974783,138.52298850574712
4.511437125748502,0.27193438961878835,137.27586206896552
4.432634730538921,0.2686434726418719,138.72988505747125
4.373532934131736,0.2429656065638639,146.2816091954023
4.373532934131736,0.23530690303836518,149.57471264367817
4.353832335329341,0.2577113349617246,140.1494252873563
4.27502994011976,0.25013434170522825,140.867816091954
4.23562874251497,0.24426882285712406,136.32758620689654
4.176526946107784,0.25359495319008746,137.98275862068965
4.137125748502993,0.2446410893840063,143.43103448275863
4.1174251497005985,0.23437246155439515,146.6206896551724
4.058323353293413,0.21825004325966063,155.85632183908046
4.038622754491017,0.2254222980473042,147.52298850574712
3.9795209580838313,0.2472613428526931,138.40804597701148
3.9401197604790412,0.24137595268245807,148.76436781609195
3.9007185628742516,0.2076358398237775,157.27011494252875
3.8613173652694606,0.21699417363075965,152.76436781609195
3.802215568862275,0.22599353572915612,145.33333333333334
3.762814371257485,0.23366216993161862,146.5344827586207
3.7431137724550894,0.21868385198900006,144.25862068965517
3.6840119760479038,0.22634572658127344,142.10919540229884
3.624910179640718,0.21495407919591925,148.76436781609195
3.565808383233532,0.2035435632700322,165.66666666666666
3.5264071856287424,0.2070152724823612,158.6206896551724
3.506706586826347,0.21010645852201382,157.27586206896552
3.427904191616766,0.21146682243028733,150.68965517241378
3.3885029940119757,0.20496909146281306,158.90804597701148
3.3688023952095807,0.20590395340291637,158.2183908045977
3.3294011976047897,0.19862105713345954,158.05747126436782
3.2702994011976045,0.20690650565563445,156.01149425287358
3.250598802395209,0.2179230420200834,144.95402298850576
3.171796407185628,0.20547786744817903,147.60344827586206
3.1323952095808383,0.19220564783021732,157.17816091954023
3.112694610778443,0.18587830355425092,164.77586206896552
3.0732934131736522,0.20717700785371398,149.00574712643677
2.9944910179640716,0.21812076602263822,139.81034482758622
2.9747904191616765,0.19260473507452133,157.8505747126437
2.9156886227544905,0.19326444820169256,153.01149425287358
2.895988023952096,0.19567438880982826,148.80459770114942
2.7974850299401193,0.2528272538889174,125.58620689655172
2.758083832335329,0.21384638822212557,139.44252873563218
2.7186826347305386,0.21855005354394802,138.20689655172413
2.659580838323353,0.19145625528934554,147.316091954023
2.639880239520958,0.19935937750384783,146.9712643678161
2.6201796407185625,0.20542591214677408,141.2528735632184
2.5413772455089814,0.2345230336164501,127.23563218390805
2.482275449101796,0.2517459538253384,123.2471264367816
2.4625748502994007,0.25962959769898075,116.71264367816092
2.38377245508982,0.2730703784841194,114.8103448275862
2.364071856287425,0.2667358723411274,119.70114942528735
2.34437125748503,0.28164942444251817,111.50574712643679
2.265568862275449,0.2915057741395652,111.36781609195403
2.2261676646706583,0.3262467958501073,102.94252873563218
2.1670658682634727,0.34745922630207626,96.96551724137932
2.1276646706586826,0.3458604511191806,95.44252873563218
2.088263473053892,0.35666348841254175,98.21264367816092
2.0291616766467064,0.3627253792391101,96.9080459770115
2.0291616766467064,0.36923307472261135,95.97126436781609
2.009461077844311,0.36875287556014114,94.27011494252874
1.9109580838323348,0.37718301511836416,91.79885057471265
1.89125748502994,0.36912012813824374,94.10344827586206
1.812455089820359,0.3818174842732727,96.08620689655173
1.812455089820359,0.4014617510674812,100.64942528735632
1.7533532934131735,0.4146333027844264,93.4080459770115
1.7533532934131735,0.42035871951298537,88.09770114942529
1.6548502994011973,0.4479946217877144,89.1264367816092
1.615449101796407,0.4475322786622002,90.32758620689656
1.5957485029940117,0.44623918570404797,90.75287356321839
1.5366467065868261,0.44136436216044084,94.35057471264368
1.4972455089820358,0.4540825253799799,97.85057471264368
1.4775449101796405,0.48266384127774725,88.51149425287356
1.3987425149700596,0.48910832593191267,88.32758620689656
1.3593413173652693,0.4774455832692536,90.53448275862068
1.319940119760479,0.48561372894648774,91.46551724137932
1.2805389221556884,0.5026250660626659,93.23563218390805
1.2608383233532932,0.5084358153340433,92.85632183908046
1.2214371257485028,0.5101053637585036,91.67816091954023
1.1623353293413172,0.5424609235540955,92.74712643678161
1.142634730538922,0.5496913361140625,90.13793103448276
1.0835329341317363,0.5582985187502584,87.14942528735632
1.0244311377245507,0.5603499394695614,92.83908045977012
1.0244311377245507,0.572147136675916,90.47126436781609
0.9062275449101795,0.2143479283068806,86.29310344827586
0.8865269461077844,0.1458843755869391,83.3735632183908
0.8274251497005987,0.1376128506468454,80.25287356321839
0.8077245508982035,0.1221445659749384,82.55747126436782
0.7880239520958083,0.13787157788197693,83.07471264367815
0.7683233532934131,0.14407320617658656,85.05747126436782
0.7486227544910179,0.14155040950484407,86.0
0.7092215568862275,0.1397794537326598,80.94252873563218
0.6895209580838323,0.1161363641897903,83.24712643678161
