1.8674107142857141,0.04841527714557213,0.4724576271186445
1.8254464285714282,0.03750923783818503,0.4872881355932206
1.4547619047619045,0.04766169976506518,0.5783898305084749
1.8674107142857141,0.07764503023431613,0.5550847457627119
1.8604166666666664,0.06079119759316769,0.49576271186440746
1.8883928571428568,0.09484353163169584,0.4597457627118642
1.8674107142857141,0.0507358502869067,0.6377118644067794
1.8674107142857141,0.09057779229089073,0.49576271186440657
1.8674107142857141,0.07135617954911451,0.5
1.8674107142857141,0.07421389551491596,0.45550847457627164
2.2590773809523808,0.09363202488202481,1.069915254237288
2.2590773809523808,0.08576998672275951,1.3919491525423728
2.2520833333333328,0.08822775807477451,1.9936440677966099
2.2101190476190475,0.08448847483362425,2.7288135593220337
2.1611607142857143,0.08997945213222996,4.163135593220339
2.119196428571428,0.10431693240639267,3.9703389830508486
2.105208333333333,0.09532416492929636,4.898305084745762
2.0772321428571425,0.09145792810574627,5.572033898305084
2.0772321428571425,0.09731202683879113,5.559322033898305
2.0422619047619044,0.09571237695463553,6.991525423728813
2.0002976190476187,0.09958801502268605,7.798728813559321
1.9513392857142857,0.10290798909829425,10.317796610169491
1.9373511904761902,0.09822807098595249,11.453389830508474
1.8953869047619045,0.09097866946658029,13.887711864406782
1.8953869047619045,0.09111423554835217,13.843220338983052
1.8394345238095235,0.1125604986353454,14.459745762711865
1.8184523809523807,0.09709984110659674,16.148305084745765
1.7834821428571426,0.1006185097860353,19.175847457627118
1.7415178571428571,0.10286950077955317,19.351694915254235
1.720535714285714,0.0911193219611049,23.296610169491526
1.6995535714285712,0.10244467097176477,22.146186440677965
1.6575892857142855,0.1092313029413472,22.58050847457627
1.6156249999999999,0.09996289438394387,25.451271186440678
1.5736607142857142,0.10629133292410557,27.28813559322034
1.5316964285714283,0.09296536139027192,33.73516949152542
1.5316964285714283,0.0930130127983428,33.73516949152542
1.4967261904761904,0.09219704870492505,35.06991525423729
1.447767857142857,0.10126871178182006,32.93008474576271
1.4197916666666663,0.09356645338646133,34.21822033898305
1.391815476190476,0.09271479931149895,35.24364406779661
1.3428571428571425,0.09137368819514341,36.25423728813559
1.3358630952380952,0.09089370298427996,38.461864406779654
1.300892857142857,0.08249540430162426,45.21822033898305
1.2589285714285712,0.08699595037054363,46.347457627118644
1.2309523809523808,0.07769927885236497,46.08050847457627
1.2169642857142855,0.07523982607592349,48.42372881355932
1.1749999999999998,0.09194358506739538,41.887711864406775
1.140029761904762,0.07951785279281426,47.32415254237288
1.1050595238095238,0.07930970484789503,48.608050847457626
1.098065476190476,0.07431266754452283,50.726694915254235
1.063095238095238,0.07815201171934424,50.230932203389834
1.0141369047619047,0.08097240919449589,53.652542372881356
1.0001488095238094,0.07474115473130004,58.266949152542374
0.9791666666666665,0.07945293336472702,54.44703389830509
0.9581845238095238,0.0788202549654983,58.307203389830505
0.9511904761904761,0.07654963764040279,58.402542372881356
0.9302083333333332,0.08444564169782931,53.86652542372882
0.9232142857142857,0.08579502400896033,52.54025423728814
0.8952380952380952,0.08213086523492752,56.016949152542374
0.8672619047619047,0.08382079273797002,55.42372881355932
0.8462797619047617,0.0950080419565475,50.13771186440678
0.8183035714285712,0.09655105074359735,52.17796610169491
0.7833333333333332,0.1019058061274984,54.347457627118644
0.7413690476190475,0.10690241998595681,50.20550847457627
0.734375,0.10429894085132976,54.603813559322035
0.7273809523809522,0.11112333808200635,53.16737288135593
0.7273809523809522,0.11115804239389271,53.16737288135593
0.6854166666666666,0.12256872767149724,49.92161016949152
0.6364583333333332,0.11983603246704692,55.91949152542373
0.6364583333333332,0.1208338757660561,55.595338983050844
0.6364583333333332,0.12204991649082617,55.485169491525426
0.5874999999999999,0.13039659741507106,53.4978813559322
0.5735119047619047,0.13999174450308774,51.48940677966102
0.5595238095238095,0.15154365369941364,48.735169491525426
0.531547619047619,0.1598069602007373,48.38771186440678
0.531547619047619,0.15976556028255404,48.3771186440678
0.48258928571428567,0.14496521328800627,52.557203389830505
0.440625,0.17252593811264774,47.269067796610166
0.42663690476190474,0.1640483167626025,49.144067796610166
0.4196428571428571,0.1550451146899763,47.855932203389834
0.4196428571428571,0.15374342151070575,47.646186440677965
0.37068452380952377,0.1347335799250744,37.83898305084746
0.3427083333333333,0.1173421413707894,36.96610169491525
0.3147321428571428,0.0897714553968718,36.027542372881356
0.29374999999999996,0.0686833081931951,32.55296610169491
0.29374999999999996,0.06852420336545072,32.55296610169491
0.23779761904761904,0.09059957370332923,17.5635593220339
0.20982142857142855,0.07027100837006699,14.658898305084747
0.20282738095238093,0.0665958036415432,14.0635593220339
0.1958333333333333,0.06520278578590333,13.985169491525422
0.1958333333333333,0.06151125417540591,13.713983050847457
0.1958333333333333,0.05555250023307288,13.601694915254239
0.1958333333333333,0.05430667586399017,13.334745762711865
0.1958333333333333,0.05320761547372571,13.247881355932204
0.1958333333333333,0.051833284185776964,13.076271186440678
0.1958333333333333,0.05086509113728675,12.889830508474578
0.1958333333333333,0.05044710402782426,12.70550847457627
0.1958333333333333,0.05053858593275043,12.536016949152543
0.1958333333333333,0.05049256063214778,12.610169491525422
0.1958333333333333,0.050768270138902984,12.45762711864407
0.1958333333333333,0.05041787858721497,12.235169491525422
0.1958333333333333,0.05034635943516282,12.118644067796609
0.1958333333333333,0.05038053044268478,12.122881355932204
0.1958333333333333,0.05007304234287137,12.046610169491526
0.1958333333333333,0.05008949714532968,12.046610169491526
0.1958333333333333,0.050265400696009065,12.141949152542374
0.1958333333333333,0.049888587721454936,11.993644067796609
0.1958333333333333,0.04946682174153752,11.995762711864408
0.1958333333333333,0.049218449608104106,11.887711864406779
0.1958333333333333,0.04895846590515906,11.841101694915253
0.1958333333333333,0.04883999372076632,11.904661016949152
0.1958333333333333,0.048465686273608075,11.760593220338983
0.1958333333333333,0.04848638290414969,11.614406779661017
0.1958333333333333,0.048614414022006336,11.627118644067796
0.18883928571428568,0.04988220943184541,11.288135593220339
