10.100640809443506,0.21072224027731956,1.9834254143646408
9.796290050590217,0.36837798119376214,2.4972375690607738
9.587048903878582,0.3911060653864984,1.9972375690607738
9.720202360876895,0.4170098040398363,2.0331491712707184
9.720202360876895,0.3334820211922517,2.3259668508287277
9.720202360876895,0.28548827747236705,1.875690607734807
9.720202360876895,0.36628021145954676,2.2734806629834257
9.720202360876895,0.3396578616526731,2.2458563535911598
9.720202360876895,0.27144316248498385,2.3425414364640886
9.587048903878582,0.27451870758188707,2.720994475138122
9.587048903878582,0.21995374362576,2.27900552486188
9.510961214165262,0.3196945606389114,2.4116022099447516
9.49193929173693,0.2873842171437147,2.6491712707182327
9.43487352445194,0.26501627518280857,2.928176795580111
9.20661045531197,0.10943144900041368,4.160220994475139
9.07345699831366,0.17743578243982452,6.839779005524862
9.07345699831366,0.33363565508987536,7.301104972375692
9.054435075885328,0.3949084734315535,6.483425414364639
8.807150084317032,0.44931608163817266,6.8812154696132595
8.807150084317032,0.47410779635841294,8.522099447513813
8.807150084317032,0.38119638580063986,9.193370165745858
8.807150084317032,0.3927618082787042,9.328729281767956
8.73106239460371,0.37886205015238655,9.657458563535911
8.578887015177065,0.3928706130703615,9.933701657458563
8.578887015177065,0.37433507555752044,12.49171270718232
8.578887015177065,0.33752458659292023,13.069060773480665
8.559865092748735,0.36453109436887793,13.466850828729283
8.559865092748735,0.36549849448668925,14.060773480662982
8.483777403035413,0.4219639520458998,12.201657458563536
8.38866779089376,0.44172130789798075,12.997237569060772
8.350623946037098,0.4409981157062167,13.55524861878453
8.331602023608768,0.4383788664221149,14.638121546961326
8.217470489038785,0.4200348615467054,15.251381215469612
8.198448566610454,0.3878579004695211,17.403314917127073
8.198448566610454,0.36251935860207235,18.8121546961326
8.179426644182124,0.39212103815014704,19.149171270718234
8.06529510961214,0.36432167883717553,21.193370165745854
8.06529510961214,0.3532541160538006,23.569060773480665
8.06529510961214,0.3809360839041847,23.825966850828728
8.06529510961214,0.3776391860732522,23.93922651933702
7.951163575042157,0.3873552171606303,23.40331491712707
7.951163575042157,0.3816515871002402,24.444751381215468
7.856053962900505,0.4241322301469141,24.616022099447513
7.856053962900505,0.4102593839121698,24.671270718232044
7.760944350758852,0.41126282942400233,25.215469613259668
7.722900505902191,0.4337238736199192,26.267955801104968
7.703878583473861,0.43121156156619506,27.39779005524862
7.589747048903877,0.4191269643491878,28.417127071823202
7.570725126475547,0.3878944006732545,31.494475138121548
7.570725126475547,0.3942680125151536,32.86740331491713
7.570725126475547,0.3920435382492713,33.66022099447514
7.532681281618887,0.3980010691977076,34.825966850828735
7.418549747048902,0.4031006159966815,35.552486187845304
7.418549747048902,0.3922267540880359,37.0939226519337
7.399527824620573,0.39987702787721635,37.69889502762431
7.399527824620573,0.40554669374268415,37.71270718232044
7.30441821247892,0.4205858590577787,39.08011049723757
7.228330522765598,0.41572653718108166,40.84530386740332
7.209308600337267,0.40141627217514353,42.38397790055249
7.209308600337267,0.39228578117620394,43.47790055248618
7.209308600337267,0.3945076746826171,43.052486187845304
7.114198988195615,0.3947186381219689,45.83977900552486
7.095177065767285,0.41277609662824555,45.74033149171271
7.095177065767285,0.40737941499855157,45.61878453038674
7.076155143338953,0.4200368308673028,44.58287292817679
6.9239797639123095,0.4010669466556687,46.251381215469614
6.9239797639123095,0.3913074592607501,47.690607734806626
6.885935919055648,0.3997503748719647,49.43093922651934
6.847892074198987,0.38029127509499777,50.7817679558011
6.809848229342327,0.36925016800669863,52.41712707182321
6.809848229342327,0.38853106341611854,52.187845303867405
6.809848229342327,0.4048370627549558,49.89226519337017
6.695716694772343,0.4010198858461839,50.34254143646409
6.619629005059021,0.3929560124571482,52.2403314917127
6.600607082630691,0.39145773142194945,54.59944751381215
6.58158516020236,0.37984930247497994,54.36740331491713
6.505497470489038,0.38036389394426134,53.425414364640886
6.505497470489038,0.3775931340213907,54.43370165745856
6.429409780775717,0.36980928836173266,54.3756906077348
6.410387858347385,0.36705281013515184,56.693370165745854
6.410387858347385,0.37186760655857515,56.39779005524861
6.391365935919055,0.36419981551057545,55.17403314917127
6.315278246205732,0.3833605601777915,54.93922651933702
6.315278246205732,0.37693594852084944,54.588397790055254
6.22016863406408,0.37516895324897703,54.58839779005525
6.20114671163575,0.3643675084660662,54.925414364640886
6.125059021922428,0.35455170265636177,54.988950276243095
6.106037099494097,0.34491002168152296,57.828729281767956
6.106037099494097,0.3376944921984414,58.466850828729285
6.0870151770657674,0.3682131831031741,57.41160220994475
6.010927487352444,0.35096251229442893,56.4060773480663
5.934839797639122,0.35627250250415265,56.54696132596685
5.896795952782462,0.3488239607461318,60.22099447513812
5.896795952782462,0.32911328153528235,61.46132596685083
5.858752107925801,0.32337286615342614,61.129834254143645
5.839730185497469,0.3238978923109215,60.425414364640886
5.7826644182124785,0.3595755717254361,56.48618784530387
5.744620573355817,0.35844032074427945,56.39502762430939
5.6495109612141645,0.34735365796631834,58.03591160220994
5.630489038785834,0.34344826755612934,61.28176795580111
5.611467116357504,0.33241985131429586,62.386740331491715
5.592445193929173,0.32551197211522637,62.248618784530386
5.5163575042158515,0.33484922928901295,61.469613259668506
5.49733558178752,0.3352090041927254,63.248618784530386
5.440269814502529,0.33471849055582886,63.511049723756905
5.402225969645868,0.3229313704035483,65.68508287292818
5.3832040472175375,0.3280349634047332,65.08839779005525
5.307116357504215,0.3326649567243269,64.9696132596685
5.288094435075885,0.331108294583867,66.51657458563535
5.2120067453625625,0.3268145852637755,68.34254143646409
5.173962900505901,0.32202182895006576,70.70441988950276
5.173962900505901,0.31574536742101106,71.70994475138122
5.135919055649241,0.3128392046007297,73.66022099447514
5.059831365935919,0.3169915500134234,74.54972375690608
5.040809443507588,0.3243809712983641,76.79005524861878
5.021787521079257,0.3249056250550168,76.60220994475138
4.983743676222596,0.3202403424108587,75.85635359116021
4.9456998313659355,0.3177832774000775,78.6657458563536
4.888634064080944,0.3107570402833771,82.58839779005525
4.869612141652613,0.30773443021510133,82.3232044198895
4.812546374367622,0.30247776309511876,83.8646408839779
4.812546374367622,0.30548222826935006,84.63259668508287
4.793524451939291,0.3075629059167482,84.21270718232044
4.736458684654299,0.3012607770951703,86.94198895027624
4.71743676222597,0.28928263002634885,87.23756906077348
4.660370994940978,0.28993576283920086,87.29005524861878
4.6413490725126465,0.28478213615704767,87.32044198895028
4.603305227655985,0.3292976208162266,85.72099447513813
4.584283305227656,0.33197455768541007,82.61602209944752
4.432107925801011,0.31964561216135456,91.54972375690608
4.413086003372681,0.3073965373109971,96.9060773480663
4.413086003372681,0.2780017505731071,102.4171270718232
4.37504215851602,0.28133513311550934,103.9696132596685
4.317976391231028,0.28635464216498596,105.98342541436465
4.2418887015177065,0.3031297580116569,105.51933701657458
4.222866779089375,0.30074061327735174,107.97237569060773
4.222866779089375,0.2826186918620464,106.80939226519337
4.146779089376054,0.3062521579010594,104.73756906077348
4.1087352445193925,0.3046328333359369,103.32596685082873
4.070691399662731,0.3004455036936953,106.3342541436464
4.03264755480607,0.2950979168617331,107.10497237569061
3.9755817875210786,0.2843477308419405,108.8342541436464
3.9565598650927485,0.2842582432339442,110.12707182320442
3.899494097807757,0.28310834447580796,109.8232044198895
3.8424283305227647,0.26753164415085245,112.38674033149171
3.8234064080944345,0.2740002876664875,113.72651933701657
3.7853625632377734,0.2706333736352582,114.03867403314918
3.7473187183811127,0.2775428011631571,112.81767955801105
3.709274873524451,0.2740781090551032,114.05524861878453
3.6331871838111294,0.2666732115323034,116.58563535911603
3.5951433389544687,0.260898923082844,119.2707182320442
3.576121416526138,0.2579505553531667,118.43093922651934
3.519055649241146,0.25439496882211043,120.18232044198895
3.4619898819561548,0.2580032849412559,121.65469613259668
3.4239460370994936,0.24465060701861194,124.72651933701657
3.366880269814502,0.2525118715568122,122.77348066298343
3.3478583473861714,0.2468401066356754,125.37016574585635
3.2717706576728496,0.24147460732662293,124.57458563535911
3.2337268128161885,0.2374232210808055,129.15193370165747
3.2147048903878583,0.2435759150750797,124.70718232044199
3.1766610455311968,0.24668070954496035,123.65469613259668
3.1386172006745356,0.2459885755168368,124.83149171270718
3.0815514333895444,0.23127738783168922,132.46408839779005
3.0435075885328837,0.2363485660528786,130.38397790055248
2.9864418212478916,0.23156709953897286,134.41712707182322
2.967419898819561,0.23512692053833048,133.5635359116022
2.91035413153457,0.22913830581679606,135.95027624309392
2.8913322091062392,0.22777260862666865,138.29005524861878
2.815244519392917,0.24842618898254212,135.09668508287294
2.7962225969645864,0.24439049955203218,136.68508287292818
2.777200674536256,0.2490169537009483,135.58839779005524
2.7201349072512646,0.2460381854021546,138.57734806629836
2.682091062394603,0.23702050089410479,142.45027624309392
2.6060033726812812,0.24927080277561883,141.46132596685084
2.6060033726812812,0.2544681226595663,141.35911602209944
2.54893760539629,0.2735896545495274,138.78729281767957
2.5108937605396284,0.2774700161251396,140.06906077348066
2.453827993254637,0.29936331312771436,135.3756906077348
2.3967622259696455,0.28467914306058567,140.98342541436463
2.358718381112985,0.3011644386411556,139.67403314917127
2.3396964586846543,0.3066662185845458,143.84806629834253
2.2445868465430014,0.33158276386983104,134.50552486187846
2.2065430016863403,0.3179561337261663,143.0303867403315
2.18752107925801,0.3146065676037515,145.9060773480663
2.1684991568296796,0.33505628928918374,141.939226519337
2.0924114671163574,0.3373078189789436,139.65745856353593
2.0543676222596963,0.3478020072093807,142.146408839779
2.016323777403035,0.3530578622303352,142.8756906077348
1.9973018549747048,0.3532809685558514,142.707182320442
1.940236087689713,0.3705929353519469,137.75690607734808
1.8831703204047217,0.3752906952975774,139.64917127071823
1.82610455311973,0.38350945280879106,141.61325966850828
1.82610455311973,0.3902613578716884,139.7596685082873
1.7119730185497468,0.3996784558764979,140.09944751381215
1.7119730185497468,0.4063562181093103,141.61878453038673
1.6929510961214165,0.4211118880004062,142.51657458563537
1.5597976391231028,0.4149556730148646,145.6961325966851
1.5217537942664419,0.4139310469211419,152.3342541436464
1.502731871838111,0.435944781695038,151.3950276243094
1.426644182124789,0.4450018169330169,152.90331491712706
1.3695784148397976,0.4398720244476543,158.9281767955801
1.3315345699831365,0.4333318100323571,162.8950276243094
1.312512647554806,0.441949784002345,166.08011049723757
1.3315345699831365,0.46933671335936344,164.59116022099448
1.312512647554806,0.466501562805876,167.7707182320442
1.2934907251264753,0.46611103243889723,167.96132596685084
1.2364249578414839,0.4578553340246568,166.2292817679558
1.2174030354131533,0.47972474436025264,165.84806629834253
1.1603372681281616,0.48324084471318307,167.8121546961326
1.1222934232715007,0.4883340560538567,165.4972375690608
1.0842495784148398,0.49235649912699053,166.64088397790056
1.0271838111298481,0.48025426712149405,169.9889502762431
1.0271838111298481,0.4840791255641495,172.58839779005524
1.0081618887015176,0.4868165969259059,170.2403314917127
0.9510961214165261,0.4938520238832116,161.8038674033149
0.913052276559865,0.4985796743737135,163.14917127071823
0.875008431703204,0.49913495062093033,160.1353591160221
0.8559865092748734,0.484721188030883,160.40331491712706
0.8179426644182124,0.45247979441271385,152.88121546961327
0.7608768971332209,0.24840155452484497,153.61325966850828
0.7608768971332209,0.2184254210160311,155.32596685082873
0.7608768971332209,0.20220733748693104,155.75414364640883
0.7608768971332209,0.19247213777630706,155.21270718232043
0.7418549747048903,0.17009379587209456,154.3977900552486
0.7418549747048903,0.14072789359489282,151.4889502762431
0.7228330522765598,0.13782922734609449,150.0027624309392
0.7228330522765598,0.12854107052689503,149.13259668508286
0.7228330522765598,0.1287065362474144,148.54696132596686
0.7228330522765598,0.1301412768020014,147.81767955801104
0.7228330522765598,0.13125272806588156,147.5303867403315
0.7228330522765598,0.13174735211754132,147.19060773480663
0.7228330522765598,0.13142395247565433,146.97237569060775
0.7228330522765598,0.1295580662609705,146.6767955801105
0.7228330522765598,0.1304890420278446,146.62983425414365
0.7228330522765598,0.1310385001488984,146.46408839779005
0.7228330522765598,0.13192388680363115,146.40055248618785
0.7228330522765598,0.13104497245231309,146.31491712707182
0.7228330522765598,0.13206252610189892,146.34806629834253
0.7228330522765598,0.1321861991740487,146.1988950276243
0.7228330522765598,0.13325333537616724,146.1988950276243
0.7228330522765598,0.1324778289712888,145.9972375690608
0.7228330522765598,0.13274637829636954,146.01657458563537
0.7228330522765598,0.13233252043404425,145.94475138121547
0.7228330522765598,0.13330389037299956,145.9254143646409
0.7228330522765598,0.13351878039801274,145.90883977900552
0.7228330522765598,0.13333851297343843,145.8756906077348
0.7228330522765598,0.13298600529134127,145.88674033149172
0.7228330522765598,0.1333514036313036,145.71546961325967
0.7228330522765598,0.1340555171415972,145.58011049723757
0.7228330522765598,0.13418185713094616,145.58563535911603
0.7228330522765598,0.13366126112479934,145.61325966850828
0.7228330522765598,0.13473972977049525,145.6988950276243
0.7228330522765598,0.13562198770433115,145.3038674033149
0.7228330522765598,0.13601906603901762,145.24861878453038
0.7228330522765598,0.13598508380808672,145.17403314917127
0.7228330522765598,0.1358023333961788,145.17127071823205
0.7228330522765598,0.13661573925785309,145.03867403314916
0.7228330522765598,0.13632373589879324,145.13812154696132
0.7228330522765598,0.13701852645434032,144.8977900552486
0.7228330522765598,0.1375212301178198,144.92265193370164
0.7228330522765598,0.13637644193165188,144.8950276243094
0.7228330522765598,0.1376070311604893,144.78453038674033
0.7228330522765598,0.13666800103774815,144.8977900552486
0.7228330522765598,0.13795729252095612,144.85082872928177
