3.8523214285714285,0.16465829071527566,1.2592592592592595
3.8523214285714285,0.08093486738773475,1.0486111111111116
3.8523214285714285,0.06932904850251763,0.8402777777777777
3.8523214285714285,0.061937577809788986,1.375
3.8523214285714285,0.05680228151866811,1.1296296296296298
3.8523214285714285,0.05425633504695254,1.0555555555555562
3.8523214285714285,0.053283249838396794,0.9976851851851851
3.8523214285714285,0.061728623879457954,1.5532407407407414
3.8523214285714285,0.05302166405067678,1.333333333333334
3.8523214285714285,0.049595982437685204,1.039351851851852
3.8523214285714285,0.11997576906868934,0.9861111111111116
3.8607142857142853,0.1265588344712885,0.8055555555555554
3.8523214285714285,0.163860544217687,0.916666666666667
3.8523214285714285,0.12352542903024322,0.8981481481481488
3.8523214285714285,0.12333272966137052,0.9583333333333339
3.8607142857142853,0.06341602891156446,1.0578703703703702
3.8523214285714285,0.09559874037999051,1.2129629629629637
3.76,0.17976679141203555,1.0740740740740744
3.76,0.179636956616756,1.1111111111111116
3.76,0.14392498044346128,1.2546296296296298
3.718035714285714,0.12736755580124515,1.3101851851851851
3.6928571428571426,0.20492808169484159,1.4652777777777777
3.625714285714285,0.20353687328296685,1.5092592592592595
3.600535714285714,0.15700992292078134,1.333333333333333
3.525,0.13435472716938235,1.7986111111111107
3.525,0.18693570333041207,2.046296296296296
3.4158928571428566,0.13217277568922325,3.016203703703704
3.4074999999999998,0.1745546247414897,3.1319444444444455
3.306785714285714,0.2066697147458018,2.9699074074074074
3.273214285714285,0.11687140508788608,4.958333333333332
3.2228571428571424,0.1450256686298463,5.085648148148149
3.1808928571428567,0.16993064007440642,5.754629629629631
3.1808928571428567,0.16865658746373202,5.75925925925926
3.11375,0.16463633476939982,6.354166666666666
3.11375,0.1637256414022717,6.4050925925925934
3.0466071428571424,0.1465804231175231,10.018518518518519
3.029821428571428,0.14754508760741164,10.82638888888889
2.9794642857142852,0.15506467427223017,13.569444444444443
2.9794642857142852,0.15490505433416085,13.590277777777779
2.895535714285714,0.160476674107143,16.381944444444443
2.861964285714285,0.16555707865460698,18.875
2.861964285714285,0.16571901082982696,18.849537037037038
2.7948214285714283,0.159735123572949,22.118055555555554
2.7948214285714283,0.1561691973089934,22.511574074074073
2.7444642857142854,0.1594732047607949,25.90277777777778
2.7108928571428565,0.15476913830482217,28.513888888888886
2.7108928571428565,0.15524466289155509,29.525462962962962
2.7024999999999997,0.16360295115058796,31.150462962962962
2.7024999999999997,0.16364852233515853,31.150462962962962
2.7024999999999997,0.16360978854494046,31.150462962962962
2.6269642857142856,0.16441183681909477,36.60185185185185
2.5766071428571427,0.1591814865358949,36.88657407407407
2.5766071428571427,0.15946979790306737,36.6875
2.5430357142857143,0.14519952613180923,40.217592592592595
2.5430357142857143,0.14510587903695094,40.217592592592595
2.492678571428571,0.16865580491666354,37.54398148148148
2.417142857142857,0.16183586891186472,39.44675925925926
2.40875,0.16151308163454878,39.43981481481481
2.3499999999999996,0.13554342998625293,42.87268518518518
2.3499999999999996,0.1355265654049344,42.87268518518518
2.257678571428571,0.15643480807827043,42.495370370370374
2.257678571428571,0.147425509345626,44.78703703703704
2.2073214285714284,0.13673150329267536,43.932870370370374
2.1653571428571428,0.13420504928850122,46.979166666666664
2.1653571428571428,0.13420586491703357,46.979166666666664
2.1653571428571428,0.1342128647323997,46.979166666666664
2.1066071428571425,0.1372869638422887,47.48148148148148
2.0478571428571426,0.13979438216274,46.49074074074074
2.0478571428571426,0.13994199420883005,46.55555555555556
1.9891071428571425,0.13344562689545053,46.46296296296296
1.9891071428571425,0.13351064705863502,46.4537037037037
1.905178571428571,0.12014602431079417,51.34953703703704
1.905178571428571,0.12013961990080538,51.363425925925924
1.8883928571428568,0.13365264543149813,47.039351851851855
1.8883928571428568,0.1336599875128749,47.032407407407405
1.7960714285714283,0.12470242940157174,51.11805555555556
1.7960714285714283,0.12455255610777909,51.155092592592595
1.720535714285714,0.10522933189453083,55.24074074074074
1.720535714285714,0.10523208629741387,55.217592592592595
1.6953571428571426,0.1231161063606849,49.10648148148148
1.6953571428571426,0.1231193889650003,49.10648148148148
1.6282142857142854,0.10525990302253965,53.99768518518518
1.6282142857142854,0.10532035902464094,53.96296296296296
1.6282142857142854,0.10534458677125066,53.942129629629626
1.535892857142857,0.1003740010657935,60.782407407407405
1.5023214285714284,0.1036968098092219,60.93055555555556
1.5023214285714284,0.10367205123503813,60.84953703703704
1.4519642857142854,0.10803146872999808,58.995370370370374
1.4435714285714283,0.10627308824938982,57.61805555555556
1.4435714285714283,0.10627540081520688,57.61805555555556
1.359642857142857,0.10502993275595289,60.06481481481481
1.3176785714285713,0.0969722534632708,63.55555555555556
1.3092857142857142,0.09804855733235975,64.80787037037037
1.2673214285714285,0.10121593679911602,66.16203703703704
1.250535714285714,0.08939818598916636,64.625
1.250535714285714,0.08940760433483719,64.57638888888889
1.1666071428571427,0.08840682231149778,68.52546296296296
1.1666071428571427,0.08840936787636355,68.52777777777777
1.11625,0.09690312460853492,64.5925925925926
1.11625,0.09693539274100249,64.58101851851852
1.074285714285714,0.09454879160068105,68.55787037037037
1.0491071428571428,0.10490493210858695,61.201388888888886
1.0491071428571428,0.10487449107375361,61.20601851851852
0.9735714285714284,0.092586950004127,71.80324074074075
0.9735714285714284,0.09256878004471969,71.85879629629629
0.948392857142857,0.09667994492049947,69.00694444444444
0.94,0.09665522629043878,68.92824074074075
0.88125,0.0908122741536141,72.31018518518519
0.88125,0.09076237559400034,72.34953703703704
0.88125,0.09076237559400034,72.34953703703704
0.8141071428571427,0.10796781546225624,66.38888888888889
0.8141071428571427,0.10788941720065441,66.33101851851852
0.7805357142857142,0.10869608376096235,67.23379629629629
0.7805357142857142,0.10877138398343753,67.23379629629629
0.7385714285714285,0.11282346157013463,70.33796296296296
0.7385714285714285,0.11342489123250593,70.19444444444444
0.7385714285714285,0.11342489123250593,70.19444444444444
0.6630357142857142,0.1228634838218281,64.15046296296296
0.6630357142857142,0.1228191545202705,64.12268518518519
0.6378571428571428,0.13798120025577743,62.25
0.6378571428571428,0.13805604525413265,62.25
0.5874999999999999,0.13984622795262314,58.738425925925924
0.5874999999999999,0.14276817495257754,59.14120370370371
0.5874999999999999,0.14268914537082059,59.076388888888886
0.5874999999999999,0.142685288722166,59.076388888888886
0.5287499999999999,0.15565638772232399,57.113425925925924
0.4951785714285714,0.15423021405388007,55.16898148148148
0.47,0.17293186229147772,51.76851851851852
0.4364285714285714,0.17965979774547433,53.03703703703704
0.42803571428571424,0.16926301314489145,48.7662037037037
0.42803571428571424,0.1693324473301478,48.7662037037037
0.42803571428571424,0.1693324473301478,48.7662037037037
0.3525,0.12698039627262217,43.34027777777778
0.31053571428571425,0.0719283326316054,41.4375
0.31053571428571425,0.07197340050919412,41.414351851851855
0.2517857142857143,0.08821154944378543,25.587962962962962
0.2517857142857143,0.08715836536227393,25.421296296296298
0.2517857142857143,0.08642539213462376,25.55324074074074
0.2517857142857143,0.08720213968994697,25.412037037037038
0.2517857142857143,0.08750882039948812,24.770833333333332
0.2517857142857143,0.08884552959054401,24.199074074074073
0.2517857142857143,0.08915290716838897,24.180555555555557
0.2517857142857143,0.09000921659173948,23.974537037037038
0.2517857142857143,0.08939809725842518,23.747685185185187
0.2517857142857143,0.08917058881978236,23.756944444444443
0.2517857142857143,0.08903500398752807,23.96759259259259
0.2517857142857143,0.08567223883299131,23.30324074074074
0.2517857142857143,0.08559031459127495,23.400462962962962
0.2517857142857143,0.08586645264380481,23.00925925925926
0.2517857142857143,0.0861263354091847,23.171296296296298
0.2517857142857143,0.08529336734693876,22.81712962962963
0.2517857142857143,0.08539638273445396,22.65972222222222
0.2517857142857143,0.08540233953168054,22.65277777777778
0.2517857142857143,0.08543365302187685,22.77777777777778
0.2517857142857143,0.0850988185708268,22.44675925925926
0.2517857142857143,0.08420167643892322,22.45601851851852
0.2517857142857143,0.08372752410033898,22.300925925925927
0.2517857142857143,0.08451693356256865,22.333333333333332
0.2517857142857143,0.08404531489567604,22.18287037037037
