6.397611940298507,0.31356744876025555,2.0213414634146343
6.408835820895522,0.4738490362632662,2.0792682926829267
6.397611940298507,0.4959306736541047,1.8170731707317076
6.397611940298507,0.25882004120810104,2.1158536585365857
6.397611940298507,0.2838908026453686,1.9695121951219514
6.397611940298507,0.2795052627680463,2.1920731707317076
6.408835820895522,0.39103069195087276,1.8323170731707314
6.408835820895522,0.3439297362269184,2.0182926829268295
6.453731343283582,0.42762477206726474,1.7317073170731705
6.386388059701493,0.41763173605655957,2.0304878048780486
6.408835820895522,0.42085370793093235,1.9054878048780486
6.487402985074627,0.3067544233718621,1.8475609756097562
6.5996417910447756,0.36307052970441805,1.8414634146341466
6.5996417910447756,0.3845158106408383,1.960365853658537
6.5996417910447756,0.3880123937275653,1.7591463414634143
6.5996417910447756,0.372316621228224,1.737804878048781
6.5996417910447756,0.35554320086192426,1.8201219512195124
6.4649552238805965,0.3634499196658968,1.4664634146341466
6.5996417910447756,0.3815961874836336,1.5975609756097562
6.610865671641791,0.4276730195177965,1.6768292682926829
6.610865671641791,0.3560567745267885,1.951219512195122
6.5996417910447756,0.3716685723294069,1.960365853658537
6.5996417910447756,0.441324759601203,1.6280487804878048
6.420059701492537,0.30812853380158084,2.0182926829268286
6.420059701492537,0.31107690334578386,2.1219512195121943
6.307820895522387,0.28920787670041365,2.5304878048780495
6.307820895522387,0.26013137799375247,2.5670731707317067
6.3302686567164175,0.2978979558728093,2.7682926829268295
6.307820895522387,0.290915743861338,2.951219512195122
6.307820895522387,0.332448493389087,3.237804878048781
6.274149253731343,0.3642554239113714,3.048780487804879
6.274149253731343,0.362868914950126,3.088414634146342
6.10579104477612,0.42028695483620804,3.1798780487804885
6.094567164179104,0.36842023647993827,3.624999999999999
6.094567164179104,0.3682988866768063,3.899390243902439
6.004776119402985,0.3497975835110161,4.024390243902438
6.004776119402985,0.34734730933445357,4.064024390243903
5.90376119402985,0.32896333220503454,5.2926829268292686
5.870089552238806,0.2828391559044159,5.579268292682927
5.870089552238806,0.3297266743207038,5.243902439024391
5.870089552238806,0.3273479010177874,5.295731707317073
5.870089552238806,0.3271638698847608,5.38109756097561
5.757850746268656,0.3432126639529623,5.515243902439024
5.7017313432835826,0.38335519110182337,5.201219512195122
5.634388059701492,0.33174888666972563,5.795731707317073
5.634388059701492,0.33191241733015847,5.795731707317073
5.589492537313433,0.3162454958933142,7.0426829268292686
5.589492537313433,0.32372674564093434,6.76829268292683
5.466029850746269,0.3230336731489815,7.213414634146342
5.466029850746269,0.31785296263779156,7.914634146341464
5.466029850746269,0.3144136412272432,7.8932926829268295
5.421134328358209,0.32257057293134966,8.865853658536585
5.365014925373134,0.3071326743417226,9.253048780487806
5.353791044776119,0.31456822421015773,9.588414634146343
5.24155223880597,0.31252670006845995,9.701219512195122
5.24155223880597,0.31379943788272846,9.713414634146341
5.230328358208955,0.32058044893251103,11.274390243902438
5.230328358208955,0.33224315658942527,11.631097560975608
5.118089552238806,0.28064801125916383,13.496951219512196
5.118089552238806,0.2831462488034889,14.682926829268292
5.118089552238806,0.28349601075984876,14.713414634146341
5.017074626865671,0.26963745469934675,16.399390243902438
5.017074626865671,0.28450810966206813,17.23780487804878
5.017074626865671,0.2882956013020814,16.963414634146343
4.938507462686567,0.30750092395167045,17.353658536585364
4.938507462686567,0.30377826067111563,17.88719512195122
4.938507462686567,0.3038809135657871,17.878048780487806
4.871164179104477,0.3104380527336556,19.402439024390247
4.803820895522388,0.31028963663875087,20.21951219512195
4.714029850746269,0.28687897493767883,22.176829268292682
4.702805970149253,0.27890119091223936,24.53353658536585
4.702805970149253,0.2794329675131064,24.506097560975608
4.691582089552239,0.2754832731482483,25.929878048780488
4.657910447761194,0.29307655995831533,25.182926829268293
4.657910447761194,0.29302574325137853,25.182926829268293
4.53444776119403,0.3221356144576534,25.00609756097561
4.523223880597015,0.33519865035523516,26.11890243902439
4.523223880597015,0.33545311037416214,26.003048780487806
4.433432835820896,0.32557843435881784,26.96341463414634
4.42220895522388,0.3010181817153609,30.256097560975608
4.42220895522388,0.3004247398210062,30.27439024390244
4.3773134328358205,0.28653528206278084,33.5
4.3773134328358205,0.28592316020455477,33.52439024390244
4.3773134328358205,0.28577597478852057,33.52439024390244
4.276298507462687,0.30351365091693744,32.920731707317074
4.231402985074626,0.30513701703238627,34.6890243902439
4.220179104477612,0.30461977552831204,34.71951219512195
4.152835820895523,0.2905583665013838,34.59756097560975
4.152835820895523,0.2913782545519052,34.61585365853659
4.152835820895523,0.29117287064389513,34.551829268292686
4.074268656716417,0.2949373876671167,35.545731707317074
3.984477611940298,0.29477331672487034,35.554878048780495
3.984477611940298,0.2956606787008276,35.51219512195122
3.9732537313432834,0.28673384534448265,37.58841463414634
3.9732537313432834,0.2957852023164062,37.332317073170735
3.9732537313432834,0.2949456823181154,37.28353658536585
3.9732537313432834,0.29488271425505236,37.3079268292683
3.7936716417910445,0.270215251155124,42.198170731707314
3.7712238805970144,0.27127014800891247,42.26219512195122
3.7712238805970144,0.2716374218959352,42.213414634146346
3.71510447761194,0.2782577462287732,40.887195121951216
3.6477611940298504,0.28443319758961816,42.21036585365854
3.6477611940298504,0.28376711013297923,42.23170731707317
3.546746268656716,0.253385464962288,47.625
3.546746268656716,0.2568492715054327,46.30487804878049
3.5355223880597015,0.2605014708449955,45.5609756097561
3.5355223880597015,0.26048547870066735,45.5609756097561
3.4232835820895517,0.2534575210819104,48.04268292682927
3.412059701492537,0.2540402598569896,48.149390243902445
3.412059701492537,0.25328024811009864,48.07317073170732
3.412059701492537,0.25328157935582046,48.07317073170732
3.277373134328358,0.2436388503155685,43.78353658536585
3.2324776119402983,0.23680510672698457,48.28353658536585
3.2324776119402983,0.23690944758187488,48.140243902439025
3.2324776119402983,0.23690944758187488,48.140243902439025
3.1202388059701494,0.23858919647302188,44.76219512195122
3.1202388059701494,0.23859662726018308,44.77439024390244
3.1202388059701494,0.23862132070057981,44.832317073170735
3.1202388059701494,0.23862132070057981,44.832317073170735
2.996776119402985,0.21107131136683085,52.167682926829265
2.98555223880597,0.21490604535380664,51.52743902439025
2.98555223880597,0.2147698336664395,51.4969512195122
2.98555223880597,0.2147698336664395,51.4969512195122
2.8059701492537314,0.2205869941529065,53.25
2.8059701492537314,0.2205869941529065,53.25
2.8059701492537314,0.2205869941529065,53.25
2.8059701492537314,0.2205869941529065,53.25
2.716179104477612,0.2000568570758773,62.84451219512195
2.682507462686567,0.21219778448923202,61.15243902439025
2.682507462686567,0.21234696460049132,61.04268292682927
2.682507462686567,0.21238236752744216,61.04268292682927
2.559044776119403,0.18302383189981009,68.64634146341463
2.559044776119403,0.18276989216157766,68.72256097560975
2.559044776119403,0.18273268570174145,68.71341463414635
2.559044776119403,0.18273268570174145,68.71341463414635
2.401910447761194,0.1962163134839079,68.64329268292683
2.3570149253731345,0.17690695643614518,70.27743902439025
2.3570149253731345,0.17696413784388618,70.17682926829268
2.3570149253731345,0.17696413784388618,70.17682926829268
2.267223880597015,0.19423561980451412,70.6859756097561
2.222328358208955,0.18918037566111587,72.23475609756098
2.222328358208955,0.18914019930805215,72.2560975609756
2.222328358208955,0.1891558019106471,72.2469512195122
2.098865671641791,0.18117148596403557,75.77134146341463
2.0539701492537312,0.18195681508849598,77.76524390243902
2.0539701492537312,0.18196910518186463,77.7439024390244
2.0539701492537312,0.1819743028678613,77.7439024390244
1.941731343283582,0.16820780079349215,80.71646341463415
1.9080597014925373,0.16874877981638134,83.26219512195122
1.9080597014925373,0.1686808964788128,83.3109756097561
1.9080597014925373,0.1686694872986736,83.23170731707317
1.773373134328358,0.1567115079541146,83.24085365853658
1.7397014925373133,0.15169052218206142,85.4969512195122
1.7284776119402985,0.1512979515077635,85.84451219512195
1.7284776119402985,0.15126449571504175,85.8079268292683
1.7284776119402985,0.15126449571504175,85.8079268292683
1.5825671641791044,0.14738239714986406,84.49085365853658
1.5825671641791044,0.14737248811772194,84.52134146341463
1.5825671641791044,0.14732293976486419,84.52743902439025
1.5825671641791044,0.14732293976486419,84.52743902439025
1.492776119402985,0.14301402257054172,85.9329268292683
1.4254328358208956,0.1396843326750471,87.58231707317073
1.4254328358208956,0.1395534410254838,87.63414634146342
1.4254328358208956,0.13946999638101462,87.6798780487805
1.3131940298507463,0.13332433348032444,96.95121951219512
1.2682985074626865,0.13960484694114564,90.46036585365853
1.2682985074626865,0.1397444491600011,90.33231707317073
1.2682985074626865,0.13975826299144622,90.3048780487805
1.1560597014925373,0.1324293506201989,92.16158536585365
1.1448358208955223,0.13671286251269715,89.51219512195122
1.1111641791044775,0.1459253011829316,83.08536585365853
1.1111641791044775,0.14596692455914256,83.0701219512195
0.9989253731343284,0.1412105601152569,84.14939024390245
0.9764776119402985,0.14279822475894505,85.54573170731707
0.9764776119402985,0.14279822475894505,85.54573170731707
0.9764776119402985,0.14279822475894505,85.54573170731707
0.9764776119402985,0.14279822475894505,85.54573170731707
0.886686567164179,0.14440727526633926,86.78658536585365
0.8642388059701492,0.15993660906335375,82.3201219512195
0.8642388059701492,0.15990782978319654,82.32926829268293
0.8642388059701492,0.1599091953338661,82.32926829268293
0.763223880597015,0.17702318384785207,81.54573170731707
0.740776119402985,0.19097098695555106,79.40853658536585
0.740776119402985,0.19109994711086917,79.34146341463415
0.740776119402985,0.19109994711086917,79.34146341463415
0.6509850746268657,0.1822689605962135,82.84146341463415
0.6285373134328358,0.19999811992629116,79.0701219512195
0.6173134328358209,0.20257157815020063,77.92682926829268
0.6173134328358209,0.2025424153968727,77.92073170731707
0.5499701492537313,0.22053870575558843,78.03353658536585
0.5275223880597015,0.22439489575934599,76.89939024390245
0.5275223880597015,0.22442185334621803,77.0030487804878
0.5275223880597015,0.22428671723094204,76.98780487804878
0.5275223880597015,0.22428671723094204,76.98780487804878
0.43773134328358204,0.2216325920758443,79.07926829268293
0.42650746268656714,0.18000316997518967,80.0579268292683
0.42650746268656714,0.17867460817929448,80.01219512195122
0.42650746268656714,0.17847950113968214,80.0030487804878
0.3703880597014925,0.13025483215911401,75.29573170731707
0.3591641791044776,0.12040453229697468,75.59146341463415
0.3591641791044776,0.12021386113651981,75.70121951219512
0.3591641791044776,0.1202412388770308,75.70121951219512
0.34794029850746266,0.10778684477942749,76.40243902439025
0.34794029850746266,0.10716681252953594,76.72560975609755
0.34794029850746266,0.10603050820871708,77.11585365853658
0.34794029850746266,0.1052826705279564,76.9420731707317
0.34794029850746266,0.10511205005453444,77.22560975609755
0.34794029850746266,0.1041033447539212,77.10060975609755
0.34794029850746266,0.10378016781182121,76.98170731707317
0.34794029850746266,0.10375685002093149,76.85670731707317
0.34794029850746266,0.10361233997213982,77.21951219512195
0.34794029850746266,0.10243490610299574,77.26829268292683
0.34794029850746266,0.1020134335325556,77.54878048780488
0.34794029850746266,0.10179941620799655,77.4298780487805
0.34794029850746266,0.1017800690401284,77.41463414634147
0.34794029850746266,0.10151145610350328,77.54573170731707
0.34794029850746266,0.100942552391725,77.58536585365853
0.34794029850746266,0.10097170456790355,77.52743902439025
0.34794029850746266,0.10097170456790355,77.52743902439025
0.34794029850746266,0.10052665228928984,77.67378048780488
0.34794029850746266,0.09986695604623853,77.52743902439025
0.34794029850746266,0.09960252474815208,77.5640243902439
0.34794029850746266,0.09934319654446339,77.54573170731707
0.34794029850746266,0.09864577507633165,77.85060975609755
0.34794029850746266,0.09861572907022577,78.00914634146342
0.34794029850746266,0.09855518798450019,77.95731707317073
0.34794029850746266,0.09848983167368515,77.90548780487805
0.34794029850746266,0.09848983167368515,77.90548780487805
0.34794029850746266,0.09868327661959446,78.0670731707317
0.34794029850746266,0.09834181486595885,77.97560975609755
0.34794029850746266,0.09795424141102049,78.03963414634147
