5.863050847457627,0.1116647216819483,0.7736389684813751
5.7674576271186435,0.130776261602361,2.1805157593123212
5.7674576271186435,0.13202092487968195,2.3610315186246416
5.671864406779661,0.1554737833523036,2.521489971346705
5.64,0.15854340028346747,3.1461318051575926
5.6081355932203385,0.16766816222320835,3.948424068767908
5.576271186440678,0.19748235486776317,5.083094555873926
5.512542372881356,0.171596035757664,6.404011461318051
5.512542372881356,0.17566094146308994,6.392550143266476
5.464745762711864,0.1549966613556244,8.229226361031518
5.4488135593220335,0.2296184776296331,7.905444126074499
5.305423728813559,0.21464278078196558,9.997134670487107
5.2894915254237285,0.1665035684170802,13.813753581661892
5.2894915254237285,0.18483073331532623,13.340974212034386
5.2894915254237285,0.18376309171717867,13.35816618911175
5.225762711864407,0.20434818322649778,15.659025787965614
5.1301694915254235,0.23119885825637437,15.836676217765042
5.066440677966101,0.198650652274059,19.959885386819483
5.01864406779661,0.20088875629509334,21.444126074498566
5.01864406779661,0.20073804708175974,21.435530085959886
5.00271186440678,0.2084375855428604,22.312320916905446
4.970847457627118,0.21380120508041137,24.83381088825215
4.875254237288136,0.2554496724122788,24.077363896848137
4.875254237288136,0.2568020736720798,24.160458452722064
4.811525423728813,0.23766694462189616,29.630372492836678
4.795593220338983,0.20709151918167815,35.616045845272204
4.71593220338983,0.23265456234182832,34.627507163323784
4.71593220338983,0.22669045868482787,37.72492836676218
4.668135593220339,0.21565453707173957,41.03438395415473
4.652203389830508,0.23799859911976726,41.09169054441261
4.652203389830508,0.23798195385020052,41.08595988538682
4.588474576271186,0.2579991016263907,41.315186246418335
4.4928813559322025,0.24725386260591342,45.34957020057307
4.4928813559322025,0.2501744169790831,46.81375358166189
4.4928813559322025,0.25340094314463346,46.95988538681949
4.429152542372881,0.2348439156900083,54.58452722063037
4.317627118644068,0.2648410035384136,53.220630372492835
4.317627118644068,0.262720650553459,58.421203438395416
4.301694915254237,0.23178012148191843,67.8080229226361
4.301694915254237,0.2421768233509304,66.27220630372493
4.222033898305084,0.23679494692016706,70.40401146131805
4.222033898305084,0.23671328899865587,70.40401146131805
4.222033898305084,0.22549210311030474,75.30372492836676
4.206101694915254,0.2419583575806676,75.08022922636103
4.062711864406779,0.2716271239456483,64.84813753581662
4.030847457627119,0.249957934355492,79.11747851002865
4.030847457627119,0.23406807854654388,82.55300859598854
3.951186440677966,0.246590158319204,75.4727793696275
3.951186440677966,0.2465020734665759,75.48137535816619
3.935254237288136,0.2475230750591423,84.48710601719198
3.9193220338983044,0.24695270564465543,86.19484240687679
3.9033898305084738,0.26734434459955664,81.89111747851003
3.807796610169491,0.2632512955320992,80.23495702005731
3.76,0.24347364793404253,95.08595988538681
3.76,0.23902111231084192,97.35243553008596
3.696271186440678,0.254839733228764,91.2836676217765
3.6644067796610167,0.23078901441506092,105.34670487106017
3.6644067796610167,0.23082611819775364,105.34383954154728
3.648474576271186,0.23324753291684963,107.59025787965616
3.648474576271186,0.26022654782987803,97.86532951289398
3.536949152542373,0.2403442367228378,107.0487106017192
3.536949152542373,0.2401327811973339,109.31518624641834
3.45728813559322,0.26226318114070013,100.13467048710602
3.45728813559322,0.2622639655659885,100.14040114613181
3.377627118644068,0.21844778375266755,118.75071633237822
3.361694915254237,0.2065911728655458,121.36389684813754
3.361694915254237,0.24236730691932923,110.16332378223495
3.266101694915254,0.22065795176121297,117.85100286532952
3.234237288135593,0.22601033224497383,115.0945558739255
3.234237288135593,0.2260537321328386,115.0945558739255
3.13864406779661,0.21421318295179118,126.92836676217766
3.106779661016949,0.20866255848194498,137.91977077363896
3.106779661016949,0.2085338750586051,137.91977077363896
3.0908474576271185,0.20326127223410467,133.189111747851
3.027118644067796,0.19736773538619204,138.97134670487105
2.9952542372881354,0.21384066942057628,139.16905444126076
2.9315254237288135,0.2185503884758265,132.64469914040114
2.9315254237288135,0.21846335406910908,132.65042979942695
2.8996610169491523,0.18820578116481573,161.0974212034384
2.8359322033898304,0.19424830683176048,141.47277936962752
2.788135593220339,0.2011812162552505,149.46704871060172
2.756271186440678,0.18174067432516283,165.73352435530086
2.756271186440678,0.18173812760496966,165.73065902578796
2.6925423728813556,0.18237098998479717,158.19770773638967
2.6447457627118642,0.1809414295901938,175.17478510028653
2.6447457627118642,0.1809187429234758,175.20057306590257
2.6288135593220336,0.18283809836633594,184.40974212034385
2.581016949152542,0.16902900498945875,190.69340974212034
2.5650847457627117,0.16226163168598093,191.40687679083095
2.5650847457627117,0.16227347436471387,191.40114613180515
2.51728813559322,0.16606536256810547,182.68767908309457
2.4694915254237286,0.1713285776088928,177.20343839541547
2.4694915254237286,0.1713251189273047,177.20916905444125
2.421694915254237,0.17125944611045976,184.44699140401147
2.3738983050847455,0.1642401850130338,188.20057306590257
2.357966101694915,0.15819315498896772,195.41260744985672
2.357966101694915,0.15819873471046036,195.40974212034385
2.294237288135593,0.16949893187162443,177.61318051575932
2.230508474576271,0.15392214359014944,203.04011461318052
2.230508474576271,0.15364537826008223,202.36676217765043
2.2145762711864405,0.14418371601593044,211.0458452722063
2.18271186440678,0.1527647118583019,198.32091690544414
2.118983050847458,0.1590917705056753,191.61318051575932
2.118983050847458,0.15908138783810305,191.61318051575932
2.0552542372881355,0.14738007118775218,213.78796561604585
2.0552542372881355,0.1473775021416447,213.78223495702005
1.9915254237288136,0.14595637143801168,213.06303724928367
1.975593220338983,0.1506227373358421,212.34097421203438
1.9118644067796609,0.14835436297148946,205.19770773638967
1.8640677966101695,0.14626767047205733,212.79942693409743
1.8640677966101695,0.14625803474198337,212.79942693409743
1.8640677966101695,0.14624978787245566,212.79083094555875
1.8003389830508474,0.14165553433312758,213.31805157593124
1.7206779661016949,0.14057496435010822,217.88538681948424
1.688813559322034,0.14801413391671558,219.30659025787966
1.688813559322034,0.14801649447626328,219.30085959885386
1.6250847457627118,0.1469109948206095,211.01146131805157
1.5772881355932202,0.14408415255785947,223.68194842406876
1.5772881355932202,0.14407340039635894,223.68481375358166
1.513559322033898,0.14712957951513633,217.13180515759313
1.513559322033898,0.1471388960489122,217.13180515759313
1.4498305084745762,0.14955407821592354,221.0974212034384
1.4020338983050846,0.14220134512330737,217.88538681948424
1.4020338983050846,0.14219359069088996,217.89111747851004
1.354237288135593,0.14814384449617893,217.55873925501433
1.3223728813559321,0.15488250828320635,217.25214899713467
1.3223728813559321,0.1549029398343948,217.21776504297995
1.2267796610169492,0.14618547369682827,221.03724928366762
1.2267796610169492,0.14617383257155275,221.03724928366762
1.163050847457627,0.15776244703181014,214.0859598853868
1.163050847457627,0.15771139914487725,214.0859598853868
1.1152542372881356,0.15994283188832364,212.07449856733524
1.035593220338983,0.15810087931326003,222.26074498567334
1.0196610169491525,0.16620282846450432,215.3323782234957
1.0196610169491525,0.1662249962256496,215.31232091690543
1.0196610169491525,0.16625728011997326,215.26361031518624
0.9240677966101695,0.16277091403533417,216.04011461318052
0.9240677966101695,0.16277052920654841,216.03724928366762
0.8762711864406779,0.18233166568016188,198.07736389684814
0.7966101694915253,0.18136335028712428,203.17191977077363
0.7647457627118645,0.18981978739106942,195.6704871060172
0.6850847457627117,0.18763419169787288,205.92550143266476
0.6850847457627117,0.18756541169175586,205.97994269340975
0.6850847457627117,0.18758780910557488,205.94269340974213
0.6691525423728814,0.1949583264879559,206.01146131805157
0.6691525423728814,0.1948732094551619,206.00859598853867
0.5576271186440678,0.24070294451157542,189.8595988538682
0.5257627118644067,0.24995060954126727,187.22922636103152
0.5257627118644067,0.24992027196537525,187.25501432664757
0.5257627118644067,0.2249801545846981,187.53581661891118
0.5257627118644067,0.22498984865965846,187.48997134670486
0.49389830508474575,0.19999556723552106,189.97707736389685
0.49389830508474575,0.19996745277388425,189.98853868194843
0.49389830508474575,0.1935757096265903,189.80229226361033
0.49389830508474575,0.11954235110067779,189.65042979942695
0.49389830508474575,0.11091968825449182,189.7163323782235
0.49389830508474575,0.10637047080979274,189.82521489971347
0.49389830508474575,0.1051656681440266,189.68767908309457
0.49389830508474575,0.10237938973002562,189.6246418338109
0.49389830508474575,0.10082876767566358,189.31232091690546
0.49389830508474575,0.09947956610244671,189.45845272206304
0.49389830508474575,0.09802142738023424,189.3323782234957
0.49389830508474575,0.09887099177807225,189.10028653295132
0.49389830508474575,0.09779006922322551,189.0601719197708
0.49389830508474575,0.09747974917677489,189.21203438395418
0.49389830508474575,0.09755358376095516,189.09455587392551
0.49389830508474575,0.09755358376095516,189.09455587392551
0.49389830508474575,0.09635052740879414,189.0114613180516
0.49389830508474575,0.09638011899300267,189.16905444126076
0.49389830508474575,0.09541805525076566,189.09742120343842
0.49389830508474575,0.09544279847205459,189.16618911174785
0.49389830508474575,0.09493553914374159,188.99140401146133
0.49389830508474575,0.09567740171287457,189.0
0.49389830508474575,0.09478536444828572,188.89111747851004
0.49389830508474575,0.09494729057212191,188.87679083094557
0.49389830508474575,0.09410944484598514,188.97994269340975
0.49389830508474575,0.09407867199923228,188.97134670487108
0.49389830508474575,0.09346634605574457,189.1117478510029
0.49389830508474575,0.09277713295835582,189.16905444126076
0.49389830508474575,0.09258716114593467,189.08022922636104
0.49389830508474575,0.09314684081586944,189.0573065902579
0.49389830508474575,0.09322937105036289,188.98567335243555
0.49389830508474575,0.09293938637186101,188.97421203438395
