16.237953488372092,0.16043375293364676,4.300000000000001
16.237953488372092,0.13825053491175143,4.533333333333333
16.237953488372092,0.13354101712241068,4.241666666666667
16.237953488372092,0.14471700238189122,4.125
14.978790697674418,0.2808402936277843,3.758333333333333
14.978790697674418,0.2799691298157285,3.7333333333333325
16.237953488372092,0.1367053093665805,4.675000000000001
16.237953488372092,0.14655359911406393,4.433333333333334
16.211720930232556,0.23431367284701252,4.049999999999999
16.211720930232556,0.24536729083190684,5.25
16.211720930232556,0.2383089006793269,4.025
16.211720930232556,0.2390431104093396,4.166666666666666
16.05432558139535,0.35110887949260167,3.375000000000001
15.818232558139533,0.15729385382059946,4.283333333333333
15.818232558139533,0.15337004154671102,5.758333333333333
15.818232558139533,0.15045522643818868,5.824999999999999
15.818232558139533,0.4583625574105109,4.425000000000001
15.503441860465115,0.44811425497884017,5.3916666666666675
15.503441860465115,0.3970996073693732,5.383333333333333
15.503441860465115,0.36925335967196504,5.6
15.477209302325582,0.3344857685843289,7.299999999999999
15.503441860465115,0.3637385211687542,6.925000000000001
15.503441860465115,0.3679470912007005,7.208333333333334
15.31981395348837,0.6441264892286727,7.533333333333333
15.109953488372094,0.5334002918479755,7.666666666666666
15.109953488372094,0.5355505015315454,7.666666666666666
15.05748837209302,0.6380933335557702,9.225000000000001
15.05748837209302,0.6346480135658908,9.108333333333334
15.05748837209302,0.5555973531097493,10.133333333333333
14.952558139534883,0.5072327441860469,10.791666666666666
14.952558139534883,0.456261223728393,11.774999999999999
14.952558139534883,0.4547330044632353,11.774999999999999
14.873860465116277,0.4690557568138958,12.683333333333334
14.873860465116277,0.4742542014548315,12.683333333333334
14.873860465116277,0.4786058851447554,13.283333333333331
14.795162790697674,0.46710014238253256,13.908333333333331
14.795162790697674,0.46710014238253256,13.908333333333331
14.847627906976742,0.4465476168547101,14.916666666666668
14.847627906976742,0.4650415703430803,14.916666666666668
14.768930232558139,0.4936375142966052,12.716666666666667
14.61153488372093,0.5088102889836321,12.733333333333333
14.61153488372093,0.5072228998334921,12.733333333333333
14.454139534883721,0.731473210526424,10.899999999999999
14.454139534883721,0.731473210526424,10.899999999999999
14.427906976744186,0.6080646923605111,12.808333333333334
14.427906976744186,0.5168900575505077,13.625
14.322976744186045,0.41819376796446306,14.383333333333333
14.322976744186045,0.41819376796446306,14.383333333333333
14.322976744186045,0.4841309671309232,15.491666666666667
14.322976744186045,0.4841309671309232,15.491666666666667
14.322976744186045,0.4841309671309232,15.491666666666667
14.086883720930231,0.4514454751673651,16.266666666666666
14.086883720930231,0.4388321845004187,17.10833333333333
14.008186046511627,0.4450915889765395,18.208333333333336
14.008186046511627,0.4450915889765395,18.208333333333336
13.981953488372092,0.3240365783221805,21.158333333333335
13.981953488372092,0.3240365783221805,21.158333333333335
13.981953488372092,0.3240365783221805,21.158333333333335
13.955720930232557,0.4690861717244196,19.483333333333334
13.929488372093022,0.480076821007055,18.925
13.719627906976744,0.471878606642305,20.408333333333335
13.719627906976744,0.471878606642305,20.408333333333335
13.719627906976744,0.471878606642305,20.408333333333335
13.693395348837209,0.3452230358139844,21.825
13.693395348837209,0.3452230358139844,21.825
13.483534883720928,0.4444927005636988,23.391666666666666
13.483534883720928,0.45392832824980794,23.858333333333334
13.483534883720928,0.5045403802981088,21.883333333333333
13.483534883720928,0.5048126133581066,21.883333333333333
13.483534883720928,0.5055614347807611,21.883333333333333
13.483534883720928,0.5040637919354523,21.883333333333333
13.326139534883719,0.48781561100417065,23.466666666666665
13.326139534883719,0.48781561100417065,23.466666666666665
13.194976744186045,0.4659432137925153,25.716666666666665
13.090046511627907,0.47146434801304327,26.975
13.090046511627907,0.4715575147273129,27.083333333333336
13.011348837209301,0.4797235105483982,28.45833333333333
13.011348837209301,0.4796568226173058,28.383333333333333
13.011348837209301,0.4796568226173058,28.383333333333333
12.906418604651163,0.3801286314569286,39.075
12.906418604651163,0.3801286314569286,39.075
12.906418604651163,0.3801286314569286,39.075
12.880186046511627,0.4155751703077279,38.9
12.880186046511627,0.44379662360543587,37.483333333333334
12.775255813953487,0.43969831358473876,37.425
12.775255813953487,0.4400806754089606,37.425
12.775255813953487,0.4397261813800472,37.425
12.775255813953487,0.4397261813800472,37.425
12.565395348837209,0.4549944314085242,39.775000000000006
12.565395348837209,0.4549944314085242,39.775000000000006
12.565395348837209,0.4549944314085242,39.775000000000006
12.381767441860465,0.37698613359488886,44.766666666666666
12.381767441860465,0.3733895488339271,46.416666666666664
12.381767441860465,0.37368760401109485,46.38333333333333
12.35553488372093,0.3798310924369748,48.36666666666667
12.35553488372093,0.3796001877798637,48.36666666666667
12.35553488372093,0.3794494727719194,48.36666666666667
12.09320930232558,0.5002512379776587,42.38333333333333
12.09320930232558,0.5004243442574199,42.38333333333333
12.09320930232558,0.5004243442574199,42.38333333333333
11.962046511627905,0.43041445759667324,50.25
11.962046511627905,0.43032788195662947,50.25833333333333
11.93581395348837,0.3724916365525772,56.208333333333336
11.93581395348837,0.4286460711341841,54.63333333333333
11.93581395348837,0.42854434378343975,54.650000000000006
11.93581395348837,0.42854434378343975,54.650000000000006
11.93581395348837,0.42854434378343975,54.650000000000006
11.647255813953487,0.42651120152077804,56.65833333333333
11.647255813953487,0.42651120152077804,56.65833333333333
11.647255813953487,0.42651120152077804,56.65833333333333
11.647255813953487,0.4338441119897241,60.49166666666666
11.621023255813952,0.4367423577815353,58.666666666666664
11.621023255813952,0.4367423577815353,58.666666666666664
11.411162790697674,0.40863312446855915,60.90833333333333
11.411162790697674,0.40860832655218715,60.90833333333333
11.411162790697674,0.40860832655218715,60.90833333333333
11.411162790697674,0.40860832655218715,60.90833333333333
11.384930232558139,0.41381539275968826,61.73333333333334
11.384930232558139,0.41381539275968826,61.73333333333334
11.384930232558139,0.41381539275968826,61.73333333333334
11.384930232558139,0.4141248200509803,61.73333333333334
11.148837209302325,0.4292155441084565,60.2
11.12260465116279,0.38922487682513585,60.97500000000001
11.12260465116279,0.3895970338093761,60.97500000000001
11.12260465116279,0.3875377612443826,56.04166666666667
11.12260465116279,0.3875377612443826,56.04166666666667
11.12260465116279,0.3875377612443826,56.04166666666667
10.886511627906975,0.43643072764738916,54.75
10.886511627906975,0.43630278742441747,54.75
10.886511627906975,0.43630278742441747,54.75
10.886511627906975,0.43630278742441747,54.75
10.702883720930231,0.40690874727547666,60.79166666666667
10.702883720930231,0.4063454080730995,60.925
10.597953488372092,0.38376538838770635,68.41666666666667
10.597953488372092,0.38376538838770635,68.41666666666667
10.597953488372092,0.3973997159302644,72.06666666666666
10.597953488372092,0.3970523716260913,72.10000000000001
10.597953488372092,0.3970523716260913,72.10000000000001
10.597953488372092,0.3970523716260913,72.10000000000001
10.335627906976743,0.4189148883774282,74.975
10.335627906976743,0.4189148883774282,74.975
10.335627906976743,0.4189148883774282,74.975
10.335627906976743,0.4189148883774282,74.975
10.204465116279069,0.4167748692477223,73.26666666666667
10.178232558139534,0.4570081442090718,68.75833333333333
10.178232558139534,0.4565679631901811,68.75833333333333
9.94213953488372,0.4014001183222623,74.61666666666666
9.94213953488372,0.4012570642660664,74.70833333333333
9.94213953488372,0.4012233219595209,74.725
9.94213953488372,0.4012233219595209,74.725
9.915906976744186,0.40817611804399095,78.375
9.915906976744186,0.41480971424462115,76.83333333333334
9.915906976744186,0.41480971424462115,76.83333333333334
9.915906976744186,0.41480971424462115,76.83333333333334
9.915906976744186,0.41480971424462115,76.83333333333334
9.653581395348835,0.4134820536563115,74.625
9.627348837209302,0.41155340324746975,76.70833333333333
9.627348837209302,0.41142343003935367,76.68333333333334
9.627348837209302,0.41157645549905036,76.68333333333334
9.443720930232558,0.4252145785993168,74.09166666666667
9.443720930232558,0.4252145785993168,74.09166666666667
9.443720930232558,0.4252145785993168,74.09166666666667
9.443720930232558,0.4252145785993168,74.09166666666667
9.260093023255815,0.39773042805753367,86.65833333333333
9.260093023255815,0.39778116801524965,86.65833333333333
9.260093023255815,0.39778116801524965,86.65833333333333
9.260093023255815,0.39778116801524965,86.65833333333333
9.102697674418605,0.3871710740804899,87.94166666666666
9.102697674418605,0.4428594955112055,87.48333333333333
9.102697674418605,0.4429761489662177,87.39166666666667
9.102697674418605,0.44271735816381375,87.39166666666667
8.892837209302325,0.37650092041906735,99.5
8.892837209302325,0.37664043258476226,99.5
8.892837209302325,0.37664043258476226,99.5
8.892837209302325,0.37664043258476226,99.5
8.86660465116279,0.3248639073261377,109.20833333333333
8.86660465116279,0.3248639073261377,109.20833333333333
8.86660465116279,0.3248639073261377,109.20833333333333
8.86660465116279,0.3248639073261377,109.20833333333333
8.86660465116279,0.3248639073261377,109.20833333333333
8.60427906976744,0.441519838277174,94.775
8.473116279069767,0.4153251081625763,94.90833333333333
8.473116279069767,0.41570008809881037,94.94166666666666
8.473116279069767,0.41570008809881037,94.94166666666666
8.473116279069767,0.38813115401772813,99.90833333333333
8.473116279069767,0.38847297747142917,99.85833333333333
8.473116279069767,0.388853400058876,99.75833333333334
8.473116279069767,0.388853400058876,99.75833333333334
8.289488372093022,0.40013270431308695,103.43333333333334
8.289488372093022,0.3999639742852594,103.43333333333334
8.289488372093022,0.3999639742852594,103.43333333333334
8.289488372093022,0.3999639742852594,103.43333333333334
8.289488372093022,0.3999639742852594,103.43333333333334
8.105860465116278,0.3473170428956478,109.425
8.105860465116278,0.3473170428956478,109.425
8.079627906976743,0.36182738803980335,105.20833333333333
8.079627906976743,0.3621195155447184,105.09166666666667
8.079627906976743,0.3621195155447184,105.09166666666667
7.843534883720929,0.38173714843091067,109.40833333333333
7.843534883720929,0.38143062505593495,109.33333333333333
7.843534883720929,0.38143062505593495,109.33333333333333
7.843534883720929,0.38143062505593495,109.33333333333333
7.738604651162791,0.37946024023004055,108.175
7.738604651162791,0.37917864840001386,108.125
7.738604651162791,0.37929934164925927,108.125
7.738604651162791,0.37929934164925927,108.125
7.738604651162791,0.37929934164925927,108.125
7.554976744186047,0.41748883901420125,104.35
7.554976744186047,0.4173449469935573,104.35
7.450046511627907,0.37642792089207133,107.18333333333334
7.450046511627907,0.37642792089207133,107.18333333333334
7.450046511627907,0.37642792089207133,107.18333333333334
7.318883720930232,0.3853832534392542,107.46666666666667
7.318883720930232,0.3830143390446303,108.35833333333333
7.318883720930232,0.3830143390446303,108.35833333333333
7.318883720930232,0.3830143390446303,108.35833333333333
7.1614883720930225,0.3511925233500891,113.49166666666666
7.1614883720930225,0.3505789138794773,113.36666666666666
7.1614883720930225,0.3505789138794773,113.36666666666666
7.1614883720930225,0.3505789138794773,113.36666666666666
7.1614883720930225,0.3505789138794773,113.36666666666666
6.9778604651162786,0.3863278622221479,108.63333333333334
6.9778604651162786,0.3863121771176931,108.63333333333334
6.925395348837209,0.36047041242236,111.20833333333333
6.925395348837209,0.36066437076606755,111.10833333333333
6.925395348837209,0.36066437076606755,111.10833333333333
6.820465116279069,0.3548371546289599,122.43333333333334
6.820465116279069,0.3548002290358537,122.43333333333334
6.820465116279069,0.3548002290358537,122.43333333333334
6.820465116279069,0.3548002290358537,122.43333333333334
6.6630697674418595,0.3616251314803363,118.45833333333333
6.636837209302326,0.3595602067183464,118.375
6.636837209302326,0.35945090439276506,118.375
6.636837209302326,0.35954935400516824,118.375
6.636837209302326,0.35945090439276506,118.375
6.636837209302326,0.35945090439276506,118.375
6.400744186046511,0.3730643296142613,113.69166666666666
6.400744186046511,0.3730643296142613,113.69166666666666
6.374511627906977,0.365541834758638,119.54166666666667
6.374511627906977,0.36555331414419723,119.54166666666667
6.374511627906977,0.3655464118583272,119.54166666666667
6.269581395348837,0.354453318003856,122.925
6.269581395348837,0.35445973635039396,122.925
6.269581395348837,0.35445973635039396,122.925
6.269581395348837,0.35445973635039396,122.925
6.269581395348837,0.35445973635039396,122.925
6.059720930232557,0.413703786188733,112.45
6.059720930232557,0.4137208448049644,112.44166666666666
6.059720930232557,0.4137208448049644,112.44166666666666
6.059720930232557,0.4137208448049644,112.44166666666666
6.059720930232557,0.4137208448049644,112.44166666666666
6.059720930232557,0.4136696689562729,112.44166666666666
5.876093023255813,0.3537740121299417,124.57499999999999
5.876093023255813,0.3537740121299417,124.57499999999999
5.771162790697674,0.411493891580701,114.71666666666667
5.771162790697674,0.41183845699375266,114.45833333333333
5.771162790697674,0.41183845699375266,114.45833333333333
5.58753488372093,0.3765427563329125,124.55833333333334
5.58753488372093,0.3764864494156369,124.69166666666666
5.58753488372093,0.3764864494156369,124.69166666666666
5.58753488372093,0.3764864494156369,124.69166666666666
5.58753488372093,0.3764864494156369,124.69166666666666
5.482604651162791,0.4294633089048792,121.56666666666666
5.482604651162791,0.42962131618463534,122.13333333333334
5.482604651162791,0.42962131618463534,122.13333333333334
5.482604651162791,0.42962131618463534,122.13333333333334
5.482604651162791,0.42962131618463534,122.13333333333334
5.482604651162791,0.42962131618463534,122.13333333333334
5.194046511627906,0.32997981089838474,134.79166666666666
5.194046511627906,0.329941410764554,134.8
5.194046511627906,0.3733102433670982,135.29166666666666
5.194046511627906,0.37322199858864125,135.29166666666666
5.194046511627906,0.3730418100540272,135.29166666666666
4.984186046511628,0.4521374586113879,114.94166666666666
4.984186046511628,0.45215591830842716,114.94166666666666
4.984186046511628,0.45215591830842716,114.94166666666666
4.984186046511628,0.45215591830842716,114.94166666666666
4.984186046511628,0.4522112973995472,114.94166666666666
4.931720930232558,0.42889535172830356,118.55
4.931720930232558,0.4287449853283311,118.55833333333334
4.931720930232558,0.4289179058250485,118.475
4.931720930232558,0.4289179058250485,118.475
4.931720930232558,0.4289179058250485,118.475
4.931720930232558,0.4289179058250485,118.475
4.616930232558139,0.44159889490855364,116.625
4.616930232558139,0.44143857214880056,116.625
4.590697674418604,0.42929608124168833,123.51666666666668
4.590697674418604,0.4289986590998358,123.61666666666667
4.590697674418604,0.4289986590998358,123.61666666666667
4.45953488372093,0.46873345172049824,113.81666666666666
4.45953488372093,0.468305741334386,113.93333333333334
4.45953488372093,0.46802894503571923,114.08333333333333
4.45953488372093,0.46802894503571923,114.08333333333333
4.45953488372093,0.46812894837972063,114.05
4.328372093023256,0.43829237924865827,114.85
4.328372093023256,0.43818313683715426,114.75833333333334
4.328372093023256,0.43805033676155364,114.75833333333334
4.328372093023256,0.43805033676155364,114.75833333333334
4.328372093023256,0.43805033676155364,114.75833333333334
4.328372093023256,0.43805033676155364,114.75833333333334
4.144744186046511,0.4443413366162434,116.91666666666667
4.144744186046511,0.4443413366162434,116.91666666666667
4.118511627906977,0.47423335432961966,106.14166666666667
4.118511627906977,0.47423523589834804,106.14166666666667
4.118511627906977,0.47423523589834804,106.14166666666667
3.9086511627906972,0.4822900429340813,105.13333333333334
3.9086511627906972,0.4837962228531307,104.94166666666666
3.9086511627906972,0.48315829710090663,105.025
3.9086511627906972,0.48315829710090663,105.025
3.9086511627906972,0.48315829710090663,105.025
3.6987906976744185,0.48831051952638005,97.525
3.6987906976744185,0.4877401766745298,97.375
3.6987906976744185,0.48746961220499385,97.375
3.6987906976744185,0.4884895535213197,97.55833333333334
3.6987906976744185,0.4884895535213197,97.55833333333334
3.6987906976744185,0.4884895535213197,97.55833333333334
3.515162790697674,0.4786127224757903,108.95
3.515162790697674,0.47902099985423335,108.9
3.4889302325581393,0.5106845448097858,93.13333333333334
3.4889302325581393,0.5102614151492377,93.16666666666667
3.4889302325581393,0.5102614151492377,93.16666666666667
3.4889302325581393,0.5102614151492377,93.16666666666667
3.3315348837209298,0.5592696018315958,90.61666666666666
3.3315348837209298,0.5592696018315958,90.61666666666666
3.3315348837209298,0.5592696018315958,90.61666666666666
3.3315348837209298,0.5592696018315958,90.61666666666666
3.1741395348837207,0.5528313329451552,85.86666666666666
3.1741395348837207,0.552960560622135,85.825
3.1741395348837207,0.553115633834511,85.775
3.1741395348837207,0.553115633834511,85.775
3.1741395348837207,0.553115633834511,85.775
3.1741395348837207,0.553115633834511,85.775
3.1741395348837207,0.553115633834511,85.775
2.964279069767442,0.5831203845457852,84.15833333333333
2.964279069767442,0.5830715671892208,84.15833333333333
2.8068837209302324,0.6152329712074114,82.275
2.8068837209302324,0.6147475933664458,82.275
2.8068837209302324,0.6147475933664458,82.275
2.7806511627906976,0.630037294841568,82.31666666666666
2.7806511627906976,0.630310312774642,82.26666666666667
2.7806511627906976,0.6302447582289813,82.26666666666667
2.7806511627906976,0.6302447582289813,82.26666666666667
2.5707906976744184,0.6601027840853854,79.49166666666666
2.492093023255814,0.6640296340584201,78.25
2.492093023255814,0.6638050973499185,78.25
2.492093023255814,0.6638050973499185,78.25
2.492093023255814,0.6638050973499185,78.25
2.492093023255814,0.6638050973499185,78.25
2.492093023255814,0.6638050973499185,78.25
2.2822325581395346,0.6644023408519533,85.9
2.2822325581395346,0.6645937616689948,85.9
2.256,0.6693509830154603,83.85833333333333
2.256,0.6695444034752357,83.88333333333334
2.256,0.6693092960136138,83.95
2.0986046511627907,0.6913316214658402,86.21666666666667
2.0986046511627907,0.6915899003649092,86.13333333333334
2.0986046511627907,0.6915506249183154,86.13333333333334
2.0986046511627907,0.6915082112584221,86.13333333333334
2.0986046511627907,0.6915329167451386,86.13333333333334
1.9149767441860464,0.7503590718306615,77.70833333333333
1.9149767441860464,0.7506632855029929,77.61666666666666
1.9149767441860464,0.7506632855029929,77.61666666666666
1.9149767441860464,0.7506632855029929,77.61666666666666
1.9149767441860464,0.7499571753019902,77.9
1.9149767441860464,0.7499571753019902,77.9
1.6264186046511626,0.7839417567731045,75.58333333333333
1.6264186046511626,0.7840402314074271,75.58333333333333
1.6264186046511626,0.7840402314074271,75.58333333333333
1.6264186046511626,0.7420339468886221,77.29166666666667
1.6264186046511626,0.7420339468886221,77.29166666666667
1.6264186046511626,0.7420339468886221,77.29166666666667
1.4690232558139533,0.7791076844531079,72.21666666666667
1.4690232558139533,0.7782534610221438,72.35833333333333
1.4690232558139533,0.7782534610221438,72.35833333333333
1.4690232558139533,0.7782534610221438,72.35833333333333
1.4690232558139533,0.7782534610221438,72.35833333333333
1.2066976744186044,0.7509055318159539,72.33333333333333
1.2066976744186044,0.7512770764119601,72.31666666666666
1.2066976744186044,0.7512770764119601,72.31666666666666
1.2066976744186044,0.7512770764119601,72.31666666666666
1.2066976744186044,0.7512770764119601,72.31666666666666
1.2329302325581395,0.7026683662540466,74.425
1.2329302325581395,0.7028090050405469,74.425
1.2329302325581395,0.534142870107771,75.19166666666666
1.2329302325581395,0.534142870107771,75.19166666666666
1.2329302325581395,0.5333793533749289,75.19166666666666
1.2329302325581395,0.5301349584315544,75.54166666666667
1.2329302325581395,0.5299584264373266,75.50833333333334
1.2329302325581395,0.5299584264373266,75.50833333333334
1.2329302325581395,0.5299584264373266,75.50833333333334
1.2329302325581395,0.5301781538753997,75.64166666666667
1.2329302325581395,0.5248331941656155,75.68333333333334
1.2329302325581395,0.525299232060689,75.68333333333334
1.2329302325581395,0.525299232060689,75.68333333333334
1.2329302325581395,0.525299232060689,75.68333333333334
1.2329302325581395,0.525299232060689,75.68333333333334
1.2329302325581395,0.525299232060689,75.68333333333334
1.2329302325581395,0.5273701254804911,75.53333333333333
