12.68929955290611,0.11010025796051072,26.929347826086957
12.610849478390463,0.1359679244004887,28.434782608695652
12.610849478390463,0.19166691656505183,31.016304347826082
12.59123695976155,0.21953394720094888,33.44565217391305
12.59123695976155,0.2199132084719623,33.45108695652174
12.532399403874813,0.21531164161766514,37.309782608695656
12.532399403874813,0.2131953063177219,40.56521739130435
12.532399403874813,0.27880603894653544,42.233695652173914
12.532399403874813,0.4666848252228524,42.369565217391305
12.532399403874813,0.47350256830439846,41.82608695652174
12.532399403874813,0.5133575474833864,40.163043478260875
12.277436661698959,0.5649963760160708,38.21195652173913
12.179374068554397,0.5800647328827088,42.809782608695656
12.179374068554397,0.5919187933931841,44.63586956521739
12.179374068554397,0.5683304502436174,48.494565217391305
12.179374068554397,0.5636063366887664,50.44565217391305
12.179374068554397,0.5609318396767148,50.619565217391305
12.179374068554397,0.5260732413582733,51.005434782608695
11.92441132637854,0.496340336197649,54.608695652173914
11.92441132637854,0.4685988575436735,58.461956521739125
11.904798807749627,0.5171155174400002,63.065217391304344
11.904798807749627,0.518128164856609,63.10326086956522
11.904798807749627,0.5109529181592001,66.52717391304347
11.904798807749627,0.4651607438212404,67.92391304347827
11.904798807749627,0.5241048210888894,67.27717391304347
11.904798807749627,0.5255984910544858,65.46739130434783
11.904798807749627,0.5296050728181878,64.40217391304347
11.904798807749627,0.5533557840208289,62.6195652173913
11.610611028315946,0.6451890952398261,61.80434782608696
11.610611028315946,0.6428114326705642,62.97282608695652
11.610611028315946,0.624387798511307,67.04891304347825
11.610611028315946,0.6244204193719843,67.06521739130434
11.590998509687035,0.6368432127841342,68.66304347826087
11.590998509687035,0.6293090393888492,69.03804347826087
11.590998509687035,0.5766894804086847,67.65760869565219
11.512548435171386,0.6185323100860637,66.625
11.512548435171386,0.6186771082297439,66.58152173913044
11.35564828614009,0.5727805449163926,74.74456521739131
11.35564828614009,0.5653218502108871,75.6304347826087
11.336035767511179,0.5664913441346494,75.97282608695653
11.336035767511179,0.5830365118007541,77.45652173913044
11.336035767511179,0.6185951084232598,77.16847826086956
11.336035767511179,0.6187915835206752,77.13586956521739
11.336035767511179,0.622592915925814,72.05434782608695
11.139910581222058,0.6135327554155904,72.20652173913044
11.100685543964232,0.6286715570452307,75.48913043478261
11.081073025335321,0.6373812649986802,77.1086956521739
11.081073025335321,0.637490931940483,77.1413043478261
11.081073025335321,0.6373422132421195,77.1195652173913
11.081073025335321,0.6640974709801893,76.17391304347827
11.061460506706409,0.7148060457412785,73.65217391304348
10.806497764530551,0.707190383456607,77.52717391304348
10.806497764530551,0.6652544130576373,81.80978260869566
10.806497764530551,0.6626155039149837,83.23369565217392
10.806497764530551,0.6624717930845867,83.32065217391305
10.806497764530551,0.6674213844172895,85.93478260869566
10.806497764530551,0.6371717859374461,83.86956521739131
10.61037257824143,0.580882592199547,88.42934782608697
10.61037257824143,0.5643437720605534,93.47826086956522
10.51230998509687,0.6336738181752559,93.89130434782608
10.51230998509687,0.6327018690189149,94.0
10.51230998509687,0.6257193555323229,100.0
10.51230998509687,0.6257593456080629,100.39130434782608
10.51230998509687,0.6140135857705311,98.88043478260869
10.492697466467959,0.6141048315336416,98.80434782608695
10.276959761549925,0.6304076630353186,95.2336956521739
10.276959761549925,0.6306036590677443,95.20108695652173
10.237734724292102,0.6065408879505846,105.51086956521739
10.237734724292102,0.6156613300601428,108.82065217391305
10.237734724292102,0.6149521445578595,108.91304347826087
10.198509687034278,0.6194535873539576,110.65760869565217
10.198509687034278,0.5796976295325315,111.27717391304348
10.198509687034278,0.5790356211894709,111.22282608695652
10.159284649776454,0.5955870318008322,107.8586956521739
10.159284649776454,0.6045761633046736,105.17391304347827
10.159284649776454,0.6044059583800627,105.22282608695652
9.982771982116244,0.6237136423978606,109.51086956521739
9.904321907600597,0.6197675738041688,111.30434782608695
9.904321907600597,0.6161689844233337,112.04347826086956
9.884709388971684,0.5907959676451521,115.96739130434783
9.884709388971684,0.5901823983048239,115.94565217391305
9.884709388971684,0.5741093192161137,112.8804347826087
9.884709388971684,0.6216342878433038,108.17934782608695
9.727809239940386,0.6233232274984936,107.97282608695652
9.708196721311475,0.6052064709048417,112.65217391304348
9.708196721311475,0.6050395729026242,112.69021739130434
9.688584202682563,0.5987052197049099,113.72282608695652
9.688584202682563,0.6164798419064541,110.8804347826087
9.688584202682563,0.6159063231032087,110.90217391304348
9.688584202682563,0.655281730069005,107.05978260869566
9.472846497764532,0.6439963692548802,109.2554347826087
9.472846497764532,0.6399070408818957,109.5163043478261
9.472846497764532,0.6397840465645518,109.58695652173913
9.472846497764532,0.6151859767128639,111.7445652173913
9.453233979135618,0.6043026682578096,111.6195652173913
9.453233979135618,0.6044070609090557,111.6304347826087
9.414008941877794,0.6358082052871593,108.6413043478261
9.276721311475411,0.5970404775904515,108.76086956521739
9.276721311475411,0.5968080959446926,108.95108695652173
9.276721311475411,0.5959947860952965,108.95652173913044
9.257108792846498,0.5521205620993427,110.8695652173913
9.257108792846498,0.5572530294886519,109.42391304347827
9.257108792846498,0.5574696260295271,109.42391304347827
9.178658718330851,0.5551388146873886,109.80434782608695
9.178658718330851,0.5636932383281115,110.17391304347827
9.178658718330851,0.5637935435498851,110.13586956521739
9.178658718330851,0.5635954682645311,110.125
9.08059612518629,0.573416219267286,111.15760869565217
9.08059612518629,0.575316760126774,112.93478260869566
9.08059612518629,0.5739518523895879,112.92391304347827
9.08059612518629,0.568802140155972,113.03804347826087
9.08059612518629,0.5556532039531733,113.34782608695652
9.08059612518629,0.556203846386457,113.43478260869566
9.08059612518629,0.555162665691086,113.41847826086956
9.060983606557377,0.560695325090086,112.79891304347827
9.060983606557377,0.571895758552731,112.3913043478261
9.060983606557377,0.5718438247634915,112.40217391304348
9.060983606557377,0.5868015040122211,109.9836956521739
8.845245901639345,0.5601482298909599,116.8586956521739
8.845245901639345,0.5605788179789479,116.93478260869566
8.845245901639345,0.5603576848609737,116.8695652173913
8.845245901639345,0.48961399290960556,127.2608695652174
8.825633383010432,0.5116895684616597,127.9836956521739
8.825633383010432,0.5126879236014851,127.95652173913044
8.825633383010432,0.5029029437106743,121.78260869565217
8.825633383010432,0.5026027005302657,121.77173913043478
8.825633383010432,0.4796212145281185,115.21739130434783
8.825633383010432,0.4794407774511997,115.21739130434783
8.688345752608047,0.5393697014970026,109.08695652173913
8.688345752608047,0.5393599190792587,109.07608695652173
8.590283159463487,0.5447688619292331,112.56521739130434
8.590283159463487,0.54465876072142,112.58152173913044
8.570670640834576,0.5589483320816708,110.94565217391305
8.472608047690015,0.5166598125261281,113.3913043478261
8.472608047690015,0.5158503224096026,113.2554347826087
8.472608047690015,0.5158503224096026,113.2554347826087
8.394157973174366,0.5276625762305428,109.42934782608695
8.394157973174366,0.5308315547953327,109.19565217391305
8.394157973174366,0.5311061682405384,109.22826086956522
8.217645305514159,0.5415594883121936,108.54347826086956
8.217645305514159,0.5417697554156035,108.54347826086956
8.217645305514159,0.47968519923663594,117.79891304347827
8.217645305514159,0.4796305823105159,117.7554347826087
8.217645305514159,0.4800891479405379,117.72826086956522
8.198032786885245,0.4975855549354099,118.18478260869566
8.198032786885245,0.4925815089173112,112.7336956521739
8.198032786885245,0.4925306278215486,112.65217391304348
8.060745156482861,0.4513955109426832,112.65760869565217
8.060745156482861,0.4517355229963731,112.65760869565217
8.060745156482861,0.46704188230625093,111.64673913043478
8.060745156482861,0.467378262447935,111.48913043478261
7.9626825633383005,0.4764569742669829,111.18478260869566
7.9626825633383005,0.47664195128198583,111.18478260869566
7.94307004470939,0.479332083468832,110.1304347826087
7.94307004470939,0.479577346580449,110.1304347826087
7.84500745156483,0.4984019208262367,102.40760869565217
7.84500745156483,0.4982921348882451,102.39673913043478
7.7273323397913565,0.4677829148091193,109.45108695652173
7.7273323397913565,0.46674211309698777,109.58152173913044
7.7273323397913565,0.46677485938966307,109.58152173913044
7.688107302533533,0.45160277435569485,111.76086956521739
7.688107302533533,0.4591328356940966,110.28260869565217
7.688107302533533,0.45907468140314933,110.28260869565217
7.57043219076006,0.4453822130565829,107.44021739130434
7.57043219076006,0.4453822130565829,107.44021739130434
7.491982116244412,0.4360257443374764,113.30978260869566
7.491982116244412,0.4359517603475933,113.54891304347827
7.491982116244412,0.4359255061953235,113.54891304347827
7.491982116244412,0.43583097804829923,113.60326086956522
7.472369597615499,0.4258394757040374,116.7663043478261
7.413532041728764,0.4187148002092861,112.92391304347827
7.413532041728764,0.41881467250377563,112.92391304347827
7.413532041728764,0.41854786550201944,112.97826086956522
7.295856929955291,0.44179062242812,109.84239130434783
7.295856929955291,0.4417872996835893,109.84239130434783
7.2762444113263784,0.42907503767659877,116.57608695652173
7.2762444113263784,0.42886902735040255,116.57608695652173
7.2762444113263784,0.42886902735040255,116.57608695652173
7.217406855439643,0.41436469676367993,115.97826086956522
7.217406855439643,0.41466733690140156,116.0054347826087
7.158569299552906,0.4141108890738478,114.33695652173913
7.158569299552906,0.41385803893514966,114.42391304347827
7.138956780923994,0.4017615876740483,113.85326086956522
7.138956780923994,0.4019562622722278,113.84782608695652
7.021281669150522,0.4187744080823149,112.80978260869566
7.021281669150522,0.4182576744188848,112.91304347826087
7.021281669150522,0.41810584575131066,112.82608695652173
6.883994038748137,0.38756479973167685,119.75
6.883994038748137,0.3874984332104138,119.75
6.864381520119225,0.3720327861813229,124.03260869565219
6.864381520119225,0.3720348023950063,124.08152173913044
6.844769001490313,0.36934770006403045,120.46739130434783
6.844769001490313,0.36925023645620425,120.44021739130434
6.785931445603577,0.4043458111138297,113.27717391304348
6.668256333830104,0.4059071104538747,114.57608695652173
6.668256333830104,0.4061449851775175,114.57608695652173
6.668256333830104,0.4061449851775175,114.57608695652173
6.589806259314456,0.352228359485939,128.8804347826087
6.570193740685544,0.35094216183021715,129.29347826086956
6.570193740685544,0.3513715894737507,129.29347826086956
6.570193740685544,0.3514983750336115,129.29347826086956
6.550581222056632,0.37516069373966277,120.71739130434783
6.550581222056632,0.37516069373966277,120.71739130434783
6.393681073025335,0.37384552998923637,121.43478260869566
6.393681073025335,0.3736418235812119,121.46739130434783
6.393681073025335,0.3736418235812119,121.46739130434783
6.256393442622951,0.3644980672587327,120.94021739130434
6.256393442622951,0.3645688966743483,120.94021739130434
6.256393442622951,0.3626799823399889,122.58695652173913
6.256393442622951,0.3626799823399889,122.58695652173913
6.158330849478391,0.3335166304443863,130.5163043478261
6.158330849478391,0.33326769859458993,130.5163043478261
6.158330849478391,0.3188748297618283,133.3423913043478
6.158330849478391,0.31843955594313783,133.41304347826087
6.158330849478391,0.3184759098610128,133.41304347826087
6.158330849478391,0.31851226377888675,133.41304347826087
6.001430700447094,0.3497809629847285,125.27717391304347
5.981818181818182,0.3379469773127836,126.27173913043478
5.981818181818182,0.3379469773127836,126.27173913043478
5.981818181818182,0.33791401875310517,126.27173913043478
5.883755588673622,0.2895835827993133,139.94565217391303
5.883755588673622,0.28953557515435063,139.94565217391303
5.86414307004471,0.29396038522511586,136.875
5.86414307004471,0.29396038522511586,136.875
5.86414307004471,0.29388490833704134,136.875
5.6680178837555895,0.3363564721835593,131.45108695652175
5.6680178837555895,0.3363000393608368,131.4673913043478
5.6680178837555895,0.3078325882788528,136.47282608695653
5.6680178837555895,0.3077466312270522,136.3695652173913
5.550342771982116,0.29868322092650584,127.3913043478261
5.550342771982116,0.29868322092650584,127.3913043478261
5.4522801788375554,0.2941150256277226,129.7826086956522
5.4522801788375554,0.29421000161444816,129.7826086956522
5.4522801788375554,0.2942900558314006,129.7826086956522
5.354217585692996,0.29240453176185033,135.68478260869566
5.354217585692996,0.29239543563910425,135.70652173913044
5.334605067064083,0.2792616247733551,140.7554347826087
5.334605067064083,0.2792667865526642,140.7554347826087
5.275767511177348,0.2927367537807969,130.96195652173913
5.275767511177348,0.2927367537807969,130.96195652173913
5.1973174366617,0.2682626825247099,142.95108695652175
5.1973174366617,0.26823552111368637,142.97282608695653
5.1973174366617,0.26823552111368637,142.97282608695653
5.1973174366617,0.26823552111368637,142.97282608695653
5.1384798807749625,0.2588400619711729,143.09782608695653
5.099254843517139,0.2826942648820244,134.58152173913044
5.099254843517139,0.2826839169260226,134.55978260869566
5.099254843517139,0.2826839169260226,134.55978260869566
5.001192250372578,0.29620730330564604,128.0923913043478
5.001192250372578,0.29624993770005714,128.0923913043478
4.92274217585693,0.23648750024413126,150.0
4.92274217585693,0.23648750024413126,150.0
4.92274217585693,0.23648750024413126,150.0
4.863904619970193,0.2529702701772226,140.18478260869566
4.863904619970193,0.2529702701772226,140.18478260869566
4.82467958271237,0.26563298383178274,133.3695652173913
4.82467958271237,0.2656412879890214,133.35326086956522
4.746229508196722,0.2462901697106043,142.0923913043478
4.746229508196722,0.2456865076920055,142.07065217391303
4.667779433681073,0.24770860340350379,138.6358695652174
4.667779433681073,0.24770022850225387,138.6358695652174
4.667779433681073,0.24770022850225387,138.6358695652174
4.667779433681073,0.24770022850225387,138.6358695652174
4.5501043219076,0.22372491072157108,150.05978260869566
4.471654247391952,0.23652403167227584,144.52173913043478
4.471654247391952,0.23644628698335488,144.55978260869566
4.471654247391952,0.23644628698335488,144.55978260869566
4.393204172876304,0.22129898965667566,151.7554347826087
4.393204172876304,0.22129898965667566,151.7554347826087
4.334366616989568,0.22520857360916435,152.0923913043478
4.334366616989568,0.22513543792469734,152.0923913043478
4.334366616989568,0.22513543792469734,152.0923913043478
4.216691505216096,0.2087125924620199,151.60326086956522
4.216691505216096,0.2086520846206975,151.60326086956522
4.157853949329359,0.228933368382111,143.19021739130434
4.157853949329359,0.228933368382111,143.19021739130434
4.059791356184799,0.19983507149804208,160.6413043478261
4.059791356184799,0.19983507149804208,160.6413043478261
4.020566318926975,0.2105010012930191,152.47282608695653
4.020566318926975,0.21057108687444692,152.47282608695653
4.020566318926975,0.21057108687444692,152.47282608695653
3.902891207153502,0.1842199250676763,172.77717391304347
3.902891207153502,0.1842659032904202,172.77717391304347
3.8636661698956782,0.20227199835113951,154.9673913043478
3.8636661698956782,0.20227199835113951,154.9673913043478
3.745991058122206,0.18825189033465625,164.1141304347826
3.745991058122206,0.18823819087834226,164.1141304347826
3.6871535022354696,0.2061347707693383,151.06521739130434
3.6871535022354696,0.20617288011990195,151.06521739130434
3.6871535022354696,0.2060971006141708,151.06521739130434
3.6871535022354696,0.2060971006141708,151.06521739130434
3.569478390461997,0.1968650416779691,164.90217391304347
3.510640834575261,0.19285607340036767,162.3641304347826
3.510640834575261,0.1929178924068489,162.3641304347826
3.510640834575261,0.19290391299001253,162.3641304347826
3.4321907600596124,0.19285513689779052,161.0
3.4321907600596124,0.1928622858924363,160.91304347826087
3.3733532041728767,0.18316625530849967,161.55434782608697
3.3733532041728767,0.18313540258501768,161.5326086956522
3.3733532041728767,0.18313540258501768,161.5326086956522
3.2556780923994038,0.19112777818328192,153.4945652173913
3.2556780923994038,0.19110502823600642,153.4945652173913
3.2164530551415798,0.176549797034097,155.4891304347826
3.2164530551415798,0.17650665990042194,155.4891304347826
3.1380029806259313,0.185000017036634,155.39673913043478
3.1380029806259313,0.1850084857493729,155.39673913043478
3.0791654247391955,0.17533285660604844,160.7608695652174
3.0791654247391955,0.17533285660604844,160.7608695652174
3.0791654247391955,0.17493150927077197,160.90217391304347
3.0791654247391955,0.17493150927077197,160.90217391304347
2.9614903129657226,0.18326454812498658,158.1195652173913
2.922265275707899,0.18466029714280932,155.79891304347825
2.922265275707899,0.1846744470734117,155.77717391304347
2.922265275707899,0.1846744470734117,155.77717391304347
2.8438152011922506,0.2181619984600301,133.2663043478261
2.8438152011922506,0.21813242062611332,133.2663043478261
2.765365126676602,0.19209956713054344,144.78804347826087
2.765365126676602,0.19209956713054344,144.78804347826087
2.765365126676602,0.19209956713054344,144.78804347826087
2.6476900149031297,0.22115863264046937,130.52173913043478
2.6476900149031297,0.22130781851553247,130.52173913043478
2.5888524590163935,0.22547835468812524,124.95108695652175
2.5888524590163935,0.22547835468812524,124.95108695652175
2.4907898658718333,0.24846469658603773,119.43478260869566
2.4907898658718333,0.2484764157544617,119.43478260869566
2.392727272727273,0.3060974595362701,104.75
2.392727272727273,0.30582028390932403,104.83695652173913
2.392727272727273,0.3057484251783556,104.86413043478261
2.392727272727273,0.3057484251783556,104.86413043478261
2.2750521609538,0.30618470996644015,100.54891304347827
2.2554396423248884,0.3210956962781673,98.54347826086956
2.2554396423248884,0.3210956962781673,98.54347826086956
2.2554396423248884,0.3210956962781673,98.54347826086956
2.196602086438152,0.3704682662193162,84.03260869565217
2.196602086438152,0.37068366868128794,84.03260869565217
2.0789269746646797,0.36490254471361677,87.5163043478261
2.0789269746646797,0.36493555423556373,87.5054347826087
2.0789269746646797,0.36493555423556373,87.5054347826087
2.0397019374068552,0.3684316225621544,92.80978260869566
2.0397019374068552,0.3684316225621544,92.80978260869566
1.9808643815201192,0.38384098567175096,86.59782608695652
1.9808643815201192,0.3839773652149091,86.59782608695652
1.882801788375559,0.39545538944433134,88.77717391304348
1.882801788375559,0.39544405380819786,88.77717391304348
1.8239642324888228,0.3968783221151676,99.66847826086956
1.8239642324888228,0.39647816290059246,99.71195652173913
1.8239642324888228,0.39647816290059246,99.71195652173913
1.8239642324888228,0.39647816290059246,99.71195652173913
1.7455141579731743,0.4723332853078357,73.8586956521739
1.667064083457526,0.47661550499628025,79.71195652173913
1.667064083457526,0.4766123068408062,79.65760869565217
1.667064083457526,0.476479161329037,79.65760869565217
1.6082265275707899,0.47015273786065265,79.0
1.6082265275707899,0.47015273786065265,79.0
1.5297764530551416,0.4774446134282874,88.03260869565217
1.5297764530551416,0.4774445674841208,88.04891304347827
1.5297764530551416,0.47713208014079495,88.01086956521739
1.5297764530551416,0.4772270514271855,88.01086956521739
1.1571385991058123,0.5203422291966151,77.20108695652173
1.117913561847988,0.5263850449041771,78.46195652173913
1.117913561847988,0.5263850449041771,78.46195652173913
1.3336512667660207,0.5474852224058017,80.28804347826087
1.3336512667660207,0.5481091422103856,80.28804347826087
1.2944262295081967,0.56796304852129,78.36413043478261
1.2944262295081967,0.5679171343088095,78.3695652173913
1.2944262295081967,0.5679666323184586,78.3695652173913
0.7845007451564828,0.5888878413811521,90.6304347826087
0.7845007451564828,0.5889413705237602,90.6304347826087
0.7452757078986587,0.5971247573791041,87.05434782608695
0.7452757078986587,0.5970425927906527,87.07608695652173
0.7452757078986587,0.5970897381439966,87.07608695652173
0.6668256333830104,0.6102287045275536,90.06521739130434
0.6668256333830104,0.6102287045275536,90.06521739130434
0.56876304023845,0.6113822187146203,89.73913043478261
0.56876304023845,0.6112740439504892,89.67391304347827
0.49031296572280186,0.1636403419199858,86.76086956521739
0.49031296572280186,0.1635782243939672,86.75
0.47070044709388975,0.12209456949401758,93.21195652173913
0.47070044709388975,0.1220413808828003,93.18478260869566
0.9021758569299554,0.12490616986859378,84.92391304347827
0.9021758569299554,0.12488099668447326,84.92391304347827
0.8629508196721313,0.13382159781231476,79.19021739130434
0.8629508196721313,0.13382793936700127,79.21195652173913
0.7845007451564828,0.3164587845176525,74.05978260869566
0.7845007451564828,0.2557820731809309,74.18478260869566
0.7648882265275708,0.20467262649443693,75.46195652173913
0.7648882265275708,0.20511859200752341,75.45652173913044
0.6864381520119225,0.10772245536878128,81.625
0.6864381520119225,0.10757064300748001,81.6195652173913
0.6668256333830104,0.10046607139521996,84.86413043478261
0.6668256333830104,0.09945741809756635,86.30978260869566
0.6668256333830104,0.09885926210953105,86.53260869565217
